numXbins 4
numYbins 4
xbin  ybin  z
0  0  7.14834884740412235e-01
0  1  -1.04324661428108811e-01
0  2  6.93971227155998349e-02
0  3  -2.95710873033385724e-02
1  0  4.39223409048281610e-02
1  1  3.73919694568030536e-01
1  2  3.24790446320548654e-01
1  3  -5.00275088706985116e-02
2  0  -6.85115556989330798e-02
2  1  3.33670455787796527e-01
2  2  4.50069395068567246e-01
2  3  -1.79999461397528648e-03
3  0  -3.50047968095168471e-03
3  1  3.34261015523225069e-02
3  2  -3.18192074773833156e-02
3  3  6.57593655516393483e-01
