numXbins 4
numYbins 4
xbin  ybin  z
0  0  9.42199867291324012e-08
0  1  4.86437660506526591e-07
0  2  4.99802639589934419e-07
0  3  3.47756682257647060e-07
1  0  4.86437660506526803e-07
1  1  2.77446418684566771e-06
1  2  2.88960707367657431e-06
1  3  2.44229024443830024e-06
2  0  4.99802639589935161e-07
2  1  2.88960707367657389e-06
2  2  3.01473848259360848e-06
2  3  2.60507562946129822e-06
3  0  3.47756682257647431e-07
3  1  2.44229024443830151e-06
3  2  2.60507562946129865e-06
3  3  2.87414988491712391e-06
