numXbins 4
numYbins 4
xbin  ybin  z
0  0  1.15442860416008620e-04
0  1  -2.95896819492698955e-05
0  2  -6.18572894790038382e-05
0  3  8.90409540133948004e-05
1  0  -2.95896819492698955e-05
1  1  7.58426527811099689e-06
1  2  1.58549217797606423e-05
1  3  -2.28224898466788302e-05
2  0  -6.18572894790038382e-05
2  1  1.58549217797606423e-05
2  2  3.31447457893955445e-05
2  3  -4.77104608119139386e-05
3  0  8.90409540133948140e-05
3  1  -2.28224898466788302e-05
3  2  -4.77104608119139454e-05
3  3  6.86771920155580015e-05
