numXbins 4
numYbins 4
xbin  ybin  z
0  0  1.04522743551855181e-05
0  1  1.20542691162645412e-05
0  2  -1.10986791325743292e-05
0  3  -5.28531279433406385e-05
1  0  1.20542691162645514e-05
1  1  1.39017977322076208e-05
1  2  -1.27997467874297998e-05
1  3  -6.09537987824931501e-05
2  0  -1.10986791325743360e-05
2  1  -1.27997467874297896e-05
2  2  1.17850598158791411e-05
2  3  5.61217480772513289e-05
3  0  -5.28531279433406317e-05
3  1  -6.09537987824931366e-05
3  2  5.61217480772513154e-05
3  3  2.67257922866258042e-04
