numXbins 4
numYbins 4
xbin  ybin  z
0  0  1.27613023740669814e-03
0  1  -5.52587827357198797e-05
0  2  -1.94017864704478887e-04
0  3  9.12712682510983804e-04
1  0  -5.52587827357198797e-05
1  1  -1.10171069485157005e-03
1  2  -1.14767630955898655e-03
1  3  4.16553144504008376e-04
2  0  -1.94017864704477505e-04
2  1  -1.14767630955898655e-03
2  2  -1.18100066793091650e-03
2  3  3.38779112750111646e-04
3  0  9.12712682510984454e-04
3  1  4.16553144504009027e-04
3  2  3.38779112750112025e-04
3  3  4.64397159843962304e-04
