numXbins 4
numYbins 4
xbin  ybin  z
0  0  1.89972198608883635e-05
0  1  8.97173924718047791e-06
0  2  5.32953369443641933e-06
0  3  -2.74458930664359513e-07
1  0  8.97173924718047791e-06
1  1  3.12874754330268171e-05
1  2  3.24584659397938888e-05
1  3  1.13383791119474155e-05
2  0  5.32953369443642018e-06
2  1  3.24584659397938820e-05
2  2  3.48504013382024854e-05
2  3  1.28548879514285948e-05
3  0  -2.74458930664359142e-07
3  1  1.13383791119474172e-05
3  2  1.28548879514285982e-05
3  3  7.52707036459237330e-06
