numXbins 4
numYbins 4
xbin  ybin  z
0  0  1.42185864115212247e-05
0  1  2.61102698156093784e-06
0  2  2.27749208059713120e-07
0  3  -8.28090341063149051e-08
1  0  2.61102698156093741e-06
1  1  4.84569755313702955e-07
1  2  4.33487914967804257e-08
1  3  -7.00331930219131802e-08
2  0  2.27749208059712432e-07
2  1  4.33487914967805515e-08
2  2  4.10519627573051908e-09
2  3  -1.77506911398943390e-08
3  0  -8.28090341063149580e-08
3  1  -7.00331930219132067e-08
3  2  -1.77506911398944383e-08
3  3  5.90533808415045751e-07
