numXbins 4
numYbins 4
xbin  ybin  z
0  0  1.12342902576032644e-05
0  1  2.18498688842759066e-05
0  2  -4.83929755647812173e-06
0  3  -1.05148173884703427e-05
1  0  2.18498688842759100e-05
1  1  4.24963891187462453e-05
1  2  -9.41207808205600239e-06
1  3  -2.04505470316373908e-05
2  0  -4.83929755647810056e-06
2  1  -9.41207808205602950e-06
2  2  2.08458214120693844e-06
2  3  4.52937648289795172e-06
3  0  -1.05148173884703427e-05
3  1  -2.04505470316373806e-05
3  2  4.52937648289795341e-06
3  3  9.84142141405427987e-06
