numXbins 4
numYbins 4
xbin  ybin  z
0  0  4.96466887986379780e-06
0  1  2.73064272134152159e-06
0  2  1.59797181249031203e-06
0  3  -8.97213563666443861e-07
1  0  2.73064272134152159e-06
1  1  1.50627639567029180e-06
1  2  8.81680448553054680e-07
1  3  -5.03446083622156715e-07
2  0  1.59797181249031203e-06
2  1  8.81680448553054362e-07
2  2  5.16090671072738911e-07
2  3  -2.95088885600307770e-07
3  0  -8.97213563666443861e-07
3  1  -5.03446083622156609e-07
3  2  -2.95088885600307770e-07
3  3  1.84807157218464920e-07
