numXbins 4
numYbins 4
xbin  ybin  z
0  0  2.44225322321681436e-08
0  1  2.03283243260502643e-08
0  2  5.24381849921785330e-09
0  3  -1.69905499733927151e-07
1  0  2.03283243260502676e-08
1  1  1.69204718813222338e-08
1  2  4.36474163062571869e-09
1  3  -1.41422440168657933e-07
2  0  5.24381849921785330e-09
2  1  4.36474163062571621e-09
2  2  1.12591242346773998e-09
2  3  -3.64808036346903182e-08
3  0  -1.69905499733927151e-07
3  1  -1.41422440168657907e-07
3  2  -3.64808036346903315e-08
3  3  1.18201825123654422e-06
