numXbins 4
numYbins 4
xbin  ybin  z
0  0  3.17583519636056855e-03
0  1  2.05643095505029377e-03
0  2  1.68170991700880871e-03
0  3  1.30465880388404721e-03
1  0  2.05643095505029377e-03
1  1  1.35432422226139056e-03
1  2  1.11328056113433531e-03
1  3  8.52492641231659292e-04
2  0  1.68170991700880915e-03
2  1  1.11328056113433552e-03
2  2  9.17819481938716747e-04
2  3  6.99170271510497396e-04
3  0  1.30465880388404743e-03
3  1  8.52492641231659292e-04
3  2  6.99170271510497180e-04
3  3  5.50148683635457358e-04
