numXbins 4
numYbins 4
xbin  ybin  z
0  0  5.15103166363156585e-07
0  1  1.94197402409303159e-07
0  2  5.73852772275722225e-08
0  3  -5.84120594952175467e-07
1  0  1.94197402409303106e-07
1  1  7.58071816737395551e-08
1  2  2.22230198113145102e-08
1  3  -2.53381642719195119e-07
2  0  5.73852772275722225e-08
2  1  2.22230198113145069e-08
2  2  6.52651710984416255e-09
2  3  -7.25982317401140994e-08
3  0  -5.84120594952175467e-07
3  1  -2.53381642719195119e-07
3  2  -7.25982317401140994e-08
3  3  1.08648049321157947e-06
