numXbins 4
numYbins 4
xbin  ybin  z
0  0  3.35233765937985022e-06
0  1  4.49576026886851083e-06
0  2  5.52489206864604204e-06
0  3  2.11812124167784918e-05
1  0  4.49576026886851760e-06
1  1  6.03235576069380180e-06
1  2  7.41827104851357703e-06
1  3  2.84885157206812537e-05
2  0  5.52489206864604374e-06
2  1  7.41827104851357703e-06
2  2  9.13059700967221375e-06
2  3  3.51413600077376046e-05
3  0  2.11812124167784816e-05
3  1  2.84885157206812469e-05
3  2  3.51413600077375978e-05
3  3  1.35990011333176507e-04
