numXbins 4
numYbins 4
xbin  ybin  z
0  0  6.63473101644893598e-06
0  1  2.10994840307265908e-05
0  2  4.01659415552708561e-05
0  3  3.67964403319248986e-05
1  0  2.10994840307265976e-05
1  1  6.70996646675152701e-05
1  2  1.27733986550991499e-04
1  3  1.17018444793949255e-04
2  0  4.01659415552708629e-05
2  1  1.27733986550991499e-04
2  2  2.43160251262893029e-04
2  3  2.22761656523815893e-04
3  0  3.67964403319249054e-05
3  1  1.17018444793949296e-04
3  2  2.22761656523815947e-04
3  3  2.04074289936412469e-04
