numXbins 4
numYbins 4
xbin  ybin  z
0  0  3.84201298992953853e-04
0  1  2.58406734972458849e-05
0  2  -4.37390162165158104e-05
0  3  4.73294934394775311e-05
1  0  2.58406734972458781e-05
1  1  1.73799622370228506e-06
1  2  -2.94180587130825113e-06
1  3  3.18329477272800636e-06
2  0  -4.37390162165158172e-05
2  1  -2.94180587130825028e-06
2  2  4.97942496447342668e-06
2  3  -5.38817928647022437e-06
3  0  4.73294934394775311e-05
3  1  3.18329477272800509e-06
3  2  -5.38817928647022437e-06
3  3  5.83048770295445873e-06
