numXbins 4
numYbins 4
xbin  ybin  z
0  0  1.18402873356477940e-03
0  1  -1.41844558429976108e-04
0  2  -2.88076890578369037e-04
0  3  -1.14889396854338824e-04
1  0  -1.41844558429976108e-04
1  1  2.40307120478390327e-04
1  2  2.66442665169772054e-04
1  3  -9.38109476290954308e-05
2  0  -2.88076890578369037e-04
2  1  2.66442665169772054e-04
2  2  3.43232851357683254e-04
2  3  -8.39632074097222323e-05
3  0  -1.14889396854338824e-04
3  1  -9.38109476290954444e-05
3  2  -8.39632074097222323e-05
3  3  2.95973248937547110e-04
