numXbins 4
numYbins 4
xbin  ybin  z
0  0  1.15647874447538787e-03
0  1  2.78519833686628271e-04
0  2  1.51331557429241321e-04
0  3  4.87826495245551018e-04
1  0  2.78519833686628163e-04
1  1  1.63114831618912010e-04
1  2  1.32314593788347289e-04
1  3  1.49025206386703277e-04
2  0  1.51331557429241239e-04
2  1  1.32314593788347262e-04
2  2  1.18179561608523759e-04
2  3  1.10061245875219086e-04
3  0  4.87826495245551181e-04
3  1  1.49025206386703250e-04
3  2  1.10061245875219045e-04
3  3  4.07799296531685196e-04
