numXbins 4
numYbins 4
xbin  ybin  z
0  0  4.98882235687862210e-04
0  1  1.83904748482809898e-06
0  2  -4.43975033884847745e-05
0  3  2.42181617295001062e-04
1  0  1.83904748482806955e-06
1  1  9.94943582728839993e-06
1  2  1.19718033054833415e-05
1  3  2.77742520225387113e-05
2  0  -4.43975033884848083e-05
2  1  1.19718033054833482e-05
2  2  1.95684209219433199e-05
2  3  1.89309673344438834e-05
3  0  2.42181617295001090e-04
3  1  2.77742520225387248e-05
3  2  1.89309673344439071e-05
3  3  2.68570279107520663e-04
