numXbins 4
numYbins 4
xbin  ybin  z
0  0  1.63252596192185235e-04
0  1  -9.10945545901926501e-05
0  2  -1.99974537616756431e-04
0  3  8.64610671652805914e-05
1  0  -9.10945545901926230e-05
1  1  5.08305415628227167e-05
1  2  1.11585309259848453e-04
1  3  -4.82450667647697345e-05
2  0  -1.99974537616756431e-04
2  1  1.11585309259848453e-04
2  2  2.44956690599630491e-04
2  3  -1.05909567942638196e-04
3  0  8.64610671652806320e-05
3  1  -4.82450667647697345e-05
3  2  -1.05909567942638209e-04
3  3  4.57911010894968969e-05
