numXbins 4
numYbins 4
xbin  ybin  z
0  0  6.33030831437980581e-03
0  1  2.21358574536580218e-03
0  2  1.41211678412753974e-03
0  3  1.83213247811364111e-03
1  0  2.21358574536580175e-03
1  1  1.99358533060773170e-03
1  2  1.77267290794498231e-03
1  3  8.66348730470782027e-04
2  0  1.41211678412754039e-03
2  1  1.77267290794498275e-03
2  2  1.92110069915425426e-03
2  3  8.04830885361057773e-04
3  0  1.83213247811364155e-03
3  1  8.66348730470782027e-04
3  2  8.04830885361058099e-04
3  3  1.88896350347179378e-03
