numXbins 4
numYbins 4
xbin  ybin  z
0  0  3.38314319530065615e-05
0  1  2.35802726225665653e-05
0  2  2.05257984861887569e-05
0  3  1.63537631048427546e-05
1  0  2.35802726225665653e-05
1  1  1.64352859118382291e-05
1  2  1.43063386962898643e-05
1  3  1.13984590706274509e-05
2  0  2.05257984861887501e-05
2  1  1.43063386962898626e-05
2  2  1.24531649763109556e-05
2  3  9.92195797231220157e-06
3  0  1.63537631048427546e-05
3  1  1.13984590706274509e-05
3  2  9.92195797231220496e-06
3  3  7.90523936618499115e-06
