numXbins 4
numYbins 4
xbin  ybin  z
0  0  5.38356767876613904e-06
0  1  2.77103770743718368e-06
0  2  1.55315007618987998e-06
0  3  -8.49539705134343777e-07
1  0  2.77103770743718325e-06
1  1  1.42686299679278861e-06
1  2  7.99880497175659747e-07
1  3  -4.37661601784406084e-07
2  0  1.55315007618987955e-06
2  1  7.99880497175659958e-07
2  2  4.48434203249692077e-07
2  3  -2.45399324284114011e-07
3  0  -8.49539705134343777e-07
3  1  -4.37661601784406031e-07
3  2  -2.45399324284113958e-07
3  3  1.34329061461019460e-07
