numXbins 4
numYbins 4
xbin  ybin  z
0  0  5.49784721526766069e-06
0  1  -1.21466967383164891e-06
0  2  -2.77504259419669401e-06
0  3  -3.92273012146933338e-06
1  0  -1.21466967383164912e-06
1  1  2.89633601256982193e-07
1  2  6.30870342864608200e-07
1  3  7.82936682075176744e-07
2  0  -2.77504259419669443e-06
2  1  6.30870342864608094e-07
2  2  1.41554231729849242e-06
2  3  1.91006570061979330e-06
3  0  -3.92273012146933338e-06
3  1  7.82936682075176638e-07
3  2  1.91006570061979288e-06
3  3  3.12851518038527230e-06
