numXbins 4
numYbins 4
xbin  ybin  z
0  0  4.43658141807026691e-08
0  1  3.35535379239858361e-08
0  2  1.38173458780010274e-08
0  3  -2.02333489642317832e-07
1  0  3.35535379239858295e-08
1  1  2.53762931664184350e-08
1  2  1.04499567400702207e-08
1  3  -1.53023325354836998e-07
2  0  1.38173458780010307e-08
2  1  1.04499567400702191e-08
2  2  4.30329186194342357e-09
2  3  -6.30150006422482256e-08
3  0  -2.02333489642317806e-07
3  1  -1.53023325354836998e-07
3  2  -6.30150006422482256e-08
3  3  9.22756446305557988e-07
