numXbins 4
numYbins 4
xbin  ybin  z
0  0  5.32707738290059398e-04
0  1  1.35427782452465077e-05
0  2  -3.27053335689529628e-05
0  3  2.57035625033895051e-04
1  0  1.35427782452465229e-05
1  1  3.52243193805517293e-07
1  2  -8.28731568721666731e-07
1  3  6.46118810222912528e-06
2  0  -3.27053335689529763e-05
2  1  -8.28731568721665990e-07
2  2  2.00885906025616614e-06
2  3  -1.58056611403868410e-05
3  0  2.57035625033894997e-04
3  1  6.46118810222912019e-06
3  2  -1.58056611403868749e-05
3  3  1.24697535585871608e-04
