numXbins 4
numYbins 4
xbin  ybin  z
0  0  1.05449412350420637e+01
0  1  -3.55338361625114851e+00
0  2  6.94289817862775993e-01
0  3  -1.17271073745468435e+00
1  0  -6.47091369217660528e-01
1  1  4.33593073854303501e+00
1  2  3.27784084053389391e+00
1  3  -1.32979681821399032e+00
2  0  -2.35634433630151729e+00
2  1  3.82564435444001116e+00
2  2  4.99482229272215150e+00
2  3  -8.86566369592441728e-01
3  0  -6.29826910126284445e-01
3  1  1.79372058392666289e-01
3  2  -1.54650503598700118e+00
3  3  7.72831191988995059e+00
