numXbins 26
0  4.77885103150309817e+02
1  4.42669911474288369e+02
2  4.35177117737553147e+02
3  4.46246572574290212e+02
4  4.68807546224631380e+02
5  4.96449509674509613e+02
6  5.36167462262708909e+02
7  5.25357443231410116e+02
8  5.51740584648413005e+02
9  5.48638909000790704e+02
10  5.51938913237496536e+02
11  5.98338260283241993e+02
12  6.38828033328162746e+02
13  7.16556555108669727e+02
14  8.62338641539569267e+02
15  9.61090058808025105e+02
16  1.01271499903864583e+03
17  1.04462151214029927e+03
18  1.00177456209076820e+03
19  1.02511919560020965e+03
20  1.04797975017275780e+03
21  1.06259922224763659e+03
22  1.10432397570107332e+03
23  1.22516524735151438e+03
24  1.38831326631428055e+03
25  1.39469747716910024e+03