numXbins 4
numYbins 4
xbin  ybin  z
0  0  8.00874967273557559e-01
0  1  -9.02173994109034538e-03
0  2  2.24070665281033143e-02
0  3  -1.37777458903656225e-01
1  0  1.69941498897969723e-01
1  1  5.74549563578329980e-01
1  2  -3.78492694726446643e-02
1  3  -9.70400429450819502e-02
2  0  1.84495470166439191e-01
2  1  -3.08335150766652077e-02
2  2  5.05873027432244271e-01
2  3  -9.51985846259049140e-02
3  0  -1.19526476133614779e-01
3  1  8.84494956117123365e-02
3  2  1.33012851758394390e-01
3  3  1.78823962851311080e-01
