numXbins 4
numYbins 4
xbin  ybin  z
0  0  7.83906494294073865e-06
0  1  9.21052254209496423e-07
0  2  1.93744027674757419e-06
0  3  -8.25348730001473640e-07
1  0  9.21052254209496423e-07
1  1  1.08585608585491075e-07
1  2  2.26601610987747058e-07
1  3  -9.71618260501944951e-08
2  0  1.93744027674757419e-06
2  1  2.26601610987747058e-07
2  2  4.81784108878532663e-07
2  3  -2.03455728704034104e-07
3  0  -8.25348730001473640e-07
3  1  -9.71618260501944686e-08
3  2  -2.03455728704034051e-07
3  3  8.69939662716130793e-08
