numXbins 4
numYbins 4
xbin  ybin  z
0  0  1.48321834429702965e-05
0  1  5.31932935908156962e-06
0  2  4.97276152790105750e-06
0  3  1.30964938273788821e-06
1  0  5.31932935908156877e-06
1  1  2.19980007445501736e-06
1  2  1.91743359002854473e-06
1  3  7.15395819367334089e-07
2  0  4.97276152790105580e-06
2  1  1.91743359002854600e-06
2  2  1.72870860900120094e-06
2  3  5.51826556964302369e-07
3  0  1.30964938273788906e-06
3  1  7.15395819367334089e-07
3  2  5.51826556964302792e-07
3  3  3.22323323301667000e-07
