numXbins 4
numYbins 4
xbin  ybin  z
0  0  2.01787651265983260e-03
0  1  1.85373848275413567e-03
0  2  1.31062576260414080e-03
0  3  3.20514937591538955e-04
1  0  1.85373848275413480e-03
1  1  2.26412032825786891e-03
1  2  1.10180973557079159e-03
1  3  4.46191100963926751e-04
2  0  1.31062576260414145e-03
2  1  1.10180973557079094e-03
2  2  1.23717060608622407e-03
2  3  4.43449757902370856e-04
3  0  3.20514937591538738e-04
3  1  4.46191100963926697e-04
3  2  4.43449757902370640e-04
3  3  5.12055589528047014e-04
