numXbins 4
numYbins 4
xbin  ybin  z
0  0  1.59896350155276988e-05
0  1  1.91460495041322906e-06
0  2  3.44041605173844080e-06
0  3  -2.81660576421861370e-06
1  0  1.91460495041322906e-06
1  1  2.32009884279210038e-07
1  2  4.14803918468367140e-07
1  3  -3.39267421913393434e-07
2  0  3.44041605173844080e-06
2  1  4.14803918468367246e-07
2  2  7.43201623168535518e-07
2  3  -6.08109669868805798e-07
3  0  -2.81660576421861328e-06
3  1  -3.39267421913393434e-07
3  2  -6.08109669868805798e-07
3  3  4.97611604995785659e-07
