numXbins 4
numYbins 4
xbin  ybin  z
0  0  5.04491456206281551e-04
0  1  -1.40186621535419936e-04
0  2  -1.22474500510482947e-05
0  3  -3.52057384619814968e-04
1  0  -1.40186621535419936e-04
1  1  6.91451493639121595e-04
1  2  -4.58863293437844391e-04
1  3  -9.24015786658591927e-05
2  0  -1.22474500510482947e-05
2  1  -4.58863293437844391e-04
2  2  4.36216565594699614e-04
2  3  3.48941778941929017e-05
3  0  -3.52057384619814588e-04
3  1  -9.24015786658591927e-05
3  2  3.48941778941928068e-05
3  3  4.09564785391480703e-04
