numXbins 4
numYbins 4
xbin  ybin  z
0  0  2.25454034940120723e-06
0  1  2.32198298053400986e-05
0  2  -4.79813364051924550e-06
0  3  3.41537485952826175e-06
1  0  2.32198298053400986e-05
1  1  2.39144309984143009e-04
1  2  -4.94166567237193399e-05
1  3  3.51754285438920445e-05
2  0  -4.79813364051924550e-06
2  1  -4.94166567237193534e-05
2  2  1.02114324271894179e-05
2  3  -7.26863239011829930e-06
3  0  3.41537485952826302e-06
3  1  3.51754285438920581e-05
3  2  -7.26863239011829676e-06
3  3  5.17390847948043590e-06
