numXbins 4
numYbins 4
xbin  ybin  z
0  0  3.64036492099712605e-06
0  1  -6.73255482443882082e-06
0  2  -4.56104731412695789e-06
0  3  -3.12182567550537117e-06
1  0  -6.73255482443882167e-06
1  1  1.24513051432379293e-05
1  2  8.43528101320351406e-06
1  3  5.77355923617781341e-06
2  0  -4.56104731412695620e-06
2  1  8.43528101320351745e-06
2  2  5.71457890985461382e-06
2  3  3.91136463553665560e-06
3  0  -3.12182567550537160e-06
3  1  5.77355923617781256e-06
3  2  3.91136463553665475e-06
3  3  2.67714796723596495e-06
