numXbins 4
numYbins 4
xbin  ybin  z
0  0  3.58385720626338880e-05
0  1  3.18950473381422210e-05
0  2  5.77695791940213051e-05
0  3  1.85923811013232430e-05
1  0  3.18950473381422278e-05
1  1  2.83854513769254608e-05
1  2  5.14128593035927136e-05
1  3  1.65465542075479606e-05
2  0  5.77695791940213186e-05
2  1  5.14128593035927543e-05
2  2  9.31210170545234751e-05
2  3  2.99697775503218690e-05
3  0  1.85923811013232430e-05
3  1  1.65465542075479606e-05
3  2  2.99697775503218724e-05
3  3  9.64537968791596504e-06
