numXbins 4
numYbins 4
xbin  ybin  z
0  0  3.04010798429016328e-07
0  1  2.29176578960857915e-07
0  2  2.70333055306945818e-07
0  3  -5.24695854917544101e-08
1  0  2.29176578960857915e-07
1  1  2.30751310057967744e-07
1  2  1.91510476904301353e-07
1  3  -3.04507158394955693e-08
2  0  2.70333055306945765e-07
2  1  1.91510476904301300e-07
2  2  2.66622814209462650e-07
2  3  -4.23523616022705682e-08
3  0  -5.24695854917544101e-08
3  1  -3.04507158394955693e-08
3  2  -4.23523616022705682e-08
3  3  1.21280520470975609e-08
