numXbins 4
numYbins 4
xbin  ybin  z
0  0  1.89698120321647653e-06
0  1  -7.79241534533576958e-07
0  2  -6.82237292023509952e-08
0  3  -1.74905795472976998e-06
1  0  -7.79241534533577064e-07
1  1  3.36357097378641284e-07
1  2  3.42682316548730184e-08
1  3  7.29074574382651924e-07
2  0  -6.82237292023510217e-08
2  1  3.42682316548732103e-08
2  2  4.85078243011434649e-09
2  3  6.69725238222373055e-08
3  0  -1.74905795472976998e-06
3  1  7.29074574382651712e-07
3  2  6.69725238222373320e-08
3  3  1.61957551380243997e-06
