numXbins 4
numYbins 4
xbin  ybin  z
0  0  2.04010341122687301e-04
0  1  1.73719408876878991e-04
0  2  2.93515131491583461e-04
0  3  1.00713086131063608e-04
1  0  1.73719408876878991e-04
1  1  1.47925996566927184e-04
1  2  2.49934757515421642e-04
1  3  8.57594653906929732e-05
2  0  2.93515131491583570e-04
2  1  2.49934757515421642e-04
2  2  4.22288066087356717e-04
2  3  1.44898609335225256e-04
3  0  1.00713086131063581e-04
3  1  8.57594653906930139e-05
3  2  1.44898609335225229e-04
3  3  4.97186841717164874e-05
