numXbins 4
numYbins 4
xbin  ybin  z
0  0  2.55892229960446357e-03
0  1  1.86847763159585516e-03
0  2  1.46071033867031211e-03
0  3  2.01086136221941800e-04
1  0  1.86847763159585516e-03
1  1  2.59979699840960600e-03
1  2  1.02261162502037995e-03
1  3  4.52005158232925792e-04
2  0  1.46071033867031189e-03
2  1  1.02261162502037973e-03
2  2  1.46153928244144651e-03
2  3  4.28812756515618908e-04
3  0  2.01086136221941908e-04
3  1  4.52005158232925575e-04
3  2  4.28812756515618799e-04
3  3  5.58264101113236538e-04
