numXbins 4
numYbins 4
xbin  ybin  z
0  0  2.01117223694248634e-03
0  1  2.29714254456619754e-03
0  2  1.19593748531010829e-03
0  3  5.20154206327222662e-04
1  0  2.29714254456619754e-03
1  1  2.62377521583049157e-03
1  2  1.36598886345203844e-03
1  3  5.94115379648360153e-04
2  0  1.19593748531010829e-03
2  1  1.36598886345203844e-03
2  2  7.11160606982248387e-04
2  3  3.09308124914337338e-04
3  0  5.20154206327222662e-04
3  1  5.94115379648360153e-04
3  2  3.09308124914337338e-04
3  3  1.34528705891061041e-04
