numXbins 4
numYbins 4
xbin  ybin  z
0  0  4.25639551232304253e-06
0  1  4.17181464407259897e-07
0  2  1.09639285672255121e-06
0  3  -2.25378707627637562e-07
1  0  4.17181464407258256e-07
1  1  4.09053395904345665e-08
1  2  1.14944793635341962e-07
1  3  -9.74335068988521322e-09
2  0  1.09639285672254930e-06
2  1  1.14944793635341459e-07
2  2  3.74123046067242497e-06
2  3  5.64793661942657227e-06
3  0  -2.25378707627636821e-07
3  1  -9.74335068988642917e-09
3  2  5.64793661942657227e-06
3  3  9.42508510294108086e-06
