numXbins 4
numYbins 4
xbin  ybin  z
0  0  6.21054834627583196e-06
0  1  -2.44190422433700987e-05
0  2  8.03128344558530110e-06
0  3  -1.57838716127025229e-05
1  0  -2.44190422433700851e-05
1  1  9.60123954982267672e-05
1  2  -3.15779281943482314e-05
1  3  6.20600639725532192e-05
2  0  8.03128344558530449e-06
2  1  -3.15779281943482450e-05
2  2  1.03858001237541256e-05
2  3  -2.04112003839976995e-05
3  0  -1.57838716127025161e-05
3  1  6.20600639725532463e-05
3  2  -2.04112003839976995e-05
3  3  4.01141073534461764e-05
