numXbins 4
numYbins 4
xbin  ybin  z
0  0  4.66934013002451111e-05
0  1  3.48675471307771298e-05
0  2  1.55971687024491491e-05
0  3  2.74424122545725577e-06
1  0  3.48675471307771366e-05
1  1  2.93193020933984008e-05
1  2  1.21039913106970807e-05
1  3  3.37397221258706901e-06
2  0  1.55971687024491491e-05
2  1  1.21039913106970841e-05
2  2  9.27601465470052230e-06
2  3  3.15344296648389125e-06
3  0  2.74424122545725577e-06
3  1  3.37397221258707155e-06
3  2  3.15344296648389125e-06
3  3  1.88413818474915100e-06
