numXbins 4
numYbins 4
xbin  ybin  z
0  0  8.54758961376413540e-04
0  1  5.31728297049234035e-04
0  2  6.47580589713075494e-04
0  3  1.01265288240866763e-04
1  0  5.31728297049234144e-04
1  1  8.20578330072203378e-04
1  2  3.25799490203971262e-04
1  3  1.80876940246520217e-04
2  0  6.47580589713075386e-04
2  1  3.25799490203971262e-04
2  2  7.21812372836099295e-04
2  3  1.68592325554209148e-04
3  0  1.01265288240866763e-04
3  1  1.80876940246520163e-04
3  2  1.68592325554209175e-04
3  3  1.11073907629971139e-04
