numXbins 4
numYbins 4
xbin  ybin  z
0  0  5.41045786944630643e-04
0  1  1.47391488417202945e-05
0  2  1.50084576066171146e-04
0  3  -1.19428801369596925e-04
1  0  1.47391488417202928e-05
1  1  3.35676670151737356e-04
1  2  -7.91981105504115270e-05
1  3  5.81405726899894783e-06
2  0  1.50084576066171146e-04
2  1  -7.91981105504115270e-05
2  2  2.24368676355222443e-04
2  3  -1.46370013867518421e-05
3  0  -1.19428801369596911e-04
3  1  5.81405726899894783e-06
3  2  -1.46370013867518421e-05
3  3  4.62085115851895438e-05
