numXbins 4
numYbins 4
xbin  ybin  z
0  0  3.85195764436697937e-06
0  1  3.92813210645221811e-06
0  2  2.51867305714792341e-06
0  3  1.40104078158961840e-06
1  0  3.92813210645221980e-06
1  1  4.00581295806966384e-06
1  2  2.56848112437249606e-06
1  3  1.42874709036825764e-06
2  0  2.51867305714792426e-06
2  1  2.56848112437249564e-06
2  2  1.64688050972725231e-06
2  3  9.16096176113367316e-07
3  0  1.40104078158961840e-06
3  1  1.42874709036825786e-06
3  2  9.16096176113367422e-07
3  3  5.09589007176071571e-07
