numXbins 4
numYbins 4
xbin  ybin  z
0  0  1.08222316579189997e+01
0  1  -8.64728978884956589e-01
0  2  1.25597617485478708e-01
0  3  -1.74882003502283889e+00
1  0  1.61873963496587048e+00
1  1  7.52006935900305340e+00
1  2  -2.01455515000518215e+00
1  3  -1.35267142913288363e+00
2  0  2.74203952484983038e+00
2  1  -1.15241959110473835e+00
2  2  5.78116407283760481e+00
2  3  -1.55020124779755197e+00
3  0  -1.20269577803026628e+00
3  1  1.78721583137770956e+00
3  2  1.02429782832829996e+00
3  3  2.95812849754038654e-01
