numXbins 4
numYbins 4
xbin  ybin  z
0  0  6.59447688958607614e-01
0  1  1.36345881037414074e-02
0  2  1.61234689876437187e-02
0  3  -3.78642249852418900e-02
1  0  -7.74348268168978393e-02
1  1  7.97014361480250955e-01
1  2  4.81540830805897713e-02
1  3  -3.96633222699165344e-02
2  0  -1.22184610518161207e-01
2  1  2.84615952637977898e-01
2  2  6.55073553556576371e-01
2  3  -5.99007331766188145e-02
3  0  -9.89697934128344059e-02
3  1  1.69722956488840282e-01
3  2  1.95151992607861757e-01
3  3  4.01459915097802877e-01
