numXbins 4
numYbins 4
xbin  ybin  z
0  0  1.19796248860348659e-04
0  1  1.80797121161943201e-04
0  2  3.94269788307220217e-04
0  3  5.62211475801218156e-04
1  0  1.80797121161943119e-04
1  1  2.81390605581643711e-04
1  2  6.05840680722630025e-04
1  3  8.63338503493466490e-04
2  0  3.94269788307220433e-04
2  1  6.05840680722629808e-04
2  2  1.31863579135371657e-03
2  3  1.87802063243164654e-03
3  0  5.62211475801217939e-04
3  1  8.63338503493466382e-04
3  2  1.87802063243164676e-03
3  3  2.68601409172382387e-03
