numXbins 4
numYbins 4
xbin  ybin  z
0  0  2.81956096741641499e-06
0  1  5.83432547194603749e-06
0  2  1.88559095167986448e-07
0  3  -2.28641670269455649e-05
1  0  5.83432547194603665e-06
1  1  1.20725723280915124e-05
1  2  3.90172493029552076e-07
1  3  -4.73112635696506576e-05
2  0  1.88559095167986898e-07
2  1  3.90172493029554935e-07
2  2  1.26099533868755687e-08
2  3  -1.52904891796718053e-06
3  0  -2.28641670269455649e-05
3  1  -4.73112635696506644e-05
3  2  -1.52904891796717947e-06
3  3  1.85408345440064382e-04
