numXbins 4
numYbins 4
xbin  ybin  z
0  0  1.49012801348791763e-05
0  1  -2.65165653273883990e-05
0  2  -4.79393560526431622e-05
0  3  1.32500076304053901e-05
1  0  -2.65165653273884024e-05
1  1  4.71857605787744707e-05
1  2  8.53072390436710896e-05
1  3  -2.35781550135181216e-05
2  0  -4.79393560526431554e-05
2  1  8.53072390436710896e-05
2  2  1.54227142764921195e-04
2  3  -4.26269976636066433e-05
3  0  1.32500076304053867e-05
3  1  -2.35781550135181284e-05
3  2  -4.26269976636066501e-05
3  3  1.17817194641462043e-05
