numXbins 4
numYbins 4
xbin  ybin  z
0  0  1.69555959898995953e-07
0  1  -5.27129037436731107e-09
0  2  2.70530788393672552e-08
0  3  -1.93256071613819882e-07
1  0  -5.27129037436731107e-09
1  1  3.82100661025747131e-07
1  2  1.71923187885686859e-07
1  3  -1.26170790588372410e-07
2  0  2.70530788393672619e-08
2  1  1.71923187885686886e-07
2  2  3.19803940156971554e-07
2  3  -2.96876188646339698e-07
3  0  -1.93256071613819908e-07
3  1  -1.26170790588372410e-07
3  2  -2.96876188646339698e-07
3  3  1.01931579517770618e-06
