numXbins 4
numYbins 4
xbin  ybin  z
0  0  1.21366116554165628e-04
0  1  1.78603419784322697e-04
0  2  3.84162856903225581e-04
0  3  5.63502052505370074e-04
1  0  1.78603419784322643e-04
1  1  2.71712202721712697e-04
1  2  5.77386766540314016e-04
1  3  8.45123136839173489e-04
2  0  3.84162856903225419e-04
2  1  5.77386766540314016e-04
2  2  1.23994642603474374e-03
2  3  1.81433133304317374e-03
3  0  5.63502052505370182e-04
3  1  8.45123136839173164e-04
3  2  1.81433133304317374e-03
3  3  2.66687600553309860e-03
