numXbins 4
numYbins 4
xbin  ybin  z
0  0  1.19686917715710044e-04
0  1  7.54880280309571462e-05
0  2  6.47735640754804011e-05
0  3  1.16150749105458048e-04
1  0  7.54880280309571462e-05
1  1  4.76112384273941157e-05
1  2  4.08534927117857829e-05
1  3  7.32577224949172533e-05
2  0  6.47735640754804282e-05
2  1  4.08534927117857897e-05
2  2  3.50549139631628492e-05
2  3  6.28598190444493713e-05
3  0  1.16150749105458021e-04
3  1  7.32577224949172533e-05
3  2  6.28598190444493578e-05
3  3  1.12719057147114016e-04
