numXbins 4
numYbins 4
xbin  ybin  z
0  0  2.36741514604148712e-07
0  1  3.05257244601766964e-07
0  2  7.38865118433039225e-10
0  3  -1.91047335363531825e-07
1  0  3.05257244601767017e-07
1  1  3.93641902514432795e-07
1  2  -5.46456032881857972e-09
1  3  -2.58187092478639522e-07
2  0  7.38865118433130112e-10
2  1  -5.46456032881857972e-09
2  2  1.03773363301619121e-06
2  3  1.91540923744508729e-06
3  0  -1.91047335363531825e-07
3  1  -2.58187092478639522e-07
3  2  1.91540923744508771e-06
3  3  3.69177147478140868e-06
