numXbins 4
numYbins 4
xbin  ybin  z
0  0  4.73313145170625067e-07
0  1  6.86991097624969967e-07
0  2  1.38946925385414607e-06
0  3  2.03442012743729962e-06
1  0  6.86991097624969438e-07
1  1  9.97134292659089929e-07
1  2  2.01674730051560267e-06
1  3  2.95286224487732917e-06
2  0  1.38946925385414649e-06
2  1  2.01674730051560182e-06
2  2  4.07895877624532424e-06
2  3  5.97229180160872424e-06
3  0  2.03442012743730004e-06
3  1  2.95286224487732917e-06
3  2  5.97229180160872254e-06
3  3  8.74445448463084594e-06
