numXbins 4
numYbins 4
xbin  ybin  z
0  0  3.76091774727833287e-07
0  1  1.12893580431039879e-06
0  2  2.75984355199869476e-07
0  3  -2.83425097318128246e-06
1  0  1.12893580431039879e-06
1  1  3.38879001322558197e-06
1  2  8.28437740336450254e-07
1  3  -8.50773033880217792e-06
2  0  2.75984355199869424e-07
2  1  8.28437740336450149e-07
2  2  2.02523345186711235e-07
2  3  -2.07983524200735703e-06
3  0  -2.83425097318128204e-06
3  1  -8.50773033880217622e-06
3  2  -2.07983524200735449e-06
3  3  2.13590913675053855e-05
