numXbins 4
numYbins 4
xbin  ybin  z
0  0  7.93360588501384946e-05
0  1  2.87524668438635220e-04
0  2  3.85536449955519854e-04
0  3  4.58662401309808552e-04
1  0  2.87524668438635220e-04
1  1  1.04202850707402878e-03
1  2  1.39723653469932632e-03
1  3  1.66225492888396383e-03
2  0  3.85536449955519854e-04
2  1  1.39723653469932632e-03
2  2  1.87352833501692952e-03
2  3  2.22888654278985410e-03
3  0  4.58662401309808552e-04
3  1  1.66225492888396383e-03
3  2  2.22888654278985410e-03
3  3  2.65164669665101001e-03
