numXbins 4
numYbins 4
xbin  ybin  z
0  0  2.48282957569153858e-04
0  1  -1.07677535459621405e-04
0  2  -1.08589028070245821e-04
0  3  -3.20163940392867205e-05
1  0  -1.07677535459621405e-04
1  1  3.74677773643034961e-04
1  2  9.81424706476999407e-05
1  3  -3.65142708831114296e-04
2  0  -1.08589028070246011e-04
2  1  9.81424706476994528e-05
2  2  3.01565605500102210e-04
2  3  -2.91119048077557833e-04
3  0  -3.20163940392864088e-05
3  1  -3.65142708831113808e-04
3  2  -2.91119048077556858e-04
3  3  6.88278150947956675e-04
