numXbins 4
numYbins 4
xbin  ybin  z
0  0  5.61886085324646444e-07
0  1  7.39245200389411232e-07
0  2  -4.25136314478776142e-10
0  3  -7.30006847345728840e-07
1  0  7.39245200389411550e-07
1  1  9.72906798319573805e-07
1  2  -6.22121833363042659e-09
1  3  -9.76162141822332684e-07
2  0  -4.25136314478723151e-10
2  1  -6.22121833363035794e-09
2  2  1.00445146050864352e-07
2  3  2.79591688853510645e-07
3  0  -7.30006847345728840e-07
3  1  -9.76162141822332896e-07
3  2  2.79591688853510698e-07
3  3  1.72361205512646488e-06
