numXbins 4
numYbins 4
xbin  ybin  z
0  0  2.09993332662527699e-05
0  1  -1.69879603954150828e-05
0  2  -2.84135949800571732e-05
0  3  4.20657710099597322e-05
1  0  -1.69879603954150828e-05
1  1  1.48657939466329478e-05
1  2  2.39768321161015505e-05
1  3  -3.50669928447631019e-05
2  0  -2.84135949800571732e-05
2  1  2.39768321161015471e-05
2  2  3.93200252388160111e-05
2  3  -5.78328744582748657e-05
3  0  4.20657710099597458e-05
3  1  -3.50669928447630951e-05
3  2  -5.78328744582748657e-05
3  3  8.52232086931662439e-05
