numXbins 4
numYbins 4
xbin  ybin  z
0  0  7.69376748676447110e-07
0  1  -1.15623454729077238e-07
0  2  -4.41915273191746853e-07
0  3  -1.04942050160115998e-07
1  0  -1.15623454729077199e-07
1  1  6.65348688242842881e-07
1  2  5.60261926797277187e-07
1  3  1.44417150429452722e-07
2  0  -4.41915273191746800e-07
2  1  5.60261926797277293e-07
2  2  6.30213745041105883e-07
2  3  1.58323995917405600e-07
3  0  -1.04942050160116025e-07
3  1  1.44417150429452722e-07
3  2  1.58323995917405600e-07
3  3  3.98549535522375991e-08
