numXbins 4
numYbins 4
xbin  ybin  z
0  0  2.99431333664698320e-06
0  1  -6.05837142166468642e-08
0  2  1.88620352265446941e-08
0  3  2.51487552188806954e-05
1  0  -6.05837142166448790e-08
1  1  1.22578568627627834e-09
1  2  -3.81634125500630517e-10
1  3  -5.08832853408444856e-07
2  0  1.88620352265418089e-08
2  1  -3.81634125502633328e-10
2  2  1.18817349052011279e-10
2  3  1.58419194489990825e-07
3  0  2.51487552188806988e-05
3  1  -5.08832853408446656e-07
3  2  1.58419194489980872e-07
3  3  2.11220342680437575e-04
