numXbins 4
numYbins 4
xbin  ybin  z
0  0  2.38267836788571310e-05
0  1  -4.51525290163860602e-06
0  2  2.18028542391310163e-05
0  3  3.31640682436568765e-05
1  0  -4.51525290163860517e-06
1  1  8.55655091368745583e-07
1  2  -4.13171169865432496e-06
1  3  -6.28469865616772051e-06
2  0  2.18028542391310163e-05
2  1  -4.13171169865432496e-06
2  2  1.99508443682481456e-05
2  3  3.03469975485892920e-05
3  0  3.31640682436568630e-05
3  1  -6.28469865616772051e-06
3  2  3.03469975485892886e-05
3  3  4.61604653525223569e-05
