numXbins 4
numYbins 4
xbin  ybin  z
0  0  2.55271389813303689e-05
0  1  1.72717370376090122e-05
0  2  4.20823379404564087e-05
0  3  7.06920194621563807e-05
1  0  1.72717370376090156e-05
1  1  1.93675483172125090e-05
1  2  4.18637137585780073e-05
1  3  6.52041974353197287e-05
2  0  4.20823379404564290e-05
2  1  4.18637137585780073e-05
2  2  1.26596923661699865e-04
2  3  2.02136096941339671e-04
3  0  7.06920194621563807e-05
3  1  6.52041974353197423e-05
3  2  2.02136096941339725e-04
3  3  4.64161113150228706e-04
