numXbins 4
numYbins 4
xbin  ybin  z
0  0  1.76398562934121627e-04
0  1  3.10551735879260158e-05
0  2  3.00368535499522364e-05
0  3  9.79470573913495421e-05
1  0  3.10551735879260361e-05
1  1  1.50282429877540745e-04
1  2  1.42211929937642703e-04
1  3  4.42014427689573413e-05
2  0  3.00368535499521992e-05
2  1  1.42211929937642757e-04
2  2  2.24878365086667763e-04
2  3  8.53010680703155267e-05
3  0  9.79470573913495421e-05
3  1  4.42014427689573007e-05
3  2  8.53010680703154183e-05
3  3  7.81564897247909326e-04
