numXbins 4
numYbins 4
xbin  ybin  z
0  0  4.41375055249012871e-07
0  1  5.67985626528409601e-07
0  2  2.26138991168744135e-07
0  3  8.08054687323776459e-08
1  0  5.67985626528409706e-07
1  1  7.30915208087404871e-07
1  2  2.91005906861914451e-07
1  3  1.03993965223371009e-07
2  0  2.26138991168744055e-07
2  1  2.91005906861914451e-07
2  2  1.15892345923324540e-07
2  3  4.12752172750844552e-08
3  0  8.08054687323776592e-08
3  1  1.03993965223370983e-07
3  2  4.12752172750844353e-08
3  3  1.53228017247001811e-08
