numXbins 4
numYbins 4
xbin  ybin  z
0  0  5.55362313275177067e-06
0  1  -8.40733161602892710e-07
0  2  -7.51424246424061207e-07
0  3  -2.54859898331139415e-06
1  0  -8.40733161602892710e-07
1  1  1.20018645194125592e-05
1  2  4.33156663835478871e-06
1  3  9.98558699814737124e-07
2  0  -7.51424246424061207e-07
2  1  4.33156663835478871e-06
2  2  1.63058086377600889e-05
2  3  5.83142256540791412e-07
3  0  -2.54859898331139415e-06
3  1  9.98558699814737336e-07
3  2  5.83142256540791941e-07
3  3  1.02601685276815239e-05
