numXbins 4
numYbins 4
xbin  ybin  z
0  0  1.95627129334836111e-05
0  1  -2.00393944792485109e-05
0  2  -2.31909500221546468e-05
0  3  -5.88944852024971671e-05
1  0  -2.00393944792485143e-05
1  1  2.05276912491822484e-05
1  2  2.37560402497680173e-05
1  3  6.03295578500798754e-05
2  0  -2.31909500221546400e-05
2  1  2.37560402497680207e-05
2  2  2.74921052493460600e-05
2  3  6.98174669104251579e-05
3  0  -5.88944852024971468e-05
3  1  6.03295578500798619e-05
3  2  6.98174669104251444e-05
3  3  1.77304671343940057e-04
