numXbins 4
numYbins 4
xbin  ybin  z
0  0  5.90937677662780285e-05
0  1  -1.18923763381196309e-05
0  2  -5.58408838079690408e-06
0  3  -2.56189260006493396e-05
1  0  -1.18923763381196309e-05
1  1  1.48787801511161149e-04
1  2  4.98806691891226571e-05
1  3  9.43956774490048760e-06
2  0  -5.58408838079690408e-06
2  1  4.98806691891226571e-05
2  2  1.86402934838797229e-04
2  3  1.43565924255090429e-05
3  0  -2.56189260006493396e-05
3  1  9.43956774490048760e-06
3  2  1.43565924255090463e-05
3  3  1.01037456369617256e-04
