numXbins 4
numYbins 4
xbin  ybin  z
0  0  1.20002583539743481e-05
0  1  1.24657513782280337e-05
0  2  1.33243109656118097e-05
0  3  2.41633913503374435e-06
1  0  1.24657513782280354e-05
1  1  1.55571995704932457e-05
1  2  1.63695386693302430e-05
1  3  3.08208049466558141e-06
2  0  1.33243109656118080e-05
2  1  1.63695386693302430e-05
2  2  2.23803888486255629e-05
2  3  1.47064569704658852e-05
3  0  2.41633913503374392e-06
3  1  3.08208049466558056e-06
3  2  1.47064569704658920e-05
3  3  3.07326755579805176e-05
