numXbins 4
numYbins 4
xbin  ybin  z
0  0  2.35173740956215376e-05
0  1  -1.08750484271632670e-05
0  2  -9.48575186204149272e-06
0  3  -2.85321535569782094e-05
1  0  -1.08750484271632636e-05
1  1  5.02890662079339556e-06
1  2  4.38645957870616794e-06
1  3  1.31940135153595276e-05
2  0  -9.48575186204149272e-06
2  1  4.38645957870616625e-06
2  2  3.82608568551775582e-06
2  3  1.15084672136737135e-05
3  0  -2.85321535569782128e-05
3  1  1.31940135153595310e-05
3  2  1.15084672136737084e-05
3  3  3.46162706469235756e-05
