numXbins 4
numYbins 4
xbin  ybin  z
0  0  2.50472508885098364e-05
0  1  -1.34676478547999817e-05
0  2  -2.84227292002310001e-05
0  3  4.02542106857746307e-05
1  0  -1.34676478547999834e-05
1  1  2.51950565191489041e-05
1  2  4.02511406025098982e-05
1  3  -1.90043393340334435e-05
2  0  -2.84227292002310001e-05
2  1  4.02511406025099050e-05
2  2  8.73393056259071896e-05
2  3  -3.62351158011398712e-06
3  0  4.02542106857746307e-05
3  1  -1.90043393340334468e-05
3  2  -3.62351158011398330e-06
3  3  1.63107204546749447e-04
