numXbins 8
numYbins 8
xbin  ybin  z
0  0  5.27333653415553272e-01
0  1  -3.40082494542002678e-01
0  2  1.83344751596450806e-01
0  3  -4.85448837280273438e-02
0  4  4.23580557107925415e-02
0  5  1.88424617052078247e-01
0  6  3.84105443954467773e-02
0  7  1.22006177902221680e-01
1  0  2.70875470741884783e-02
1  1  3.16272563999518752e-01
1  2  2.58578425273299217e-02
1  3  -6.70413635671138763e-02
1  4  -6.91394992172718048e-02
1  5  9.80056747794151306e-02
1  6  8.90220701694488525e-02
1  7  1.15655377507209778e-01
2  0  2.08958476505358703e-02
2  1  -2.35197459813207388e-01
2  2  6.48397210985422134e-01
2  3  -6.05839844793081284e-02
2  4  -7.21950829029083252e-03
2  5  8.78656767308712006e-02
2  6  1.79225772619247437e-01
2  7  4.46275472640991211e-02
3  0  1.45348278165329248e-02
3  1  -1.77556995069608092e-01
3  2  3.28497081063687801e-02
3  3  5.99092048592865467e-01
3  4  1.16512781009078026e-01
3  5  -2.33795866370201111e-03
3  6  -6.02969527244567871e-02
3  7  3.29027548432350159e-02
4  0  1.60267577848571818e-02
4  1  -2.10217038285918534e-01
4  2  9.05789278913289309e-02
4  3  1.63142094388604164e-02
4  4  6.03134739212691784e-01
4  5  1.01912358775734901e-01
4  6  -1.01102814078330994e-02
4  7  -1.55706927180290222e-02
5  0  1.15101005339965923e-02
5  1  -1.60065787786152214e-01
5  2  1.21348580811172724e-01
5  3  -4.12098197266459465e-02
5  4  -1.36748808436095715e-02
5  5  5.49380086362361908e-01
5  6  2.47232768684625626e-01
5  7  4.56492230296134949e-03
6  0  6.00213383040681947e-03
6  1  -8.60701243218500167e-02
6  2  7.96466236934065819e-02
6  3  -3.01682059653103352e-02
6  4  -5.07146923337131739e-02
6  5  1.04101154953241348e-01
6  6  3.87077417224645615e-01
6  7  1.85957573354244232e-01
7  0  6.16669336613995256e-03
7  1  -9.00900706474203616e-02
7  2  9.22404931625351310e-02
7  3  -3.61947363708168268e-02
7  4  -7.42278501857072115e-02
7  5  3.11531852930784225e-02
7  6  2.67392124980688095e-01
7  7  5.04152700304985046e-01
