numXbins 8
numYbins 8
xbin  ybin  z
0  0  9.64716174793442318e-05
0  1  -2.36860939703706828e-05
0  2  5.93123286294041161e-05
0  3  6.98448434113531857e-05
0  4  6.48550716117365618e-05
0  5  3.54363225228319660e-05
0  6  -1.26898993218965461e-05
0  7  -3.41985844106059206e-05
1  0  -2.36860939703706761e-05
1  1  5.81550369147023246e-06
1  2  -1.45625980596663693e-05
1  3  -1.71485828434601974e-05
1  4  -1.59234742900379384e-05
1  5  -8.70046638763858164e-06
1  6  3.11567438865987332e-06
1  7  8.39657201950307620e-06
2  0  5.93123286294041499e-05
2  1  -1.45625980596663710e-05
2  2  3.64661899464438272e-05
2  3  4.29417523384061607e-05
2  4  3.98739590070881471e-05
2  5  2.17868307986210620e-05
2  6  -7.80195770031052682e-06
2  7  -2.10258491587598954e-05
3  0  6.98448434113531721e-05
3  1  -1.71485828434601974e-05
3  2  4.29417523384061336e-05
3  3  5.05672266996140088e-05
3  4  4.69546633456593922e-05
3  5  2.56556743045315274e-05
3  6  -9.18740717945850085e-06
3  7  -2.47595597073941623e-05
4  0  6.48550716117365347e-05
4  1  -1.59234742900379418e-05
4  2  3.98739590070881607e-05
4  3  4.69546633456593786e-05
4  4  4.36001844238184639e-05
4  5  2.38228122936462561e-05
4  6  -8.53105141979757342e-06
4  7  -2.29907168442029631e-05
5  0  3.54363225228319524e-05
5  1  -8.70046638763857994e-06
5  2  2.17868307986210586e-05
5  3  2.56556743045315308e-05
5  4  2.38228122936462459e-05
5  5  1.30166051606943986e-05
5  6  -4.66130222445244537e-06
5  7  -1.25619544759680404e-05
6  0  -1.26898993218965494e-05
6  1  3.11567438865987248e-06
6  2  -7.80195770031052512e-06
6  3  -9.18740717945850085e-06
6  4  -8.53105141979757342e-06
6  5  -4.66130222445244537e-06
6  6  1.66923235048225257e-06
6  7  4.49848986117486547e-06
7  0  -3.41985844106059138e-05
7  1  8.39657201950307789e-06
7  2  -2.10258491587598954e-05
7  3  -2.47595597073941690e-05
7  4  -2.29907168442029598e-05
7  5  -1.25619544759680370e-05
7  6  4.49848986117486631e-06
7  7  1.21231840643674472e-05
