numXbins 8
numYbins 8
xbin  ybin  z
0  0  3.67741033968031321e-06
0  1  3.33886863162832909e-07
0  2  -6.75523108787013655e-06
0  3  2.92032760506886299e-05
0  4  1.41042726871369520e-05
0  5  7.17827456904518913e-06
0  6  9.44307241450394262e-06
0  7  1.34580020594176581e-05
1  0  3.33886863162834921e-07
1  1  3.03149300989904390e-08
1  2  -6.13334577741224748e-07
1  3  2.65148279196127682e-06
1  4  1.28058359816076460e-06
1  5  6.51744395483588308e-07
1  6  8.57374493424717090e-07
1  7  1.22190609069983659e-06
2  0  -6.75523108787013825e-06
2  1  -6.13334577741225277e-07
2  2  1.24090440922875613e-05
2  3  -5.36450545419456454e-05
2  4  -2.59088903677330635e-05
2  5  -1.31861552144048026e-05
2  6  -1.73464831082765173e-05
2  7  -2.47217214003650590e-05
3  0  2.92032760506886197e-05
3  1  2.65148279196127004e-06
3  2  -5.36450545419456454e-05
3  3  2.31910843043657365e-04
3  4  1.12005713458796392e-04
3  5  5.70045533253404061e-05
3  6  7.49899045836083190e-05
3  7  1.06873509597538150e-04
4  0  1.41042726871369571e-05
4  1  1.28058359816076460e-06
4  2  -2.59088903677330601e-05
4  3  1.12005713458796392e-04
4  4  5.40952707633956891e-05
4  5  2.75314236359479339e-05
4  6  3.62177880726040233e-05
4  7  5.16165761601079744e-05
5  0  7.17827456904518997e-06
5  1  6.51744395483587884e-07
5  2  -1.31861552144047975e-05
5  3  5.70045533253404061e-05
5  4  2.75314236359479339e-05
5  5  1.40119325908787013e-05
5  6  1.84327992542106452e-05
5  7  2.62699087156190813e-05
6  0  9.44307241450394092e-06
6  1  8.57374493424715290e-07
6  2  -1.73464831082765207e-05
6  3  7.49899045836083461e-05
6  4  3.62177880726040300e-05
6  5  1.84327992542106486e-05
6  6  2.42484815097673464e-05
6  7  3.45582560179215540e-05
7  0  1.34580020594176547e-05
7  1  1.22190609069983807e-06
7  2  -2.47217214003650658e-05
7  3  1.06873509597538123e-04
7  4  5.16165761601079608e-05
7  5  2.62699087156190780e-05
7  6  3.45582560179215608e-05
7  7  4.92514576023721595e-05
