numXbins 8
numYbins 8
xbin  ybin  z
0  0  4.69153799692304928e-03
0  1  1.46113074974608265e-03
0  2  1.76064821429828102e-03
0  3  1.36354790527437272e-03
0  4  2.21143963245700858e-03
0  5  1.98555209448554853e-03
0  6  1.25974339027040585e-03
0  7  1.42118030381462794e-03
1  0  1.46113074974608286e-03
1  1  7.92358522469336301e-04
1  2  5.58201388454366361e-04
1  3  3.66823025934817236e-04
1  4  7.27252679598660613e-04
1  5  7.76752361192461160e-04
1  6  5.42239198971637150e-04
1  7  6.38945771691881432e-04
2  0  1.76064821429828058e-03
2  1  5.58201388454366686e-04
2  2  1.29375790937922403e-03
2  3  5.64953588449023107e-04
2  4  8.94268979782494866e-04
2  5  9.36903037263110239e-04
2  6  5.63170002485928662e-04
2  7  6.28070885065374609e-04
3  0  1.36354790527437250e-03
3  1  3.66823025934817344e-04
3  2  5.64953588449022782e-04
3  3  1.56553247271569809e-03
3  4  9.19398509932644052e-04
3  5  8.57686951389656916e-04
3  6  5.00642014684344163e-04
3  7  5.38047988063459007e-04
4  0  2.21143963245700858e-03
4  1  7.27252679598660396e-04
4  2  8.94268979782495191e-04
4  3  9.19398509932644161e-04
4  4  1.59349469206411130e-03
4  5  1.13407585865986349e-03
4  6  7.32780480869459528e-04
4  7  8.48658213532600312e-04
5  0  1.98555209448554766e-03
5  1  7.76752361192461160e-04
5  2  9.36903037263109697e-04
5  3  8.57686951389657242e-04
5  4  1.13407585865986349e-03
5  5  1.34318093213657043e-03
5  6  8.06059185851389212e-04
5  7  9.09683951138045275e-04
6  0  1.25974339027040542e-03
6  1  5.42239198971637150e-04
6  2  5.63170002485928662e-04
6  3  5.00642014684344163e-04
6  4  7.32780480869459636e-04
6  5  8.06059185851389320e-04
6  6  5.90296044431238773e-04
6  7  6.84332599726453781e-04
7  0  1.42118030381462772e-03
7  1  6.38945771691881541e-04
7  2  6.28070885065374718e-04
7  3  5.38047988063458898e-04
7  4  8.48658213532600420e-04
7  5  9.09683951138045058e-04
7  6  6.84332599726453781e-04
7  7  8.73503643296778343e-04
