numXbins 8
numYbins 8
xbin  ybin  z
0  0  7.85474858265278965e-07
0  1  -8.66496893484998720e-07
0  2  -1.23707022272625956e-06
0  3  -6.77860142565404917e-07
0  4  -1.25620072835914835e-06
0  5  -2.49518890828152945e-06
0  6  -1.67339616882164653e-06
0  7  -2.14447084641213943e-06
1  0  -8.66496893484999037e-07
1  1  1.59501882096554880e-06
1  2  2.22481996155623526e-06
1  3  1.25426573712955169e-06
1  4  2.23501811532747940e-06
1  5  4.26331833141785831e-06
1  6  2.84280280379016127e-06
1  7  3.62589058452523414e-06
2  0  -1.23707022272626041e-06
2  1  2.22481996155623569e-06
2  2  3.10586968215126919e-06
2  3  1.74920066247582138e-06
2  4  3.12132230561556129e-06
2  5  5.96289279282245397e-06
2  6  3.97695430227765722e-06
2  7  5.07337295118058004e-06
3  0  -6.77860142565404599e-07
3  1  1.25426573712955085e-06
3  2  1.74920066247582138e-06
3  3  9.86349113914167031e-07
3  4  1.75706805092156445e-06
3  5  3.35051652178250052e-06
3  6  2.23403449144312273e-06
3  7  2.84931576550530374e-06
4  0  -1.25620072835914835e-06
4  1  2.23501811532747983e-06
4  2  3.12132230561556213e-06
4  3  1.75706805092156466e-06
4  4  3.13742694219162884e-06
4  5  5.99788607846083367e-06
4  6  4.00070214121517486e-06
4  7  5.10409921768363266e-06
5  0  -2.49518890828152903e-06
5  1  4.26331833141785916e-06
5  2  5.96289279282245313e-06
5  3  3.35051652178250179e-06
5  4  5.99788607846083367e-06
5  5  1.14973540304819733e-05
5  6  7.67195405491557143e-06
5  7  9.79105271013431733e-06
6  0  -1.67339616882164590e-06
6  1  2.84280280379016169e-06
6  2  3.97695430227765638e-06
6  3  2.23403449144312231e-06
6  4  4.00070214121517571e-06
6  5  7.67195405491556805e-06
6  6  5.11963095271443642e-06
6  7  6.53404834905605620e-06
7  0  -2.14447084641213943e-06
7  1  3.62589058452523414e-06
7  2  5.07337295118058004e-06
7  3  2.84931576550530374e-06
7  4  5.10409921768363266e-06
7  5  9.79105271013431733e-06
7  6  6.53404834905605450e-06
7  7  8.33955325798694914e-06
