numXbins 5
numYbins 5
xbin  ybin  z
0  0  8.93895743059250996e-06
0  1  2.70113707940842192e-07
0  2  5.44843410009032742e-07
0  3  1.11760078582239688e-06
0  4  5.52193798187725725e-07
1  0  2.70113707940842192e-07
1  1  8.16218398891227717e-09
1  2  1.64638521737447681e-08
1  3  3.37711969880224562e-08
1  4  1.66859631549377607e-08
2  0  5.44843410009032742e-07
2  1  1.64638521737447681e-08
2  2  3.32090563955839685e-08
2  3  6.81195125834588534e-08
2  4  3.36570740297728428e-08
3  0  1.11760078582239688e-06
3  1  3.37711969880224562e-08
3  2  6.81195125834588534e-08
3  3  1.39728992577610763e-07
3  4  6.90385011420678236e-08
4  0  5.52193798187725725e-07
4  1  1.66859631549377640e-08
4  2  3.36570740297728494e-08
4  3  6.90385011420677971e-08
4  4  3.41111357923510944e-08
