numXbins 5
numYbins 5
xbin  ybin  z
0  0  8.57114093002333611e-05
0  1  -6.94835221358722975e-06
0  2  1.66867304748114452e-04
0  3  1.53781860201944529e-04
0  4  1.19546319540332572e-04
1  0  -6.94835221358724415e-06
1  1  5.63280884986342103e-07
1  2  -1.35274033619085539e-05
1  3  -1.24666078584806934e-05
1  4  -9.69124111697479445e-06
2  0  1.66867304748114480e-04
2  1  -1.35274033619085420e-05
2  2  3.24865704825416863e-04
2  3  2.99390299851013504e-04
2  4  2.32738818520369776e-04
3  0  1.53781860201944529e-04
3  1  -1.24666078584806748e-05
3  2  2.99390299851013449e-04
3  3  2.75912631938324921e-04
3  4  2.14487844142335861e-04
4  0  1.19546319540332545e-04
4  1  -9.69124111697479445e-06
4  2  2.32738818520369776e-04
4  3  2.14487844142335915e-04
4  4  1.66737691426576394e-04
