numXbins 8
numYbins 8
xbin  ybin  z
0  0  1.51328478897401129e-09
0  1  4.80587218570042530e-09
0  2  -3.29659465715940007e-07
0  3  -1.45136353228385858e-07
0  4  2.58196016560635937e-07
0  5  2.08764563053695437e-07
0  6  1.58047849511373691e-07
0  7  2.52686609727462285e-07
1  0  4.80587218570462903e-09
1  1  1.52624328438075351e-08
1  2  -1.04692868690602367e-06
1  3  -4.60922338079193066e-07
1  4  8.19975898447681169e-07
1  5  6.62992064843809198e-07
1  6  5.01926517407646531e-07
1  7  8.02479188474638236e-07
2  0  -3.29659465715929208e-07
2  1  -1.04692868690603468e-06
2  2  7.18142177386587146e-05
2  3  3.16170313808603591e-05
2  4  -5.62463598983024881e-05
2  5  -4.54780321708483156e-05
2  6  -3.44297187198529722e-05
2  7  -5.50461706634205509e-05
3  0  -1.45136353228384534e-07
3  1  -4.60922338079194707e-07
3  2  3.16170313808603591e-05
3  3  1.39197599697613751e-05
3  4  -2.47631037691647154e-05
3  5  -2.00222242274938103e-05
3  6  -1.51580777661774151e-05
3  7  -2.42347067205423290e-05
4  0  2.58196016560639272e-07
4  1  8.19975898447672170e-07
4  2  -5.62463598983024881e-05
4  3  -2.47631037691647256e-05
4  4  4.40532961498280560e-05
4  5  3.56193222664753046e-05
4  6  2.69660578544699286e-05
4  7  4.31132834646394620e-05
5  0  2.08764563053684769e-07
5  1  6.62992064843807610e-07
5  2  -4.54780321708483359e-05
5  3  -2.00222242274938171e-05
5  4  3.56193222664752979e-05
5  5  2.88000270038357947e-05
5  6  2.18034242365887240e-05
5  7  3.48592743768819590e-05
6  0  1.58047849511373188e-07
6  1  5.01926517407647166e-07
6  2  -3.44297187198529790e-05
6  3  -1.51580777661774235e-05
6  4  2.69660578544699286e-05
6  5  2.18034242365887274e-05
6  6  1.65065577326489721e-05
6  7  2.63906539989554750e-05
7  0  2.52686609727464561e-07
7  1  8.02479188474638025e-07
7  2  -5.50461706634205780e-05
7  3  -2.42347067205423425e-05
7  4  4.31132834646394620e-05
7  5  3.48592743768819522e-05
7  6  2.63906539989554784e-05
7  7  4.21933288437852650e-05
