numXbins 8
numYbins 8
xbin  ybin  z
0  0  1.64438300106209618e-05
0  1  1.39116811741348864e-06
0  2  3.07004380125730765e-06
0  3  2.84191675668207080e-06
0  4  1.51056543216181882e-06
0  5  3.66174538195708561e-06
0  6  8.57231982143338486e-08
0  7  -4.38767652442199966e-07
1  0  1.39116811741348928e-06
1  1  1.17830505836376144e-07
1  2  2.51591456722363970e-07
1  3  2.36621466157010217e-07
1  4  1.24405609809351992e-07
1  5  3.01936942387565683e-07
1  6  7.11830499620721069e-09
1  7  -3.66512651927097994e-08
2  0  3.07004380125730807e-06
2  1  2.51591456722363970e-07
2  2  1.06019908195722408e-06
2  3  7.58485353711265678e-07
2  4  4.84902497856802373e-07
2  5  1.15350476533971154e-06
2  6  2.40227065445769255e-08
2  7  -1.09985971696789661e-07
3  0  2.84191675668207123e-06
3  1  2.36621466157010191e-07
3  2  7.58485353711265572e-07
3  3  5.97803080390821500e-07
3  4  3.56002733961951521e-07
3  5  8.52714593775115193e-07
3  6  1.85673178009014470e-08
3  7  -8.89649765630299818e-08
4  0  1.51056543216181903e-06
4  1  1.24405609809352018e-07
4  2  4.84902497856802373e-07
4  3  3.56002733961951680e-07
4  4  2.23278825073725481e-07
4  5  5.32107283430224348e-07
4  6  1.12149183688847231e-08
4  7  -5.19987438636877082e-08
5  0  3.66174538195708688e-06
5  1  3.01936942387565577e-07
5  2  1.15350476533971132e-06
5  3  8.52714593775115511e-07
5  4  5.32107283430224242e-07
5  5  1.26870668763976021e-06
5  6  2.68247117216194401e-08
5  7  -1.24785010325149504e-07
6  0  8.57231982143337692e-08
6  1  7.11830499620716685e-09
6  2  2.40227065445768627e-08
6  3  1.85673178009014702e-08
6  4  1.12149183688847016e-08
6  5  2.68247117216194037e-08
6  6  5.78894295560903685e-10
6  7  -2.74945110184853132e-09
7  0  -4.38767652442200072e-07
7  1  -3.66512651927097994e-08
7  2  -1.09985971696789701e-07
7  3  -8.89649765630299421e-08
7  4  -5.19987438636877082e-08
7  5  -1.24785010325149451e-07
7  6  -2.74945110184852760e-09
7  7  1.33252209971805627e-08
