numXbins 5
numYbins 5
xbin  ybin  z
0  0  2.64268925171664930e-04
0  1  5.90458275148149196e-05
0  2  7.08734455875712188e-05
0  3  1.23054712933901874e-04
0  4  1.02274818622007167e-04
1  0  5.90458275148149060e-05
1  1  2.36453826988327557e-05
1  2  7.67717814443174992e-06
1  3  3.42420837537498208e-05
1  4  5.10124534051924113e-05
2  0  7.08734455875712052e-05
2  1  7.67717814443175500e-06
2  2  3.70334467998042970e-05
2  3  2.88321774510558511e-05
2  4  1.50804270015795718e-05
3  0  1.23054712933901874e-04
3  1  3.42420837537498479e-05
3  2  2.88321774510558240e-05
3  3  7.43471232355270059e-05
3  4  7.85229882991308380e-05
4  0  1.02274818622007208e-04
4  1  5.10124534051924113e-05
4  2  1.50804270015796091e-05
4  3  7.85229882991308651e-05
4  4  1.57662197203359012e-04
