numXbins 8
numYbins 8
xbin  ybin  z
0  0  9.00483836738502885e-05
0  1  1.08499795675427054e-05
0  2  3.92896068716942374e-05
0  3  2.84820714706207350e-05
0  4  5.33178479508017490e-05
0  5  3.06800533931595406e-05
0  6  1.96929471229824629e-05
0  7  2.28891354110153209e-05
1  0  1.08499795675427037e-05
1  1  1.31904550036183858e-06
1  2  4.87387514430825951e-06
1  3  3.50662211512839102e-06
1  4  6.62165087662927915e-06
1  5  3.78847176031690411e-06
1  6  2.44861119422395837e-06
1  7  2.85350766838652543e-06
2  0  3.92896068716942307e-05
2  1  4.87387514430825951e-06
2  2  1.88106733245473607e-05
2  3  1.33193539629983795e-05
2  4  2.56172883740312910e-05
2  5  1.44812897955803202e-05
2  6  9.49638655136475299e-06
2  7  1.11269225246763923e-05
3  0  2.84820714706207316e-05
3  1  3.50662211512839102e-06
3  2  1.33193539629983778e-05
3  3  9.48599592523964832e-06
3  4  1.81232999557543766e-05
3  5  1.02897486620050141e-05
3  6  6.71236949185317549e-06
3  7  7.84953856299352210e-06
4  0  5.33178479508017355e-05
4  1  6.62165087662927915e-06
4  2  2.56172883740312842e-05
4  3  1.81232999557543732e-05
4  4  3.48913242428673936e-05
4  5  1.97110894941911764e-05
4  6  1.29359959746911131e-05
4  7  1.51614884754376529e-05
5  0  3.06800533931595473e-05
5  1  3.78847176031690538e-06
5  2  1.44812897955803185e-05
5  3  1.02897486620050158e-05
5  4  1.97110894941911764e-05
5  5  1.11718383540857667e-05
5  6  7.30303389372673502e-06
5  7  8.54692776629011767e-06
6  0  1.96929471229824629e-05
6  1  2.44861119422395879e-06
6  2  9.49638655136475299e-06
6  3  6.71236949185317888e-06
6  4  1.29359959746911131e-05
6  5  7.30303389372673671e-06
6  6  4.79668536614514230e-06
6  7  5.62357208990845100e-06
7  0  2.28891354110153141e-05
7  1  2.85350766838652628e-06
7  2  1.11269225246763923e-05
7  3  7.84953856299352380e-06
7  4  1.51614884754376529e-05
7  5  8.54692776629011598e-06
7  6  5.62357208990844931e-06
7  7  6.59729231082579506e-06
