numXbins 8
numYbins 8
xbin  ybin  z
0  0  7.30485107485476991e-05
0  1  2.44209500621230417e-05
0  2  4.59777807287074021e-05
0  3  -5.50635761659423265e-05
0  4  3.66346043211877319e-05
0  5  3.37128060544660514e-05
0  6  1.80064739389696600e-05
0  7  4.62648598257463988e-05
1  0  2.44209500621230450e-05
1  1  8.16420206004766929e-06
1  2  1.53708963487024965e-05
1  3  -1.84083813620679597e-05
1  4  1.22473659422433824e-05
1  5  1.12705754665439653e-05
1  6  6.01976955248523895e-06
1  7  1.54668701641961651e-05
2  0  4.59777807287074021e-05
2  1  1.53708963487024999e-05
2  2  2.89390748568974364e-05
2  3  -3.46578048635510347e-05
2  4  2.30583455747729145e-05
2  5  2.12193238251951147e-05
2  6  1.13335330450880020e-05
2  7  2.91197665594413641e-05
3  0  -5.50635761659423265e-05
3  1  -1.84083813620679631e-05
3  2  -3.46578048635510415e-05
3  3  4.15066288020500597e-05
3  4  -2.76149685281432859e-05
3  5  -2.54125326433795946e-05
3  6  -1.35731836153582952e-05
3  7  -3.48742035493486123e-05
4  0  3.66346043211877319e-05
4  1  1.22473659422433858e-05
4  2  2.30583455747729145e-05
4  3  -2.76149685281432757e-05
4  4  1.83726433299897165e-05
4  5  1.69073304535077100e-05
4  6  9.03043800912871099e-06
4  7  2.32023187923120022e-05
5  0  3.37128060544660514e-05
5  1  1.12705754665439636e-05
5  2  2.12193238251951181e-05
5  3  -2.54125326433795878e-05
5  4  1.69073304535077100e-05
5  5  1.55588838214424399e-05
5  6  8.31021409483492562e-06
5  7  2.13518144375510839e-05
6  0  1.80064739389696668e-05
6  1  6.01976955248523810e-06
6  2  1.13335330450880020e-05
6  3  -1.35731836153582902e-05
6  4  9.03043800912871099e-06
6  5  8.31021409483492562e-06
6  6  4.43859977968462316e-06
6  7  1.14042981055428224e-05
7  0  4.62648598257464055e-05
7  1  1.54668701641961651e-05
7  2  2.91197665594413641e-05
7  3  -3.48742035493486056e-05
7  4  2.32023187923120022e-05
7  5  2.13518144375510805e-05
7  6  1.14042981055428207e-05
7  7  2.93015864767443925e-05
