numXbins 8
numYbins 8
xbin  ybin  z
0  0  1.81100290480331653e-05
0  1  -1.18207677917618753e-06
0  2  1.65110582904822797e-06
0  3  8.90921641216524978e-07
0  4  1.08365223163124785e-06
0  5  9.82162194462255492e-07
0  6  2.55303638892632574e-07
0  7  1.40166095607811824e-07
1  0  -1.18207677917618753e-06
1  1  1.13685882802078345e-06
1  2  -9.77602910059686746e-07
1  3  -6.75039514463461355e-07
1  4  -8.42159035499473000e-07
1  5  -4.15240419154285929e-07
1  6  -2.14539317442762410e-07
1  7  -2.04165859128195546e-07
2  0  1.65110582904822797e-06
2  1  -9.77602910059686746e-07
2  2  1.49721059689213633e-06
2  3  5.58746191813901886e-07
2  4  8.62468309297293662e-07
2  5  9.45400684801127389e-07
2  6  6.30703849033250426e-07
2  7  5.64129891873937187e-07
3  0  8.90921641216524978e-07
3  1  -6.75039514463461355e-07
3  2  5.58746191813901886e-07
3  3  5.19232004462136294e-07
3  4  5.11912546881341177e-07
3  5  3.33099511262131509e-07
3  6  1.30671312746920733e-07
3  7  2.07586534108276084e-07
4  0  1.08365223163124785e-06
4  1  -8.42159035499473000e-07
4  2  8.62468309297293662e-07
4  3  5.11912546881341177e-07
4  4  9.21630197844913937e-07
4  5  5.45133087463186242e-07
4  6  2.36624022219254309e-07
4  7  2.33182112607384390e-07
5  0  9.82162194462255492e-07
5  1  -4.15240419154285929e-07
5  2  9.45400684801127389e-07
5  3  3.33099511262131509e-07
5  4  5.45133087463186242e-07
5  5  1.67112875487947843e-06
5  6  5.80722666063141182e-07
5  7  3.77610431001943338e-07
6  0  2.55303638892632574e-07
6  1  -2.14539317442762437e-07
6  2  6.30703849033250426e-07
6  3  1.30671312746920733e-07
6  4  2.36624022219254309e-07
6  5  5.80722666063141182e-07
6  6  6.66481114417653934e-07
6  7  5.65559206482145522e-07
7  0  1.40166095607811824e-07
7  1  -2.04165859128195546e-07
7  2  5.64129891873937293e-07
7  3  2.07586534108276031e-07
7  4  2.33182112607384390e-07
7  5  3.77610431001943338e-07
7  6  5.65559206482145522e-07
7  7  8.19409554044304138e-07
