numXbins 5
numYbins 5
xbin  ybin  z
0  0  3.31815817329743660e-05
0  1  1.29084382489254502e-05
0  2  1.76470869962640801e-05
0  3  2.38552654213182056e-05
0  4  4.62054436757758965e-05
1  0  1.29084382489254536e-05
1  1  5.02169484767913765e-06
1  2  6.86514388005549809e-06
1  3  9.28027551793293387e-06
1  4  1.79750357066384447e-05
2  0  1.76470869962640835e-05
2  1  6.86514388005549809e-06
2  2  9.38531749209043610e-06
2  3  1.26870366698229372e-05
2  4  2.45736170990636587e-05
3  0  2.38552654213181989e-05
3  1  9.28027551793293387e-06
3  2  1.26870366698229422e-05
3  3  1.71502881598926421e-05
3  4  3.32185226028584079e-05
4  0  4.62054436757758897e-05
4  1  1.79750357066384413e-05
4  2  2.45736170990636587e-05
4  3  3.32185226028584147e-05
4  4  6.43412071930762804e-05
