numXbins 8
numYbins 8
xbin  ybin  z
0  0  3.02043970138164052e-05
0  1  4.23034060727181159e-06
0  2  2.93272339791438252e-05
0  3  -7.80104071125803791e-06
0  4  -1.27511593223954681e-07
0  5  -7.57177290188902347e-07
0  6  -6.51966289854931305e-06
0  7  3.72329337994260305e-06
1  0  4.23034060727181075e-06
1  1  5.92489287084485542e-07
1  2  4.10748768612010638e-06
1  3  -1.09259123049931415e-06
1  4  -1.78589054589135114e-08
1  5  -1.06048064330665150e-07
1  6  -9.13125155017678185e-07
1  7  5.21473716914547353e-07
2  0  2.93272339791438252e-05
2  1  4.10748768612010723e-06
2  2  2.84755445531330694e-05
2  3  -7.57449142637208727e-06
2  4  -1.23808541114782490e-07
2  5  -7.35188176175355681e-07
2  6  -6.33032598543306074e-06
2  7  3.61516556932507098e-06
3  0  -7.80104071125803960e-06
3  1  -1.09259123049931394e-06
3  2  -7.57449142637208981e-06
3  3  2.01481380842888144e-06
3  4  3.29330570460461895e-08
3  5  1.95559966441367608e-07
3  6  1.68386595077520691e-06
3  7  -9.61633606643544896e-07
4  0  -1.27511593223952695e-07
4  1  -1.78589054589132070e-08
4  2  -1.23808541114782040e-07
4  3  3.29330570460472880e-08
4  4  5.38305942643980861e-10
4  5  3.19651746667280758e-09
4  6  2.75235623176603689e-08
4  7  -1.57183429518395552e-08
5  0  -7.57177290188903300e-07
5  1  -1.06048064330665190e-07
5  2  -7.35188176175352928e-07
5  3  1.95559966441368217e-07
5  4  3.19651746667257225e-09
5  5  1.89812578783002807e-08
5  6  1.63437816163341574e-07
5  7  -9.33371783821286913e-08
6  0  -6.51966289854931474e-06
6  1  -9.13125155017678503e-07
6  2  -6.33032598543305905e-06
6  3  1.68386595077520818e-06
6  4  2.75235623176601207e-08
6  5  1.63437816163341574e-07
6  6  1.40727869161820737e-06
6  7  -8.03678275667020020e-07
7  0  3.72329337994260136e-06
7  1  5.21473716914547777e-07
7  2  3.61516556932507013e-06
7  3  -9.61633606643544896e-07
7  4  -1.57183429518400184e-08
7  5  -9.33371783821288766e-08
7  6  -8.03678275667019385e-07
7  7  4.58970049519051631e-07
