numXbins 5
numYbins 5
xbin  ybin  z
0  0  2.20290742650330250e-04
0  1  5.43047753065162400e-05
0  2  6.56343779508991495e-05
0  3  1.21861609322969309e-04
0  4  2.00526370446209485e-04
1  0  5.43047753065162400e-05
1  1  2.04269361265412549e-05
1  2  1.67878770611274365e-05
1  3  3.24987885253302423e-05
1  4  6.56800347363548326e-05
2  0  6.56343779508991631e-05
2  1  1.67878770611274365e-05
2  2  2.60509019697872838e-05
2  3  4.68112214491179910e-05
2  4  6.94776300339591796e-05
3  0  1.21861609322969282e-04
3  1  3.24987885253302355e-05
3  2  4.68112214491179910e-05
3  3  8.70888904443716156e-05
3  4  1.34302228338214482e-04
4  0  2.00526370446209485e-04
4  1  6.56800347363548190e-05
4  2  6.94776300339591661e-05
4  3  1.34302228338214482e-04
4  4  2.45572363791766459e-04
