numXbins 5
numYbins 5
xbin  ybin  z
0  0  3.28991014807731479e-04
0  1  8.20973365516898204e-05
0  2  -9.74356740079906734e-05
0  3  2.04473457657403882e-04
0  4  1.78370371762353176e-04
1  0  8.20973365516898339e-05
1  1  2.04867986222067332e-05
1  2  -2.43143701837864341e-05
1  3  5.10248776216519511e-05
1  4  4.45110406738068938e-05
2  0  -9.74356740079906870e-05
2  1  -2.43143701837864341e-05
2  2  2.88570512326597518e-05
2  3  -6.05579127297347925e-05
2  4  -5.28270883199583491e-05
3  0  2.04473457657403828e-04
3  1  5.10248776216519511e-05
3  2  -6.05579127297347925e-05
3  3  1.27083698352091273e-04
3  4  1.10860190753841222e-04
4  0  1.78370371762353203e-04
4  1  4.45110406738068938e-05
4  2  -5.28270883199583491e-05
4  3  1.10860190753841222e-04
4  4  9.67077764760048390e-05
