numXbins 8
numYbins 8
xbin  ybin  z
0  0  1.62419969059825343e-05
0  1  2.41845561289667007e-07
0  2  -1.07804350663236356e-07
0  3  1.18361523782652701e-06
0  4  -1.41402885655547854e-07
0  5  9.02804155520105118e-07
0  6  -2.17858296568841949e-07
0  7  -5.53623471901457033e-07
1  0  2.41845561289667007e-07
1  1  3.60111357329284489e-09
1  2  -1.60522156521376995e-09
1  3  1.76241932072848654e-08
1  4  -2.10550835881198194e-09
1  5  1.34428776824838094e-08
1  6  -3.24393991208650817e-09
1  7  -8.24352941822226920e-09
2  0  -1.07804350663236277e-07
2  1  -1.60522156521376891e-09
2  2  7.15538741276404375e-10
2  3  -7.85610740401023827e-09
2  4  9.38545079046856979e-10
2  5  -5.99225676037824549e-09
2  6  1.44600890728848495e-09
2  7  3.67461090195624189e-09
3  0  1.18361523782652701e-06
3  1  1.76241932072848621e-08
3  2  -7.85610740401023497e-09
3  3  8.62544820889065641e-08
3  4  -1.03045586760887201e-08
3  5  6.57907252065237899e-08
3  6  -1.58761512515023474e-08
3  7  -4.03446190240085228e-08
4  0  -1.41402885655547854e-07
4  1  -2.10550835881198194e-09
4  2  9.38545079046856772e-10
4  3  -1.03045586760887201e-08
4  4  1.23105405003193398e-09
4  5  -7.85981634594089149e-09
4  6  1.89667514266607588e-09
4  7  4.81984801171056865e-09
5  0  9.02804155520104906e-07
5  1  1.34428776824838094e-08
5  2  -5.99225676037824466e-09
5  3  6.57907252065237899e-08
5  4  -7.85981634594088983e-09
5  5  5.01819664135113152e-08
5  6  -1.21095562691823967e-08
5  7  -3.07729138183743641e-08
6  0  -2.17858296568841896e-07
6  1  -3.24393991208650817e-09
6  2  1.44600890728848516e-09
6  3  -1.58761512515023474e-08
6  4  1.89667514266607588e-09
6  5  -1.21095562691824033e-08
6  6  2.92219224388568782e-09
6  7  7.42590133634084491e-09
7  0  -5.53623471901457033e-07
7  1  -8.24352941822226755e-09
7  2  3.67461090195624562e-09
7  3  -4.03446190240085360e-08
7  4  4.81984801171056865e-09
7  5  -3.07729138183743641e-08
7  6  7.42590133634084491e-09
7  7  1.88707675795288674e-08
