numXbins 8
numYbins 8
xbin  ybin  z
0  0  5.45279831824132654e-04
0  1  -7.06396556771499569e-05
0  2  2.02104406106264219e-04
0  3  1.38532326984967980e-05
0  4  9.32029962174346155e-05
0  5  1.11929731546354694e-04
0  6  4.53180119675954959e-05
0  7  5.12187099222888051e-05
1  0  -7.06396556771499569e-05
1  1  7.81890612920912141e-05
1  2  -5.70850255063538037e-05
1  3  -6.50609870618873480e-05
1  4  -6.92096945302297359e-05
1  5  -1.03672562387508537e-05
1  6  -5.14656201119199477e-06
1  7  -7.67205937834441039e-07
2  0  2.02104406106264273e-04
2  1  -5.70850255063538037e-05
2  2  3.89006006505757964e-04
2  3  -4.35677965896859155e-05
2  4  1.11471749381041301e-04
2  5  1.31761725950093321e-04
2  6  8.53629129613983753e-05
2  7  8.53744147839426658e-05
3  0  1.38532326984967980e-05
3  1  -6.50609870618873345e-05
3  2  -4.35677965896859155e-05
3  3  2.35801740977659413e-04
3  4  1.20807492724046880e-05
3  5  -7.82099414702871633e-06
3  6  -1.01240037361817555e-05
3  7  -5.10173737066902181e-06
4  0  9.32029962174346155e-05
4  1  -6.92096945302297359e-05
4  2  1.11471749381041301e-04
4  3  1.20807492724046846e-05
4  4  2.24252747802649427e-04
4  5  3.24077888373034919e-05
4  6  8.19300984449367693e-06
4  7  4.54387195718594538e-06
5  0  1.11929731546354667e-04
5  1  -1.03672562387508537e-05
5  2  1.31761725950093321e-04
5  3  -7.82099414702871633e-06
5  4  3.24077888373034919e-05
5  5  1.80936378075380739e-04
5  6  5.78466881005333411e-05
5  7  3.82177968374328394e-05
6  0  4.53180119675954959e-05
6  1  -5.14656201119198800e-06
6  2  8.53629129613983617e-05
6  3  -1.01240037361817521e-05
6  4  8.19300984449367524e-06
6  5  5.78466881005333411e-05
6  6  6.20392954030376772e-05
6  7  5.82178041322716972e-05
7  0  5.12187099222887916e-05
7  1  -7.67205937834438286e-07
7  2  8.53744147839426523e-05
7  3  -5.10173737066901927e-06
7  4  4.54387195718593945e-06
7  5  3.82177968374328394e-05
7  6  5.82178041322716972e-05
7  7  9.42561270138833520e-05
