numXbins 5
numYbins 5
xbin  ybin  z
0  0  2.61111533734853475e-03
0  1  1.50824887641405332e-03
0  2  2.00847716309144296e-03
0  3  2.38600561924142340e-03
0  4  5.75967047811204707e-03
1  0  1.50824887641405332e-03
1  1  8.71204209429607759e-04
1  2  1.16014922098847196e-03
1  3  1.37821958412331002e-03
1  4  3.32693711490697442e-03
2  0  2.00847716309144296e-03
2  1  1.16014922098847196e-03
2  2  1.54492620718783315e-03
2  3  1.83532214326485822e-03
2  4  4.43035451431530742e-03
3  0  2.38600561924142340e-03
3  1  1.37821958412331002e-03
3  2  1.83532214326485822e-03
3  3  2.18030308107057622e-03
3  4  5.26311723162303877e-03
4  0  5.75967047811204707e-03
4  1  3.32693711490697442e-03
4  2  4.43035451431530742e-03
4  3  5.26311723162303877e-03
4  4  1.27048405491432207e-02
