numXbins 8
numYbins 8
xbin  ybin  z
0  0  1.01446605895016109e-05
0  1  -1.41286606125488580e-07
0  2  -2.26224535966229419e-07
0  3  8.19822119649168223e-07
0  4  -8.82446500370226534e-08
0  5  9.31400950303968090e-07
0  6  -2.98441578574342334e-08
0  7  -2.77587634668653771e-07
1  0  -1.41286606125488712e-07
1  1  3.57754784250129769e-08
1  2  2.15254941384710415e-08
1  3  -2.07321347846079290e-08
1  4  1.22034937939960621e-09
1  5  -5.54728413943031167e-08
1  6  -1.18691483108036517e-08
1  7  -4.02123017651672192e-09
2  0  -2.26224535966229339e-07
2  1  2.15254941384710184e-08
2  2  1.50316595615629907e-08
2  3  -2.33443368437599739e-08
2  4  1.96314190875172235e-09
2  5  -4.38698183733984572e-08
2  6  -6.01137674333000781e-09
2  7  1.90337611379974631e-09
3  0  8.19822119649168118e-07
3  1  -2.07321347846079290e-08
3  2  -2.33443368437599541e-08
3  3  6.88185912001160082e-08
3  4  -7.12894607551727602e-09
3  5  8.69788488247468672e-08
3  6  9.72761950628509056e-10
3  7  -2.02597332748930932e-08
4  0  -8.82446500370225872e-08
4  1  1.22034937939959215e-09
4  2  1.96314190875173972e-09
4  3  -7.12894607551728015e-09
4  4  7.67609783117759070e-10
4  5  -8.09103740957543596e-09
4  6  2.62746657133019354e-10
4  7  2.41665030257071813e-09
5  0  9.31400950303968302e-07
5  1  -5.54728413943031432e-08
5  2  -4.38698183733984440e-08
5  3  8.69788488247468408e-08
5  4  -8.09103740957542603e-09
5  5  1.38943445772832069e-07
5  6  1.27036428267064387e-08
5  7  -1.55704947992544641e-08
6  0  -2.98441578574341937e-08
6  1  -1.18691483108036600e-08
6  2  -6.01137674333000367e-09
6  3  9.72761950628510503e-10
6  4  2.62746657133023128e-10
6  5  1.27036428267064321e-08
6  6  4.55174826095152884e-09
6  7  3.68262844116801812e-09
7  0  -2.77587634668653771e-07
7  1  -4.02123017651673185e-09
7  2  1.90337611379974507e-09
7  3  -2.02597332748930899e-08
7  4  2.41665030257071771e-09
7  5  -1.55704947992544608e-08
7  6  3.68262844116801729e-09
7  7  9.43568127955268114e-09
