numXbins 8
numYbins 8
xbin  ybin  z
0  0  1.62104908805674384e-05
0  1  3.85919202079051944e-06
0  2  3.33424762429088017e-06
0  3  2.67096438181479042e-06
0  4  2.53812787947833127e-06
0  5  7.85749121834189644e-07
0  6  -5.41983806949272553e-07
0  7  -1.18341067942101398e-06
1  0  3.85919202079052028e-06
1  1  1.72782055342962159e-06
1  2  1.56393303904039210e-06
1  3  9.69253723770602126e-07
1  4  1.20342112425950079e-06
1  5  1.60939920634816239e-07
1  6  -2.01805721547914877e-07
1  7  -4.23023649775662891e-07
2  0  3.33424762429088144e-06
2  1  1.56393303904039274e-06
2  2  1.41891657413777633e-06
2  3  8.66724562062295938e-07
2  4  1.09240939522103283e-06
2  5  1.36751410367557993e-07
2  6  -1.80754183609865079e-07
2  7  -3.77905303294152131e-07
3  0  2.67096438181479211e-06
3  1  9.69253723770601703e-07
3  2  8.66724562062296467e-07
3  3  5.77461580178854446e-07
3  4  6.65095628160480784e-07
3  5  1.18702505010681144e-07
3  6  -1.19289642484356789e-07
3  7  -2.53208113961975966e-07
4  0  2.53812787947833085e-06
4  1  1.20342112425950121e-06
4  2  1.09240939522103240e-06
4  3  6.65095628160480890e-07
4  4  8.41134399726933454e-07
4  5  1.03682439345810511e-07
4  6  -1.38756613091213804e-07
4  7  -2.89927057543288383e-07
5  0  7.85749121834190915e-07
5  1  1.60939920634816477e-07
5  2  1.36751410367557225e-07
5  3  1.18702505010681077e-07
5  4  1.03682439345810630e-07
5  5  3.89299000526290817e-08
5  6  -2.39211907178979344e-08
5  7  -5.28001505618659692e-08
6  0  -5.41983806949273400e-07
6  1  -2.01805721547914585e-07
6  2  -1.80754183609865185e-07
6  3  -1.19289642484356868e-07
6  4  -1.38756613091213698e-07
6  5  -2.39211907178979675e-08
6  6  2.46671322952581897e-08
6  7  5.22756895989942391e-08
7  0  -1.18341067942101355e-06
7  1  -4.23023649775662838e-07
7  2  -3.77905303294151973e-07
7  3  -2.53208113961976284e-07
7  4  -2.89927057543288224e-07
7  5  -5.28001505618657509e-08
7  6  5.22756895989943383e-08
7  7  1.11066712327739109e-07
