numXbins 8
numYbins 8
xbin  ybin  z
0  0  5.83886299269390248e-05
0  1  -7.49136693987020735e-06
0  2  2.11799812369442755e-05
0  3  2.12080617752751851e-06
0  4  9.65903388882415404e-06
0  5  1.13791049979211909e-05
0  6  4.64704251792324697e-06
0  7  5.21370662212559321e-06
1  0  -7.49136693987020904e-06
1  1  8.05142153671320417e-06
1  2  -6.15577736828035569e-06
1  3  -6.31079493092424321e-06
1  4  -7.34124524247212824e-06
1  5  -1.29200363563779678e-06
1  6  -6.52641786375504919e-07
1  7  -2.07503794292343334e-07
2  0  2.11799812369442755e-05
2  1  -6.15577736828035569e-06
2  2  4.11486621511922748e-05
2  3  -3.34531031206787498e-06
2  4  1.16266193397071596e-05
2  5  1.36660438216149744e-05
2  6  8.79467128435931928e-06
2  7  8.86385888713615758e-06
3  0  2.12080617752751894e-06
3  1  -6.31079493092424151e-06
3  2  -3.34531031206787371e-06
3  3  2.04813061707542693e-05
3  4  1.87464626481752372e-06
3  5  -3.63444229865246715e-07
3  6  -7.42888482928394223e-07
3  7  -2.26752299943551363e-07
4  0  9.65903388882415404e-06
4  1  -7.34124524247212824e-06
4  2  1.16266193397071596e-05
4  3  1.87464626481752351e-06
4  4  2.37246948564629416e-05
4  5  3.26178748605009816e-06
4  6  8.10868238541507338e-07
4  7  4.24151022421978471e-07
5  0  1.13791049979211909e-05
5  1  -1.29200363563779742e-06
5  2  1.36660438216149744e-05
5  3  -3.63444229865246715e-07
5  4  3.26178748605009943e-06
5  5  1.79901626068166857e-05
5  6  5.79785954004830225e-06
5  7  3.90193286648353836e-06
6  0  4.64704251792324697e-06
6  1  -6.52641786375504601e-07
6  2  8.79467128435931759e-06
6  3  -7.42888482928394223e-07
6  4  8.10868238541507338e-07
6  5  5.79785954004830225e-06
6  6  6.11804981305991898e-06
6  7  5.80757902843797939e-06
7  0  5.21370662212559321e-06
7  1  -2.07503794292342990e-07
7  2  8.86385888713615758e-06
7  3  -2.26752299943551522e-07
7  4  4.24151022421979160e-07
7  5  3.90193286648353751e-06
7  6  5.80757902843797939e-06
7  7  9.44436018270872129e-06
