numXbins 8
numYbins 8
xbin  ybin  z
0  0  6.82927221580836852e-04
0  1  1.55963222500597710e-05
0  2  2.81541689269154346e-04
0  3  5.83622968520785439e-05
0  4  1.52578772812853887e-04
0  5  1.85738075648475375e-04
0  6  7.41708362581365398e-05
0  7  9.03150339131476317e-05
1  0  1.55963222500597710e-05
1  1  5.15243298900386836e-05
1  2  -3.45784213486895474e-05
1  3  -4.38181324033767481e-05
1  4  -4.35649283606505389e-05
1  5  3.08094046649897048e-05
1  6  1.69888533269374999e-05
1  7  2.70723221207920433e-05
2  0  2.81541689269154346e-04
2  1  -3.45784213486895474e-05
2  2  4.53456418925964695e-04
2  3  -3.29773067649523612e-05
2  4  1.18293971229939952e-04
2  5  1.52832465942944482e-04
2  6  9.27948735528538114e-05
2  7  1.01055534783946700e-04
3  0  5.83622968520785439e-05
3  1  -4.38181324033767481e-05
3  2  -3.29773067649523816e-05
3  3  2.73565407763255155e-04
3  4  3.68145710077495507e-05
3  5  1.97777549447192748e-05
3  6  4.24875896965049632e-06
3  7  1.54523059746448387e-05
4  0  1.52578772812853887e-04
4  1  -4.35649283606505389e-05
4  2  1.18293971229939952e-04
4  3  3.68145710077495507e-05
4  4  2.57900592534398751e-04
4  5  6.84486687202876058e-05
4  6  1.49003420808174093e-05
4  7  1.93273480955621776e-05
5  0  1.85738075648475375e-04
5  1  3.08094046649897115e-05
5  2  1.52832465942944509e-04
5  3  1.97777549447192782e-05
5  4  6.84486687202876193e-05
5  5  2.16521416439919830e-04
5  6  6.95012763033492028e-05
5  7  5.43839981048495677e-05
6  0  7.41708362581365398e-05
6  1  1.69888533269374999e-05
6  2  9.27948735528538114e-05
6  3  4.24875896965049887e-06
6  4  1.49003420808174110e-05
6  5  6.95012763033491893e-05
6  6  5.63197323229943674e-05
6  7  6.18265812674363111e-05
7  0  9.03150339131476317e-05
7  1  2.70723221207920365e-05
7  2  1.01055534783946728e-04
7  3  1.54523059746448387e-05
7  4  1.93273480955621776e-05
7  5  5.43839981048495677e-05
7  6  6.18265812674363111e-05
7  7  1.05378553361790641e-04
