numXbins 5
numYbins 5
xbin  ybin  z
0  0  2.71841730803536044e-06
0  1  3.25171613624473473e-06
0  2  4.38905276260975826e-06
0  3  4.83031291539185067e-06
0  4  1.56521949282204887e-05
1  0  3.25171613624473430e-06
1  1  3.89177038982429244e-06
1  2  5.25239214275624073e-06
1  3  5.78089171085260621e-06
1  4  1.87354826397566103e-05
2  0  4.38905276260975657e-06
2  1  5.25239214275624073e-06
2  2  7.08886735316100874e-06
2  3  7.80203347786842413e-06
2  4  2.52850412473241082e-05
3  0  4.83031291539184982e-06
3  1  5.78089171085260705e-06
3  2  7.80203347786842583e-06
3  3  8.58703841058158754e-06
3  4  2.78297329558669534e-05
4  0  1.56521949282204853e-05
4  1  1.87354826397566069e-05
4  2  2.52850412473241082e-05
4  3  2.78297329558669466e-05
4  4  9.01976632731548008e-05
