numXbins 5
numYbins 5
xbin  ybin  z
0  0  5.83171078623724871e-05
0  1  8.00785801957732187e-06
0  2  -4.73397677047122963e-05
0  3  -5.82713555957711633e-05
0  4  -1.34422298228733655e-04
1  0  8.00785801957732017e-06
1  1  1.09960511438675497e-06
1  2  -6.50049620694076631e-06
1  3  -8.00157551229177222e-06
1  4  -1.84583001170316785e-05
2  0  -4.73397677047122963e-05
2  1  -6.50049620694076462e-06
2  2  3.84287508157121391e-05
2  3  4.73026276312027492e-05
2  4  1.09119272298270070e-04
3  0  -5.82713555957711497e-05
3  1  -8.00157551229178069e-06
3  2  4.73026276312027628e-05
3  3  5.82256392237808060e-05
3  4  1.34316838183625825e-04
4  0  -1.34422298228733682e-04
4  1  -1.84583001170316785e-05
4  2  1.09119272298270083e-04
4  3  1.34316838183625852e-04
4  4  3.09846542865912123e-04
