numXbins 5
numYbins 5
xbin  ybin  z
0  0  9.13958555619751520e-07
0  1  4.16806115017936267e-07
0  2  -2.64952511009664490e-07
0  3  6.54009464905996531e-07
0  4  1.27547848596820153e-06
1  0  4.16806115017936267e-07
1  1  6.02374511484593179e-07
1  2  8.13735518828292482e-09
1  3  6.76989272731251678e-07
1  4  7.27860253447575358e-07
2  0  -2.64952511009664543e-07
2  1  8.13735518828295460e-09
2  2  4.30616203996578749e-07
2  3  -6.82511376927651006e-07
2  4  -2.79044456750714879e-07
3  0  6.54009464905996531e-07
3  1  6.76989272731251466e-07
3  2  -6.82511376927651006e-07
3  3  2.28661660866966970e-06
3  4  1.40601698102046034e-06
4  0  1.27547848596820175e-06
4  1  7.27860253447575358e-07
4  2  -2.79044456750714985e-07
4  3  1.40601698102046034e-06
4  4  4.43376635390109063e-06
