numXbins 5
numYbins 5
xbin  ybin  z
0  0  5.41248421938335514e-05
0  1  -1.32842553495688213e-05
0  2  -4.11162080476218844e-06
0  3  1.99829111920434889e-05
0  4  1.48712523228368681e-04
1  0  -1.32842553495688213e-05
1  1  4.07663044641847300e-06
1  2  1.71109638249666308e-06
1  3  -5.04387250918321430e-06
1  4  -3.71024792970253863e-05
2  0  -4.11162080476218928e-06
2  1  1.71109638249666393e-06
2  2  9.16051789189779563e-07
2  3  -1.63783407068561826e-06
2  4  -1.18155247997643715e-05
3  0  1.99829111920434923e-05
3  1  -5.04387250918321430e-06
3  2  -1.63783407068561826e-06
3  3  7.40147985489586712e-06
3  4  5.50076276283053425e-05
4  0  1.48712523228368654e-04
4  1  -3.71024792970253863e-05
4  2  -1.18155247997643715e-05
4  3  5.50076276283053493e-05
4  4  4.09045396983712367e-04
