numXbins 5
numYbins 5
xbin  ybin  z
0  0  6.12420471562275524e-05
0  1  3.08883789416775157e-05
0  2  2.27510915403284175e-05
0  3  3.59299473672267754e-05
0  4  1.20727318417192961e-04
1  0  3.08883789416775022e-05
1  1  2.58735215511648704e-05
1  2  2.03609678221315407e-05
1  3  2.04074230481868371e-05
1  4  5.92925320363279652e-05
2  0  2.27510915403284073e-05
2  1  2.03609678221315340e-05
2  2  3.42551995686090374e-05
2  3  3.20097886490535989e-05
2  4  1.03156592514251001e-04
3  0  3.59299473672267483e-05
3  1  2.04074230481868371e-05
3  2  3.20097886490535854e-05
3  3  6.36816755664342037e-05
3  4  1.75837116395505841e-04
4  0  1.20727318417192974e-04
4  1  5.92925320363279991e-05
4  2  1.03156592514251042e-04
4  3  1.75837116395505868e-04
4  4  5.91046135836469262e-04
