numXbins 5
numYbins 5
xbin  ybin  z
0  0  1.24247189238096415e-06
0  1  1.04882205460528210e-06
0  2  -6.96288085102777666e-08
0  3  7.11422866791968203e-07
0  4  7.55142030233092855e-07
1  0  1.04882205460528210e-06
1  1  8.86738117699223061e-07
1  2  -1.83405990629634892e-08
1  3  5.83643775667853066e-07
1  4  6.93548776234646781e-07
2  0  -6.96288085102774357e-08
2  1  -1.83405990629632311e-08
2  2  1.18537516135873572e-06
2  3  -5.33593920961307149e-07
2  4  1.59689260903888590e-06
3  0  7.11422866791967568e-07
3  1  5.83643775667853172e-07
3  2  -5.33593920961307361e-07
3  3  6.13673995552340922e-07
3  4  -2.52625115366875295e-07
4  0  7.55142030233091373e-07
4  1  6.93548776234646887e-07
4  2  1.59689260903888547e-06
4  3  -2.52625115366875984e-07
4  4  2.73324631376252882e-06
