numXbins 5
numYbins 5
xbin  ybin  z
0  0  4.44797983200538218e-06
0  1  6.15970376448932603e-06
0  2  6.34665155143435580e-06
0  3  9.10027326875020093e-06
0  4  1.77602571727545642e-05
1  0  6.15970376448932688e-06
1  1  8.53015344027712945e-06
1  2  8.78904467416319625e-06
1  3  1.26023474989835261e-05
1  4  2.45949682995735543e-05
2  0  6.34665155143435411e-06
2  1  8.78904467416319964e-06
2  2  9.05579328968399889e-06
2  3  1.29848303366857914e-05
2  4  2.53414286927008584e-05
3  0  9.10027326875020771e-06
3  1  1.26023474989835312e-05
3  2  1.29848303366857965e-05
3  3  1.86185586926530882e-05
3  4  3.63363143943211636e-05
4  0  1.77602571727545709e-05
4  1  2.45949682995735644e-05
4  2  2.53414286927008550e-05
4  3  3.63363143943211636e-05
4  4  7.09146054513851729e-05
