numXbins 5
numYbins 5
xbin  ybin  z
0  0  1.11199495800134554e-06
0  1  1.53992594112233151e-06
0  2  1.58666288785858895e-06
0  3  2.27506831718755023e-06
0  4  4.44006429318864104e-06
1  0  1.53992594112233172e-06
1  1  2.13253836006928236e-06
1  2  2.19726116854079906e-06
1  3  3.15058687474588153e-06
1  4  6.14874207489338857e-06
2  0  1.58666288785858853e-06
2  1  2.19726116854079991e-06
2  2  2.26394832242099972e-06
2  3  3.24620758417144786e-06
2  4  6.33535717317521460e-06
3  0  2.27506831718755193e-06
3  1  3.15058687474588280e-06
3  2  3.24620758417144913e-06
3  3  4.65463967316327206e-06
3  4  9.08407859858029090e-06
4  0  4.44006429318864273e-06
4  1  6.14874207489339111e-06
4  2  6.33535717317521376e-06
4  3  9.08407859858029090e-06
4  4  1.77286513628462932e-05
