numXbins 5
numYbins 5
xbin  ybin  z
0  0  9.50133216249447282e-05
0  1  7.34692063761738211e-06
0  2  -1.48511398454128299e-05
0  3  -1.75748249028279211e-05
0  4  -8.51764265150701043e-06
1  0  7.34692063761737957e-06
1  1  1.38974060709471753e-04
1  2  4.18326880757783023e-05
1  3  4.78949406676766926e-05
1  4  2.68912419266618232e-05
2  0  -1.48511398454128299e-05
2  1  4.18326880757782956e-05
2  2  8.45668647107626864e-05
2  3  -1.67650260054615675e-05
2  4  -2.15299844950350755e-05
3  0  -1.75748249028279211e-05
3  1  4.78949406676766926e-05
3  2  -1.67650260054615607e-05
3  3  1.39254553782385107e-04
3  4  -1.41991962751589327e-05
4  0  -8.51764265150701212e-06
4  1  2.68912419266618165e-05
4  2  -2.15299844950350755e-05
4  3  -1.41991962751589361e-05
4  4  1.95258825552627771e-04
