numXbins 5
numYbins 5
xbin  ybin  z
0  0  2.92009716628174854e-04
0  1  8.35461610760424538e-05
0  2  1.68759411736427357e-04
0  3  4.46021356372236196e-04
0  4  4.46146586275174587e-04
1  0  8.35461610760424267e-05
1  1  2.39031807267969461e-05
1  2  4.82833282358980073e-05
1  3  1.27610041587343547e-04
1  4  1.27645870797971262e-04
2  0  1.68759411736427303e-04
2  1  4.82833282358980140e-05
2  2  9.75301074857354370e-05
2  3  2.57766428433975944e-04
2  4  2.57838801795368523e-04
3  0  4.46021356372235925e-04
3  1  1.27610041587343520e-04
3  2  2.57766428433975944e-04
3  3  6.81261749222679511e-04
3  4  6.81453027827418913e-04
4  0  4.46146586275174804e-04
4  1  1.27645870797971317e-04
4  2  2.57838801795368523e-04
4  3  6.81453027827418913e-04
4  4  6.81644360137660709e-04
