numXbins 5
numYbins 5
xbin  ybin  z
0  0  2.81757953124936783e-05
0  1  2.93674813292640286e-05
0  2  2.11660790080707295e-05
0  3  1.08951843076015241e-05
0  4  2.54081700116236355e-06
1  0  2.93674813292640354e-05
1  1  3.34454989361780943e-05
1  2  2.37188220697183510e-05
1  3  1.09681512882859903e-05
1  4  -7.21541304293836689e-07
2  0  2.11660790080707295e-05
2  1  2.37188220697183510e-05
2  2  1.88822947623863062e-05
2  3  1.36956585743971787e-05
2  4  1.32338620996518066e-05
3  0  1.08951843076015241e-05
3  1  1.09681512882859869e-05
3  2  1.36956585743971753e-05
3  3  2.71485429876415186e-05
3  4  4.96883461764064044e-05
4  0  2.54081700116236355e-06
4  1  -7.21541304293833830e-07
4  2  1.32338620996518066e-05
4  3  4.96883461764064044e-05
4  4  1.12498085615328987e-04
