numXbins 5
numYbins 5
xbin  ybin  z
0  0  5.27218019276637232e-04
0  1  8.30855434239094362e-04
0  2  7.92077058296005365e-04
0  3  8.50033988151434306e-04
0  4  1.75368223348589653e-03
1  0  8.30855434239094362e-04
1  1  1.30936486873453150e-03
1  2  1.24825310243434329e-03
1  3  1.33958880865369051e-03
1  4  2.76366960222536578e-03
2  0  7.92077058296005365e-04
2  1  1.24825310243434329e-03
2  2  1.18999359532447405e-03
2  3  1.27706640548893202e-03
2  4  2.63468131569423144e-03
3  0  8.50033988151434306e-04
3  1  1.33958880865369051e-03
3  2  1.27706640548893202e-03
3  3  1.37051040479232653e-03
3  4  2.82746311464394332e-03
4  0  1.75368223348589653e-03
4  1  2.76366960222536578e-03
4  2  2.63468131569423144e-03
4  3  2.82746311464394332e-03
4  4  5.83326302136571127e-03
