numXbins 5
numYbins 5
xbin  ybin  z
0  0  7.88229738856695151e-06
0  1  -9.20651580275077295e-06
0  2  -5.03008264854424162e-06
0  3  -5.31012608924651076e-05
0  4  -9.32549680655929642e-05
1  0  -9.20651580275077634e-06
1  1  1.07532016426126857e-05
1  2  5.87513171732593282e-06
1  3  6.20222218793184632e-05
1  4  1.08921713411398109e-04
2  0  -5.03008264854424331e-06
2  1  5.87513171732593536e-06
2  2  3.20994377703704313e-06
2  3  3.38865330580442119e-05
2  4  5.95105936294251212e-05
3  0  -5.31012608924651009e-05
3  1  6.20222218793184496e-05
3  2  3.38865330580442458e-05
3  3  3.57731225982364461e-04
3  4  6.28237700844962925e-04
4  0  -9.32549680655929777e-05
4  1  1.08921713411398109e-04
4  2  5.95105936294251279e-05
4  3  6.28237700844962925e-04
4  4  1.10329370235748552e-03
