numXbins 5
numYbins 5
xbin  ybin  z
0  0  1.33251564720330237e-06
0  1  1.22329037621858472e-06
0  2  1.11763699550896489e-06
0  3  6.03046776844534708e-09
0  4  2.17599901592002805e-06
1  0  1.22329037621858557e-06
1  1  1.12301821572583353e-06
1  2  1.02602516044104455e-06
1  3  5.53615501680476609e-09
1  4  1.99763406938061846e-06
2  0  1.11763699550896489e-06
2  1  1.02602516044104434e-06
2  2  9.37409220185861373e-07
2  3  5.05800730549364514e-09
2  4  1.82510202224460451e-06
3  0  6.03046776844555470e-09
3  1  5.53615501680475782e-09
3  2  5.05800730549357152e-09
3  3  2.72916431282064958e-11
3  4  9.84775822874240102e-09
4  0  2.17599901592002848e-06
4  1  1.99763406938061930e-06
4  2  1.82510202224460409e-06
4  3  9.84775822874234642e-09
4  4  3.55340796727058291e-06
