numXbins 5
numYbins 5
xbin  ybin  z
0  0  8.66380217508697410e-06
0  1  7.17570328508387545e-07
0  2  -1.58320953929330731e-06
0  3  -1.71846968571843596e-06
0  4  -6.71424980301843287e-07
1  0  7.17570328508387651e-07
1  1  1.29570877549010273e-05
1  2  3.91105861190486372e-06
1  3  4.44699218416428582e-06
1  4  2.39833506563247655e-06
2  0  -1.58320953929330752e-06
2  1  3.91105861190486372e-06
2  2  9.22772351093474715e-06
2  3  -2.09682561715688707e-06
2  4  -2.47596278754201627e-06
3  0  -1.71846968571843596e-06
3  1  4.44699218416428497e-06
3  2  -2.09682561715688707e-06
3  3  1.43225884745238028e-05
3  4  -1.44450128862939070e-06
4  0  -6.71424980301843498e-07
4  1  2.39833506563247740e-06
4  2  -2.47596278754201712e-06
4  3  -1.44450128862939070e-06
4  4  1.89849994121173440e-05
