numXbins 5
numYbins 5
xbin  ybin  z
0  0  1.15138021846451582e-03
0  1  5.27981412478504002e-04
0  2  5.30508495992525653e-04
0  3  1.16076997379604757e-03
0  4  1.73069440531051178e-03
1  0  5.27981412478504436e-04
1  1  9.07951482589649497e-04
1  2  8.11005321831949713e-04
1  3  1.27780635717884470e-03
1  4  2.17025178626979558e-03
2  0  5.30508495992525978e-04
2  1  8.11005321831949821e-04
2  2  9.25010844496381227e-04
2  3  1.41698778051522795e-03
2  4  2.37722111152650342e-03
3  0  1.16076997379604822e-03
3  1  1.27780635717884470e-03
3  2  1.41698778051522816e-03
3  3  2.93166378927697379e-03
3  4  4.66449498270750992e-03
4  0  1.73069440531051178e-03
4  1  2.17025178626979558e-03
4  2  2.37722111152650255e-03
4  3  4.66449498270750992e-03
4  4  8.77447254248310722e-03
