numXbins 5
numYbins 5
xbin  ybin  z
0  0  1.28550762885531455e-06
0  1  1.12300792988396120e-06
0  2  1.14244775398441615e-06
0  3  2.28797568026892108e-07
0  4  2.49338602285190342e-06
1  0  1.12300792988396141e-06
1  1  9.81060338480329442e-07
1  2  9.98032937221601141e-07
1  3  1.99874422175660501e-07
1  4  2.17812299714392725e-06
2  0  1.14244775398441615e-06
2  1  9.98032937221601564e-07
2  2  1.01530860200449172e-06
2  3  2.03335362580531001e-07
2  4  2.21589941678047716e-06
3  0  2.28797568026892267e-07
3  1  1.99874422175660024e-07
3  2  2.03335362580530816e-07
3  3  4.07220201027597661e-08
3  4  4.43786257151736483e-07
4  0  2.49338602285190342e-06
4  1  2.17812299714392682e-06
4  2  2.21589941678047716e-06
4  3  4.43786257151736695e-07
4  4  4.83675131492259274e-06
