numXbins 5
numYbins 5
xbin  ybin  z
0  0  1.63703127165063565e-07
0  1  -8.41542483172969697e-07
0  2  -9.03791979481133402e-07
0  3  -1.08590699982685613e-06
0  4  -1.00647912659770637e-06
1  0  -8.41542483172969486e-07
1  1  4.46989757662454859e-06
1  2  4.75634725654741537e-06
1  3  5.71678075942860399e-06
1  4  5.24067895009426688e-06
2  0  -9.03791979481134144e-07
2  1  4.75634725654741452e-06
2  2  5.07429658539962724e-06
2  3  6.09832483068216072e-06
2  4  5.60783653713723182e-06
3  0  -1.08590699982685570e-06
3  1  5.71678075942859976e-06
3  2  6.09832483068216242e-06
3  3  7.32903710610823575e-06
3  4  6.73876055783451013e-06
4  0  -1.00647912659770616e-06
4  1  5.24067895009426433e-06
4  2  5.60783653713723182e-06
4  3  6.73876055783451182e-06
4  4  6.21897675069387057e-06
