numXbins 5
numYbins 5
xbin  ybin  z
0  0  1.27133041016115503e-04
0  1  2.27005698375734486e-05
0  2  2.12875144279861791e-05
0  3  4.77144736185768228e-05
0  4  2.73947756523227226e-04
1  0  2.27005698375734825e-05
1  1  4.79676867669592025e-05
1  2  4.00803391030590779e-05
1  3  2.93522412486384194e-05
1  4  4.33997698145462447e-05
2  0  2.12875144279862130e-05
2  1  4.00803391030591050e-05
2  2  5.90362420185277045e-05
2  3  5.03274252760272246e-05
2  4  1.37403685508962582e-04
3  0  4.77144736185768092e-05
3  1  2.93522412486384025e-05
3  2  5.03274252760271975e-05
3  3  1.06731631504335985e-04
3  4  2.83029079848102160e-04
4  0  2.73947756523227226e-04
4  1  4.33997698145461972e-05
4  2  1.37403685508962555e-04
4  3  2.83029079848102052e-04
4  4  1.19090069010630191e-03
