numXbins 5
numYbins 5
xbin  ybin  z
0  0  6.89026604092906636e-07
0  1  4.61667688102541605e-07
0  2  5.08079910298638643e-07
0  3  -1.56399053447740349e-07
0  4  2.23911583330167505e-06
1  0  4.61667688102541817e-07
1  1  1.54940788957033319e-06
1  2  8.47226637201916217e-07
1  3  1.05282678788104828e-06
1  4  -6.58356309137765218e-06
2  0  5.08079910298639066e-07
2  1  8.47226637201916005e-07
2  2  5.81771897908499693e-07
2  3  3.57772261525526401e-07
2  4  -1.65262881340226810e-06
3  0  -1.56399053447740190e-07
3  1  1.05282678788104871e-06
3  2  3.57772261525526454e-07
3  3  1.11614347171705323e-06
3  4  -8.05454986876618596e-06
4  0  2.23911583330167462e-06
4  1  -6.58356309137765218e-06
4  2  -1.65262881340226725e-06
4  3  -8.05454986876618426e-06
4  4  5.99734438124104095e-05
