numXbins 5
numYbins 5
xbin  ybin  z
0  0  5.18534708211851108e-04
0  1  5.95199307771956851e-05
0  2  4.42577302804696886e-05
0  3  2.42477765805212405e-04
0  4  1.39566976111364980e-04
1  0  5.95199307771956715e-05
1  1  1.92939758166278338e-04
1  2  1.40091354318097144e-04
1  3  2.79077357718450427e-04
1  4  3.55541837887705253e-04
2  0  4.42577302804697089e-05
2  1  1.40091354318097090e-04
2  2  1.19794030157530836e-04
2  3  2.50279371283200914e-04
2  4  3.41558990386157902e-04
3  0  2.42477765805212405e-04
3  1  2.79077357718450481e-04
3  2  2.50279371283201023e-04
3  3  1.00223448060776459e-03
3  4  1.45559744883875923e-03
4  0  1.39566976111364925e-04
4  1  3.55541837887705416e-04
4  2  3.41558990386157957e-04
4  3  1.45559744883875966e-03
4  4  2.33722330119123713e-03
