numXbins 5
numYbins 5
xbin  ybin  z
0  0  -1.90324952273618239e-04
0  1  -3.74752116714678998e-04
0  2  -3.04737581446426671e-04
0  3  4.21661279336812497e-05
0  4  -3.04210294465796578e-05
1  0  -3.74752116714679540e-04
1  1  -7.08482725404239902e-04
1  2  -5.92642334269396771e-04
1  3  -5.41728520025755558e-05
1  4  -2.96796231937792644e-04
2  0  -3.04737581446426942e-04
2  1  -5.92642334269396988e-04
2  2  -4.86071815686828115e-04
2  3  3.30396968899809097e-05
2  4  -1.08234324739199108e-04
3  0  4.21661279336805044e-05
3  1  -5.41728520025755558e-05
3  2  3.30396968899809097e-05
3  3  6.30721255740798650e-04
3  4  1.11191924658111214e-03
4  0  -3.04210294465801558e-05
4  1  -2.96796231937792644e-04
4  2  -1.08234324739198118e-04
4  3  1.11191924658111409e-03
4  4  1.90342103592763671e-03
