numXbins 5
numYbins 5
xbin  ybin  z
0  0  1.24238218175914223e-04
0  1  6.03883525227288546e-05
0  2  2.40642218665668788e-06
0  3  4.22065545711833705e-05
0  4  9.79846600876768762e-05
1  0  6.03883525227288411e-05
1  1  1.83229164341761557e-04
1  2  7.64054953672778348e-05
1  3  1.23780105079121793e-04
1  4  1.38305852580610465e-04
2  0  2.40642218665668788e-06
2  1  7.64054953672778348e-05
2  2  6.51421662656966120e-05
2  3  -1.80038076653984396e-07
2  4  5.09798815316561444e-05
3  0  4.22065545711833569e-05
3  1  1.23780105079121793e-04
3  2  -1.80038076653980505e-07
3  3  2.08383668641265999e-04
3  4  1.30660837739566979e-04
4  0  9.79846600876768762e-05
4  1  1.38305852580610465e-04
4  2  5.09798815316561511e-05
4  3  1.30660837739567006e-04
4  4  4.59941463824648238e-04
