numXbins 5
numYbins 5
xbin  ybin  z
0  0  9.93121821176316854e-05
0  1  6.30317483002821173e-05
0  2  3.41284556784313446e-05
0  3  1.42603537647212792e-04
0  4  1.19267234513052500e-04
1  0  6.30317483002821173e-05
1  1  4.00051756901710981e-05
1  2  2.16607487856044734e-05
1  3  9.05080333554882067e-05
1  4  7.56968797382087557e-05
2  0  3.41284556784313242e-05
2  1  2.16607487856044768e-05
2  2  1.17281834127362912e-05
2  3  4.90054534137194213e-05
2  4  4.09859741290000473e-05
3  0  1.42603537647212765e-04
3  1  9.05080333554882202e-05
3  2  4.90054534137194281e-05
3  3  2.04766107398718226e-04
3  4  1.71257233546794605e-04
4  0  1.19267234513052595e-04
4  1  7.56968797382087964e-05
4  2  4.09859741290000812e-05
4  3  1.71257233546794578e-04
4  4  1.43231906953196042e-04
