numXbins 5
numYbins 5
xbin  ybin  z
0  0  4.60378335895506297e+00
0  1  2.01000463334876756e+00
0  2  -2.42658173484183548e+00
0  3  -1.04108584101994950e+00
0  4  3.26031704523538191e-01
1  0  -6.40387955219030802e-01
1  1  6.50048506085155342e+00
1  2  -1.36403202214299069e+00
1  3  -2.12964054304894956e-01
1  4  -3.18378865723991766e-01
2  0  -7.68907132127450543e-01
2  1  3.24706069387092278e+00
2  2  1.58301281728994803e+00
2  3  -1.08950840417218719e+00
2  4  2.42883280198534113e-01
3  0  -8.88183837182424218e-01
3  1  3.83662056118400985e+00
3  2  -3.68424279327762516e+00
3  3  3.59563964776128309e+00
3  4  1.18998352357227333e-01
4  0  -1.26151864052439588e+00
4  1  4.58447160653300578e+00
4  2  -4.27121816157440914e+00
4  3  -1.49738157140794836e+00
4  4  4.95899331102444307e+00
