numXbins 4
numYbins 4
xbin  ybin  z
0  0  8.54513489386590663e-01
0  1  -5.21740995172876865e-02
0  2  -6.08725375350331888e-02
0  3  3.60415822760842275e-02
1  0  -1.67406216496601701e-03
1  1  7.37175615533487871e-01
1  2  -5.86144349654205143e-03
1  3  1.18115202640183270e-02
2  0  -2.14933570678113028e-02
2  1  3.96622653352096677e-02
2  2  7.69004797970410436e-01
2  3  -4.00373949305503629e-02
3  0  8.48138014553114772e-02
3  1  1.27247621872811578e-01
3  2  4.72075118741486222e-02
3  3  5.74068768088181969e-01
