numXbins 4
numYbins 4
xbin  ybin  z
0  0  6.70902994021547577e-05
0  1  1.10577815050222851e-04
0  2  1.18680766508633348e-04
0  3  4.23499107066513697e-06
1  0  1.10577815050222811e-04
1  1  1.82253668417651691e-04
1  2  1.95608902716997644e-04
1  3  6.98008599640138934e-06
2  0  1.18680766508633321e-04
2  1  1.95608902716997671e-04
2  2  2.09942785538148381e-04
2  3  7.49157465240965599e-06
3  0  4.23499107066513697e-06
3  1  6.98008599640138764e-06
3  2  7.49157465240967462e-06
3  3  2.67328503948176432e-07
