numXbins 4
numYbins 4
xbin  ybin  z
0  0  1.90228238125184128e-07
0  1  -5.08529652721568915e-07
0  2  -1.36628861532560660e-07
0  3  3.53135053123031535e-07
1  0  -5.08529652721568915e-07
1  1  2.80635146802766543e-06
1  2  2.14657215022652282e-07
1  3  -1.06119879673278067e-06
2  0  -1.36628861532560660e-07
2  1  2.14657215022652282e-07
2  2  2.50777543643690837e-07
2  3  -6.22633400526080526e-07
3  0  3.53135053123031429e-07
3  1  -1.06119879673278067e-06
3  2  -6.22633400526080526e-07
3  3  2.74277094704652369e-06
