numXbins 4
numYbins 4
xbin  ybin  z
0  0  3.36999747043971947e-05
0  1  -1.66261074725218756e-05
0  2  -6.02496147907608469e-05
0  3  -9.05623871621245082e-05
1  0  -1.66261074725218620e-05
1  1  8.20260110319248518e-06
1  2  2.97245496317398832e-05
1  3  4.46795582232040067e-05
2  0  -6.02496147907608131e-05
2  1  2.97245496317398900e-05
2  2  1.07715691607371410e-04
2  3  1.61909585657279303e-04
3  0  -9.05623871621245353e-05
3  1  4.46795582232039864e-05
3  2  1.61909585657279303e-04
3  3  2.43369499248686019e-04
