numXbins 4
numYbins 4
xbin  ybin  z
0  0  3.71827324552199837e-03
0  1  5.43612137766665655e-04
0  2  1.29924948002533907e-03
0  3  1.96087042700234578e-03
1  0  5.43612137766664679e-04
1  1  9.72880304809724847e-04
1  2  1.32991252303235976e-03
1  3  1.05613838120819769e-03
2  0  1.29924948002533886e-03
2  1  1.32991252303235998e-03
2  2  5.43046327791070396e-03
2  3  3.69145175058826699e-03
3  0  1.96087042700234535e-03
3  1  1.05613838120819704e-03
3  2  3.69145175058826699e-03
3  3  5.38964764706117636e-03
