numXbins 4
numYbins 4
xbin  ybin  z
0  0  1.81349204938127773e-09
0  1  -2.44450309653392048e-08
0  2  -6.29426435180454947e-08
0  3  6.01162424850458202e-09
1  0  -2.44450309653392180e-08
1  1  3.32202668657438876e-07
1  2  8.56275096012342263e-07
1  3  -7.94888212800321534e-08
2  0  -6.29426435180455609e-08
2  1  8.56275096012342369e-07
2  2  2.20740455830989637e-06
2  3  -2.04157983080701870e-07
3  0  6.01162424850455969e-09
3  1  -7.94888212800321137e-08
3  2  -2.04157983080701791e-07
3  3  2.08140154735336154e-08
