numXbins 4
numYbins 4
xbin  ybin  z
0  0  1.74644706063067662e-04
0  1  3.94431394289991504e-05
0  2  -5.83170680911785467e-05
0  3  -8.06863219924643278e-05
1  0  3.94431394289991707e-05
1  1  2.12271249602329996e-05
1  2  4.43662933218987610e-05
1  3  3.17802282878992831e-05
2  0  -5.83170680911786551e-05
2  1  4.43662933218987474e-05
2  2  9.99790748038431945e-04
2  3  7.87030753592243924e-04
3  0  -8.06863219924643414e-05
3  1  3.17802282878993305e-05
3  2  7.87030753592244032e-04
3  3  7.37708024448998929e-04
