numXbins 4
numYbins 4
xbin  ybin  z
0  0  6.25589805502501409e-07
0  1  3.17329729016204699e-08
0  2  -2.84820809007644347e-06
0  3  -1.49285338033173009e-06
1  0  3.17329729016202979e-08
1  1  1.75812869653191590e-07
1  2  2.34867439247418945e-07
1  3  -1.61460701626904721e-07
2  0  -2.84820809007644178e-06
2  1  2.34867439247418574e-07
2  2  1.37934765411643308e-05
2  3  6.61002008663631364e-06
3  0  -1.49285338033173009e-06
3  1  -1.61460701626904853e-07
3  2  6.61002008663631195e-06
3  3  3.60461191553350698e-06
