numXbins 4
numYbins 4
xbin  ybin  z
0  0  5.60143014147295159e-05
0  1  -5.33246389284484514e-06
0  2  -4.21041677731964200e-05
0  3  6.27307909738838664e-06
1  0  -5.33246389284484514e-06
1  1  1.96323237765443948e-05
1  2  2.03127928586451535e-06
1  3  -8.95180043086960179e-06
2  0  -4.21041677731964200e-05
2  1  2.03127928586451535e-06
2  2  7.94641111527884269e-05
2  3  -1.37918196646423686e-05
3  0  6.27307909738838748e-06
3  1  -8.95180043086960179e-06
3  2  -1.37918196646423686e-05
3  3  2.59961279413383402e-05
