numXbins 4
numYbins 4
xbin  ybin  z
0  0  5.57894237194249548e-05
0  1  -4.76457897706991109e-06
0  2  -4.19456711674856420e-05
0  3  5.91819812552330481e-06
1  0  -4.76457897706991109e-06
1  1  1.67731317836531668e-05
1  2  1.78392462262826587e-06
1  3  -7.91954264507761845e-06
2  0  -4.19456711674856420e-05
2  1  1.78392462262826587e-06
2  2  7.91706753868487179e-05
2  3  -1.31359653323719391e-05
3  0  5.91819812552330650e-06
3  1  -7.91954264507761845e-06
3  2  -1.31359653323719374e-05
3  3  2.34406990789362011e-05
