numXbins 4
numYbins 4
xbin  ybin  z
0  0  3.98401767008847718e-03
0  1  6.66561823727757964e-04
0  2  1.16728114540140407e-03
0  3  2.04554770536267711e-03
1  0  6.66561823727757530e-04
1  1  8.87371464562360015e-04
1  2  1.05447170523599023e-03
1  3  1.12090391699507159e-03
2  0  1.16728114540140255e-03
2  1  1.05447170523598980e-03
2  2  5.55918524825104853e-03
2  3  3.59151157092191947e-03
3  0  2.04554770536267841e-03
3  1  1.12090391699507159e-03
3  2  3.59151157092191817e-03
3  3  5.16704243412604951e-03
