numXbins 4
numYbins 4
xbin  ybin  z
0  0  5.86493963669839365e-06
0  1  -7.19041126758309082e-06
0  2  -1.38119421327879141e-05
0  3  2.75793021966175746e-05
1  0  -7.19041126758308998e-06
1  1  8.81543841874747411e-06
1  2  1.69334299226839726e-05
1  3  -3.38122022647572714e-05
2  0  -1.38119421327879141e-05
2  1  1.69334299226839726e-05
2  2  3.25271455968255730e-05
2  3  -6.49493003506493988e-05
3  0  2.75793021966175712e-05
3  1  -3.38122022647572646e-05
3  2  -6.49493003506493988e-05
3  3  1.29688957903842438e-04
