numXbins 4
numYbins 4
xbin  ybin  z
0  0  3.41799112774246189e-06
0  1  9.59474585323434777e-06
0  2  -1.65154664462869300e-05
0  3  8.34940010937885700e-06
1  0  9.59474585323435116e-06
1  1  2.69337001026569840e-05
1  2  -4.63610633490451991e-05
1  3  2.34378525521127108e-05
2  0  -1.65154664462869402e-05
2  1  -4.63610633490451788e-05
2  2  7.98014452771808266e-05
2  3  -4.03436498807263781e-05
3  0  8.34940010937885870e-06
3  1  2.34378525521127074e-05
3  2  -4.03436498807263849e-05
3  3  2.03957469698114413e-05
