numXbins 4
numYbins 4
xbin  ybin  z
0  0  8.39482130479458249e-05
0  1  -5.61975055463296566e-05
0  2  -6.20551010061744036e-06
0  3  -5.62667407326105637e-05
1  0  -5.61975055463296633e-05
1  1  3.76203318089214802e-05
1  2  4.15415856556802317e-06
1  3  3.76666799636201331e-05
2  0  -6.20551010061744036e-06
2  1  4.15415856556801893e-06
2  2  4.58715608238993705e-07
2  3  4.15927647853108515e-06
3  0  -5.62667407326105637e-05
3  1  3.76666799636201331e-05
3  2  4.15927647853108854e-06
3  3  3.77130852191294720e-05
