numXbins 4
numYbins 4
xbin  ybin  z
0  0  2.27113764337893723e-05
0  1  9.56141103227029822e-06
0  2  4.75039440751077918e-05
0  3  3.33464246548834982e-05
1  0  9.56141103227029652e-06
1  1  4.22577408239619972e-06
1  2  2.05362357044235028e-05
1  3  1.40303530066316074e-05
2  0  4.75039440751077918e-05
2  1  2.05362357044235028e-05
2  2  1.00800852387439519e-04
2  3  6.97261488708940630e-05
3  0  3.33464246548834982e-05
3  1  1.40303530066316007e-05
3  2  6.97261488708940630e-05
3  3  4.89618931937822093e-05
