numXbins 4
numYbins 4
xbin  ybin  z
0  0  3.15082977869310648e-03
0  1  6.03964066571420054e-04
0  2  1.70814554667869005e-03
0  3  1.88278734282282191e-03
1  0  6.03964066571419729e-04
1  1  7.56769718922093424e-04
1  2  1.31323522662170930e-03
1  3  1.15205446993216069e-03
2  0  1.70814554667869070e-03
2  1  1.31323522662170865e-03
2  2  4.66851524074148646e-03
2  3  3.85903146326621463e-03
3  0  1.88278734282282126e-03
3  1  1.15205446993215982e-03
3  2  3.85903146326621420e-03
3  3  5.09408931448617364e-03
