numXbins 4
numYbins 4
xbin  ybin  z
0  0  4.28747806033367106e-04
0  1  -1.41262362519764198e-04
0  2  -4.39857074003071073e-04
0  3  -4.23929286624423875e-04
1  0  -1.41262362519764225e-04
1  1  4.65851930325495171e-04
1  2  5.46086120946304393e-04
1  3  3.82019465044901557e-04
2  0  -4.39857074003071236e-04
2  1  5.46086120946304176e-04
2  2  1.21363071803168212e-03
2  3  6.12306029231006682e-04
3  0  -4.23929286624423929e-04
3  1  3.82019465044901665e-04
3  2  6.12306029231006682e-04
3  3  1.54052958620446660e-03
