numXbins 4
numYbins 4
xbin  ybin  z
0  0  9.99741527658239627e-06
0  1  -3.14673299502823964e-05
0  2  -3.37889424560316486e-05
0  3  -7.98476480296278393e-05
1  0  -3.14673299502824235e-05
1  1  9.90448857835620681e-05
1  2  1.06352269213580642e-04
1  3  2.51324188981898850e-04
2  0  -3.37889424560316689e-05
2  1  1.06352269213580601e-04
2  2  1.14198780455912509e-04
2  3  2.69866511481441735e-04
3  0  -7.98476480296277986e-05
3  1  2.51324188981898796e-04
3  2  2.69866511481441790e-04
3  3  6.37729525030076780e-04
