numXbins 4
numYbins 4
xbin  ybin  z
0  0  2.82925001887938105e-06
0  1  -3.66283197480458479e-06
0  2  3.75449606353810788e-07
0  3  1.12408438381400158e-06
1  0  -3.66283197480458479e-06
1  1  4.88043178498177979e-06
1  2  -9.08716572547687380e-08
1  3  -1.49825209986175258e-06
2  0  3.75449606353810629e-07
2  1  -9.08716572547685792e-08
2  2  1.17813463955773580e-06
2  3  2.64622590076412716e-08
3  0  1.12408438381400158e-06
3  1  -1.49825209986175216e-06
3  2  2.64622590076413411e-08
3  3  4.59952723721863412e-07
