numXbins 4
numYbins 4
xbin  ybin  z
0  0  2.04904740729589321e-04
0  1  5.27310559026990760e-05
0  2  -4.62962876074629345e-06
0  3  -3.44865689187656487e-05
1  0  5.27310559026990488e-05
1  1  2.89767545264251027e-05
1  2  6.50275195895780680e-05
1  3  5.60459606695285355e-05
2  0  -4.62962876074641797e-06
2  1  6.50275195895780951e-05
2  2  1.15520140066053515e-03
2  3  8.97834487323475542e-04
3  0  -3.44865689187657707e-05
3  1  5.60459606695285219e-05
3  2  8.97834487323475542e-04
3  3  9.64199010868392343e-04
