numXbins 4
numYbins 4
xbin  ybin  z
0  0  1.05267834013558847e-06
0  1  1.16083008924841735e-06
0  2  2.10969842026925032e-07
0  3  2.44730676032353166e-06
1  0  1.16083008924841735e-06
1  1  1.28013226393651189e-06
1  2  2.30925734829685131e-07
1  3  2.69789500970389755e-06
2  0  2.10969842026925032e-07
2  1  2.30925734829684495e-07
2  2  1.18135790734124844e-07
2  3  5.27847918069023785e-07
3  0  2.44730676032353166e-06
3  1  2.69789500970389755e-06
3  2  5.27847918069023361e-07
3  3  5.70800958142445430e-06
