numXbins 4
numYbins 4
xbin  ybin  z
0  0  4.86734910799274412e-07
0  1  6.71694452938949102e-07
0  2  1.08569746545868936e-06
0  3  2.24153513337752419e-06
1  0  6.71694452938948891e-07
1  1  1.13972293604159594e-06
1  2  2.02087070066980699e-06
1  3  3.10449122787161144e-06
2  0  1.08569746545868978e-06
2  1  2.02087070066980529e-06
2  2  3.70527452689878416e-06
2  3  5.02734407457557215e-06
3  0  2.24153513337752462e-06
3  1  3.10449122787161186e-06
3  2  5.02734407457557130e-06
3  3  1.03234124397839036e-05
