numXbins 4
numYbins 4
xbin  ybin  z
0  0  5.67443466828893191e-04
0  1  -6.03519288047550364e-05
0  2  -4.08896066653351522e-04
0  3  7.80830841795235314e-05
1  0  -6.03519288047550364e-05
1  1  2.16110585887632046e-04
1  2  1.66772964106513233e-05
1  3  -9.59160887239627686e-05
2  0  -4.08896066653351522e-04
2  1  1.66772964106513233e-05
2  2  7.61948037169217604e-04
2  3  -1.67579712677947882e-04
3  0  7.80830841795235314e-05
3  1  -9.59160887239627550e-05
3  2  -1.67579712677947882e-04
3  3  2.95558332575001357e-04
