numXbins 4
numYbins 4
xbin  ybin  z
0  0  8.88591341864232360e-07
0  1  9.80235813808191563e-07
0  2  2.66991150797666199e-07
0  3  2.29060057019810945e-06
1  0  9.80235813808191140e-07
1  1  1.08139788207712878e-06
1  2  2.95037791942844345e-07
1  3  2.52729710499278954e-06
2  0  2.66991150797666041e-07
2  1  2.95037791942844875e-07
2  2  8.41792020694993780e-08
2  3  6.91784494013160630e-07
3  0  2.29060057019810945e-06
3  1  2.52729710499278869e-06
3  2  6.91784494013160630e-07
3  3  5.90784640006051814e-06
