numXbins 4
numYbins 4
xbin  ybin  z
0  0  7.93303854823900281e-06
0  1  2.74191639766825736e-06
0  2  7.06367634998078653e-06
0  3  7.70710505912432253e-06
1  0  2.74191639766825821e-06
1  1  9.47695575419958603e-07
1  2  2.44143651818421373e-06
1  3  2.66382642812897639e-06
2  0  7.06367634998078315e-06
2  1  2.44143651818421712e-06
2  2  6.28958541848430478e-06
2  3  6.86250235668382454e-06
3  0  7.70710505912432422e-06
3  1  2.66382642812897555e-06
3  2  6.86250235668382539e-06
3  3  7.48760617147957962e-06
