numXbins 4
numYbins 4
xbin  ybin  z
0  0  5.09847102159731156e-08
0  1  1.95623206536467189e-07
0  2  6.76178458388442721e-07
0  3  3.08997742288963500e-06
1  0  1.95623206536466342e-07
1  1  1.09842307456623432e-06
1  2  3.57374119764765793e-06
1  3  1.32256131086024426e-05
2  0  6.76178458388440815e-07
2  1  3.57374119764765709e-06
2  2  1.17249281942899137e-05
2  3  4.48366978156933065e-05
3  0  3.08997742288963119e-06
3  1  1.32256131086024579e-05
3  2  4.48366978156932998e-05
3  3  1.92664464012022081e-04
