numXbins 4
numYbins 4
xbin  ybin  z
0  0  -6.43282428839784485e-03
0  1  -3.31458398826503997e-03
0  2  5.94917766479005953e-04
0  3  1.78577968042547132e-03
1  0  -3.31458398826503997e-03
1  1  -1.70655135664695540e-03
1  2  2.57129160080863805e-04
1  3  8.62510335161991836e-04
2  0  5.94917766479005953e-04
2  1  2.57129160080863805e-04
2  2  1.78774208636881069e-03
2  3  1.98431910932838100e-03
3  0  1.78577968042547132e-03
3  1  8.62510335161991836e-04
3  2  1.98431910932838100e-03
3  3  2.01148943225464656e-03
