numXbins 4
numYbins 4
xbin  ybin  z
0  0  5.40877070931597986e-06
0  1  2.27173502764930375e-07
0  2  -7.45076745024161548e-06
0  3  4.82482263067658714e-05
1  0  2.27173502764933604e-07
1  1  9.54150270589901271e-09
1  2  -3.12939303757692049e-07
1  3  2.02647129289926231e-06
2  0  -7.45076745024161463e-06
2  1  -3.12939303757688926e-07
2  2  1.02636881060540444e-05
2  3  -6.64635891255602559e-05
3  0  4.82482263067658714e-05
3  1  2.02647129289924579e-06
3  2  -6.64635891255602559e-05
3  3  4.30391944280309781e-04
