numXbins 4
numYbins 4
xbin  ybin  z
0  0  1.21427935455245262e+01
0  1  -1.64366407040042928e+00
0  2  -6.64046500252827521e+00
0  3  8.98700728574876928e-01
1  0  -4.24619659438456809e-01
1  1  8.97270628970211348e+00
1  2  -1.57503281447804344e-01
1  3  -2.08078169214146946e+00
2  0  -3.79038678603564749e+00
2  1  2.80999963931283459e-01
2  2  1.79014624052546694e+01
2  3  -2.03391413152755263e+00
3  0  8.23982470605389844e-02
3  1  -1.28811511898533904e+00
3  2  -1.78501372963283611e+00
3  3  8.05013234384145981e+00
