numXbins 5
numYbins 5
xbin  ybin  z
0  0  3.11649999056198678e-06
0  1  3.10275607254549861e-06
0  2  7.43368423542104246e-06
0  3  9.00627099582597358e-06
0  4  4.48922002515510978e-06
1  0  3.10275607254549818e-06
1  1  3.08907276588245627e-06
1  2  7.40090132285839259e-06
1  3  8.96655289841677141e-06
1  4  4.46942234436879104e-06
2  0  7.43368423542104331e-06
2  1  7.40090132285839174e-06
2  2  1.77313208661305236e-05
2  3  2.14823599949790056e-05
2  4  1.07079878810826664e-05
3  0  9.00627099582597019e-06
3  1  8.96655289841677141e-06
3  2  2.14823599949790056e-05
3  3  2.60269268396915137e-05
3  4  1.29732495520222362e-05
4  0  4.48922002515510978e-06
4  1  4.46942234436879104e-06
4  2  1.07079878810826613e-05
4  3  1.29732495520222345e-05
4  4  6.46657997602608973e-06
