numXbins 5
numYbins 5
xbin  ybin  z
0  0  5.59696500794628460e-08
0  1  -4.16649696022907408e-08
0  2  -1.48042921936503690e-07
0  3  -2.06709752535326837e-07
0  4  4.85078378400718032e-08
1  0  -4.16649696022907673e-08
1  1  2.51270616334897991e-07
1  2  7.62173982751052832e-07
1  3  1.06007937673530503e-06
1  4  3.70328463490373914e-08
2  0  -1.48042921936503690e-07
2  1  7.62173982751052832e-07
2  2  2.32145061929487657e-06
2  3  3.22917338082688662e-06
2  4  8.82024823045207847e-08
3  0  -2.06709752535326785e-07
3  1  1.06007937673530503e-06
3  2  3.22917338082688662e-06
3  3  4.49184271871317049e-06
3  4  1.21783788786669620e-07
4  0  4.85078378400718032e-08
4  1  3.70328463490374112e-08
4  2  8.82024823045208112e-08
4  3  1.21783788786669673e-07
4  4  6.63305229723080349e-08
