numXbins 5
numYbins 5
xbin  ybin  z
0  0  7.85520909303735742e-08
0  1  -6.94522631157796034e-08
0  2  -2.39984302156993848e-07
0  3  -3.34408247555790232e-07
0  4  6.44492613258712077e-08
1  0  -6.94522631157796034e-08
1  1  7.84427543706741816e-08
1  2  2.62407490423645149e-07
1  3  3.65134266802593262e-07
1  4  -5.13364263796570289e-08
2  0  -2.39984302156993848e-07
2  1  2.62407490423645149e-07
2  2  8.81240285904300577e-07
2  3  1.22643973871388971e-06
2  4  -1.80251698542770700e-07
3  0  -3.34408247555790285e-07
3  1  3.65134266802593209e-07
3  2  1.22643973871388950e-06
3  3  1.70687391798681652e-06
3  4  -2.51345604274423083e-07
4  0  6.44492613258712077e-08
4  1  -5.13364263796570223e-08
4  2  -1.80251698542770700e-07
4  3  -2.51345604274423083e-07
4  4  5.47500285776127833e-08
