numXbins 5
numYbins 5
xbin  ybin  z
0  0  3.89819636972387476e-05
0  1  3.63344064447166973e-05
0  2  8.48927597727876118e-05
0  3  9.90923017964394484e-05
0  4  5.53055448962682701e-05
1  0  3.63344064447166905e-05
1  1  4.49644513969328448e-05
1  2  1.10922994312960343e-04
1  3  1.32348907824304135e-04
1  4  5.52147791522491997e-05
2  0  8.48927597727876118e-05
2  1  1.10922994312960316e-04
2  2  2.76076410647406695e-04
2  3  3.30891558527690068e-04
2  4  1.30945634602245957e-04
3  0  9.90923017964394619e-05
3  1  1.32348907824304135e-04
3  2  3.30891558527690068e-04
3  3  3.98805162400033648e-04
3  4  1.53805276433507970e-04
4  0  5.53055448962682701e-05
4  1  5.52147791522491997e-05
4  2  1.30945634602245930e-04
4  3  1.53805276433507943e-04
4  4  7.96753050104681343e-05
