numXbins 5
numYbins 5
xbin  ybin  z
0  0  3.27463572694620966e-06
0  1  -2.55452355239491148e-07
0  2  -2.16023244104521793e-06
0  3  -2.72774060248512103e-06
0  4  3.55767314581918900e-06
1  0  -2.55452355239491095e-07
1  1  3.44711030038906220e-08
1  2  2.11933591278059763e-07
1  3  2.76022502668778546e-07
1  4  -2.72746827696875587e-07
2  0  -2.16023244104521835e-06
2  1  2.11933591278059657e-07
2  2  1.55467921110404317e-06
2  3  1.98821731472956154e-06
2  4  -2.33266381227332286e-06
3  0  -2.72774060248512145e-06
3  1  2.76022502668778493e-07
3  2  1.98821731472956197e-06
3  3  2.54711237225404903e-06
3  4  -2.94270301013542439e-06
4  0  3.55767314581918816e-06
4  1  -2.72746827696875587e-07
4  2  -2.33266381227332328e-06
4  3  -2.94270301013542481e-06
4  4  3.86674881487358490e-06
