numXbins 5
numYbins 5
xbin  ybin  z
0  0  7.53551331472788544e-08
0  1  2.58631777216491432e-08
0  2  5.43885833690203136e-08
0  3  1.28048839956820338e-07
0  4  9.26500107408775727e-08
1  0  2.58631777216491432e-08
1  1  8.32497205653229290e-08
1  2  2.46352080085674372e-07
1  3  3.95009140607312398e-07
1  4  5.65749151506548332e-08
2  0  5.43885833690203004e-08
2  1  2.46352080085674319e-07
2  2  7.38412077698590287e-07
2  3  1.17891024245185877e-06
2  4  1.42759101761938413e-07
3  0  1.28048839956820285e-07
3  1  3.95009140607312345e-07
3  2  1.17891024245185877e-06
3  3  1.94141298309871781e-06
3  4  2.74586100238163549e-07
4  0  9.26500107408775859e-08
4  1  5.65749151506548332e-08
4  2  1.42759101761938413e-07
4  3  2.74586100238163549e-07
4  4  1.22168773817765905e-07
