numXbins 5
numYbins 5
xbin  ybin  z
0  0  1.11221367012670946e-07
0  1  -6.50690327845675981e-08
0  2  -2.41715343705997320e-07
0  3  -3.37835383241393849e-07
0  4  1.02280142544578524e-07
1  0  -6.50690327845675981e-08
1  1  3.80680362167889495e-08
1  2  1.41413327731772322e-07
1  3  1.97647468452863333e-07
1  4  -5.98380520506030449e-08
2  0  -2.41715343705997320e-07
2  1  1.41413327731772322e-07
2  2  5.25315494245383494e-07
2  3  7.34211401725872357e-07
2  4  -2.22283545630621983e-07
3  0  -3.37835383241393796e-07
3  1  1.97647468452863333e-07
3  2  7.34211401725872462e-07
3  3  1.02617643745429594e-06
3  4  -3.10676375256163786e-07
4  0  1.02280142544578524e-07
4  1  -5.98380520506030316e-08
4  2  -2.22283545630621983e-07
4  3  -3.10676375256163733e-07
4  4  9.40577142676865409e-08
