numXbins 5
numYbins 5
xbin  ybin  z
0  0  1.01115696612373197e-04
0  1  4.01241175756831482e-05
0  2  5.89909570483549838e-05
0  3  3.78141610415209532e-05
0  4  1.25362664083368818e-04
1  0  4.01241175756831482e-05
1  1  1.59218090283150123e-05
1  2  2.34084338615003221e-05
1  3  1.50051860837414380e-05
1  4  4.97456521766814191e-05
2  0  5.89909570483549634e-05
2  1  2.34084338615003221e-05
2  2  3.44153591387614087e-05
2  3  2.20608038569056165e-05
2  4  7.31366521733919228e-05
3  0  3.78141610415209261e-05
3  1  1.50051860837414498e-05
3  2  2.20608038569056131e-05
3  3  1.41413333753278730e-05
3  4  4.68817812373407768e-05
4  0  1.25362664083368818e-04
4  1  4.97456521766814327e-05
4  2  7.31366521733919364e-05
4  3  4.68817812373407972e-05
4  4  1.55423916094115923e-04
