numXbins 5
numYbins 5
xbin  ybin  z
0  0  2.90421470899518452e-04
0  1  3.12706711256803885e-04
0  2  7.60596385663808716e-04
0  3  9.12298635244139272e-04
0  4  4.26256855703560872e-04
1  0  3.12706711256803885e-04
1  1  3.36701990256355445e-04
1  2  8.18960091408088868e-04
1  3  9.82303081888764775e-04
1  4  4.58965306817291172e-04
2  0  7.60596385663808716e-04
2  1  8.18960091408088868e-04
2  2  1.99195624239849713e-03
2  3  2.38925532077066639e-03
2  4  1.11634109836431395e-03
3  0  9.12298635244139272e-04
3  1  9.82303081888764775e-04
3  2  2.38925532077066639e-03
3  3  2.86579637962194140e-03
3  4  1.33899723914132022e-03
4  0  4.26256855703560872e-04
4  1  4.58965306817291172e-04
4  2  1.11634109836431395e-03
4  3  1.33899723914132022e-03
4  4  6.25624911517475403e-04
