numXbins 5
numYbins 5
xbin  ybin  z
0  0  2.37342171930896297e-07
0  1  4.55423493380834910e-07
0  2  1.17680415197773206e-06
0  3  1.39259547995144376e-06
0  4  4.13594938851216925e-07
1  0  4.55423493380835016e-07
1  1  8.73897507913661478e-07
1  2  2.25812863660220796e-06
1  3  2.67218345433867037e-06
1  4  7.93628575673890955e-07
2  0  1.17680415197773206e-06
2  1  2.25812863660220796e-06
2  2  5.83494720335453162e-06
2  3  6.90486088836545337e-06
2  4  2.05071759615282126e-06
3  0  1.39259547995144397e-06
3  1  2.67218345433867037e-06
3  2  6.90486088836545337e-06
3  3  8.17099944211045699e-06
3  4  2.42675285621857969e-06
4  0  4.13594938851216925e-07
4  1  7.93628575673890743e-07
4  2  2.05071759615282126e-06
4  3  2.42675285621857969e-06
4  4  7.20735735453073974e-07
