numXbins 5
numYbins 5
xbin  ybin  z
0  0  5.06796470571652951e-06
0  1  7.83984010932807471e-07
0  2  7.78820352404343553e-07
0  3  -7.31615997604995103e-07
0  4  5.97971682554598478e-06
1  0  7.83984010932808636e-07
1  1  1.21277665707697442e-07
1  2  1.20478878431285735e-07
1  3  -1.13176645373634390e-07
1  4  9.25026643505628818e-07
2  0  7.78820352404350647e-07
2  1  1.20478878431289017e-07
2  2  1.19685352314128689e-07
2  3  -1.12431214928684638e-07
2  4  9.18934017061495595e-07
3  0  -7.31615997604995738e-07
3  1  -1.13176645373625403e-07
3  2  -1.12431214928677306e-07
3  3  1.05616751306052256e-07
3  4  -8.63237363469093684e-07
4  0  5.97971682554598309e-06
4  1  9.25026643505625641e-07
4  2  9.18934017061483313e-07
4  3  -8.63237363469102472e-07
4  4  7.05549769780061559e-06
