numXbins 5
numYbins 5
xbin  ybin  z
0  0  8.05086432871877689e-05
0  1  3.03945681740221070e-05
0  2  5.75143775925281186e-05
0  3  1.06496346751585065e-04
0  4  9.96398129922168140e-05
1  0  3.03945681740220121e-05
1  1  -2.78844725047845590e-05
1  2  -8.54972437981096553e-05
1  3  -6.21608414358111247e-05
1  4  2.46650397487165847e-05
2  0  5.75143775925277391e-05
2  1  -8.54972437981096553e-05
2  2  -2.50943013600404764e-04
2  3  -2.02755944831916718e-04
2  4  3.59011751889495837e-05
3  0  1.06496346751584685e-04
3  1  -6.21608414358115042e-05
3  2  -2.02755944831916718e-04
3  3  -1.25364129408251762e-04
3  4  9.81167547365270940e-05
4  0  9.96398129922168140e-05
4  1  2.46650397487165847e-05
4  2  3.59011751889499564e-05
4  3  9.81167547365278394e-05
4  4  1.19054881988839983e-04
