numXbins 5
numYbins 5
xbin  ybin  z
0  0  2.42824083986783624e-05
0  1  1.29414578548404671e-06
0  2  -4.24111886477677386e-06
0  3  7.89007837884368397e-06
0  4  2.74700910287354591e-05
1  0  1.29414578548404649e-06
1  1  2.19958336382807565e-05
1  2  6.17343365907343041e-05
1  3  7.51784073098017897e-05
1  4  8.67872046463120231e-06
2  0  -4.24111886477677386e-06
2  1  6.17343365907343041e-05
2  2  1.77179673250362515e-04
2  3  2.17115819703324380e-04
2  4  1.56191356374944450e-05
3  0  7.89007837884368567e-06
3  1  7.51784073098017762e-05
3  2  2.17115819703324380e-04
3  3  2.98455240082783611e-04
3  4  3.36621178698457373e-05
4  0  2.74700910287354591e-05
4  1  8.67872046463120231e-06
4  2  1.56191356374944450e-05
4  3  3.36621178698457305e-05
4  4  3.34510096236574571e-05
