numXbins 5
numYbins 5
xbin  ybin  z
0  0  4.42757414777810408e-04
0  1  3.29362448196955388e-04
0  2  7.42845493141226321e-04
0  3  9.03969093798318414e-04
0  4  6.01203752924095490e-04
1  0  3.29362448196955334e-04
1  1  2.95843374506037354e-04
1  2  6.94242765193621653e-04
1  3  8.36933874915492585e-04
1  4  4.63890325210297662e-04
2  0  7.42845493141226212e-04
2  1  6.94242765193621653e-04
2  2  1.65011465343502467e-03
2  3  2.02137901495337557e-03
2  4  1.05533871611603438e-03
3  0  9.03969093798317872e-04
3  1  8.36933874915492585e-04
3  2  2.02137901495337557e-03
3  3  2.62597024468319475e-03
3  4  1.28242895078398405e-03
4  0  6.01203752924095382e-04
4  1  4.63890325210297879e-04
4  2  1.05533871611603438e-03
4  3  1.28242895078398448e-03
4  4  8.21820256540436696e-04
