numXbins 5
numYbins 5
xbin  ybin  z
0  0  2.85877821714583489e-05
0  1  3.14509676718070558e-05
0  2  7.60751003992074542e-05
0  3  9.03881398027690141e-05
0  4  4.21453371139345702e-05
1  0  3.14509676718070558e-05
1  1  3.80509698740172898e-05
1  2  9.35790566774679148e-05
1  3  1.11646609629537357e-04
1  4  4.75091330768372783e-05
2  0  7.60751003992074271e-05
2  1  9.35790566774679283e-05
2  2  2.30826809080428741e-04
2  3  2.75820856393295605e-04
2  4  1.15428887430476794e-04
3  0  9.03881398027690141e-05
3  1  1.11646609629537357e-04
3  2  2.75820856393295605e-04
3  3  3.30711493136703427e-04
3  4  1.37303930842906928e-04
4  0  4.21453371139345634e-05
4  1  4.75091330768372783e-05
4  2  1.15428887430476794e-04
4  3  1.37303930842906928e-04
4  4  6.25110382521747686e-05
