numXbins 5
numYbins 5
xbin  ybin  z
0  0  2.46521784387171692e-06
0  1  6.63135510093025512e-07
0  2  4.47404052068067333e-07
0  3  -8.66928208018307935e-07
0  4  2.95273796578041093e-06
1  0  6.63135510093025406e-07
1  1  2.19878700889253149e-07
1  2  2.34767700466894088e-07
1  3  -1.02696663959851758e-07
1  4  8.07792081961320761e-07
2  0  4.47404052068067704e-07
2  1  2.34767700466893665e-07
2  2  3.96671868671357749e-07
2  3  2.02492702575283592e-07
2  4  5.73146956393516833e-07
3  0  -8.66928208018307829e-07
3  1  -1.02696663959851983e-07
3  2  2.02492702575284412e-07
3  3  7.15286605674080322e-07
3  4  -9.95867663983358006e-07
4  0  2.95273796578041093e-06
4  1  8.07792081961320973e-07
4  2  5.73146956393517362e-07
4  3  -9.95867663983356735e-07
4  4  3.54107157077572406e-06
