numXbins 5
numYbins 5
xbin  ybin  z
0  0  1.41776783181537127e-07
0  1  -8.17607627649314171e-08
0  2  -3.01753975175220391e-07
0  3  -4.11526324327004996e-07
0  4  1.30859929492283110e-07
1  0  -8.17607627649314171e-08
1  1  4.71567176511938898e-08
1  2  1.74051784845101910e-07
1  3  2.37424789290421895e-07
1  4  -7.54625680484686415e-08
2  0  -3.01753975175220391e-07
2  1  1.74051784845101884e-07
2  2  6.42429753503328173e-07
2  3  8.76435994053174722e-07
2  4  -2.78504897149913332e-07
3  0  -4.11526324327005049e-07
3  1  2.37424789290421895e-07
3  2  8.76435994053174828e-07
3  3  1.19617528992440339e-06
3  4  -3.79796830588564379e-07
4  0  1.30859929492283110e-07
4  1  -7.54625680484686415e-08
4  2  -2.78504897149913332e-07
4  3  -3.79796830588564432e-07
4  4  1.20784728858009778e-07
