numXbins 5
numYbins 5
xbin  ybin  z
0  0  9.92695854291090236e-06
0  1  3.98471035306290481e-06
0  2  6.49553800708301285e-06
0  3  5.95898431182887466e-06
0  4  1.23453161532016792e-05
1  0  3.98471035306290481e-06
1  1  5.18389779122254495e-06
1  2  1.28750994624321509e-05
1  3  1.54202352852316916e-05
1  4  6.13789115723603519e-06
2  0  6.49553800708300861e-06
2  1  1.28750994624321525e-05
2  2  3.37031709604017113e-05
2  3  4.14230473583515404e-05
2  4  1.14660161365700278e-05
3  0  5.95898431182887127e-06
3  1  1.54202352852316882e-05
3  2  4.14230473583515472e-05
3  3  5.19613551239035294e-05
3  4  1.17129303922124852e-05
4  0  1.23453161532016809e-05
4  1  6.13789115723603349e-06
4  2  1.14660161365700278e-05
4  3  1.17129303922124819e-05
4  4  1.57429143784582846e-05
