numXbins 5
numYbins 5
xbin  ybin  z
0  0  2.36941695919558404e+00
0  1  9.77406600008128623e-01
0  2  -4.09734898062703579e-01
0  3  9.05708483657312380e-01
0  4  6.69420348198310755e-01
1  0  -4.79266753630556486e-01
1  1  1.11217601900486796e+00
1  2  1.23496683972759591e+00
1  3  1.08865272093290777e+00
1  4  -6.09840729516515356e-01
2  0  -2.25063429905751322e+00
2  1  2.43728903911796912e+00
2  2  3.43033802420887834e+00
2  3  3.08037490258839464e+00
2  4  -2.15226223840380371e+00
3  0  -2.36819724909869933e+00
3  1  2.51428556245312862e+00
3  2  2.78849691958719825e+00
3  3  5.46272580728531221e+00
3  4  -3.19516779840719201e+00
4  0  2.48146466597632021e+00
4  1  1.43916349767235507e+00
4  2  -5.09185497292607980e-02
4  3  1.37374594768266167e+00
4  4  5.42818859878523963e-01
