numXbins 4
numYbins 4
xbin  ybin  z
0  0  8.88102226264891215e-01
0  1  -7.47704188688658178e-03
0  2  8.70090233802329749e-02
0  3  -1.81636935010828893e-01
1  0  1.61661742618889548e-01
1  1  6.97550523473182693e-01
1  2  1.23718351824209094e-03
1  3  -1.33409702490098425e-01
2  0  1.98966517898952588e-01
2  1  -4.16098572022747248e-02
2  2  6.66094799948041327e-01
2  3  -1.37244846505382156e-01
3  0  1.90923773567192256e-01
3  1  7.88279416738077998e-02
3  2  2.74972454586531967e-01
3  3  3.09046031179605052e-02
