numXbins 4
numYbins 4
xbin  ybin  z
0  0  2.57072279151444852e-07
0  1  1.45447778588460267e-07
0  2  2.19596327319889005e-07
0  3  -1.90669532521234214e-07
1  0  1.45447778588460267e-07
1  1  1.55470044586942034e-07
1  2  1.64265244020680369e-07
1  3  -1.55157355986111610e-07
2  0  2.19596327319889005e-07
2  1  1.64265244020680369e-07
2  2  2.70541153296540874e-07
2  3  -2.14623087580687090e-07
3  0  -1.90669532521234214e-07
3  1  -1.55157355986111610e-07
3  2  -2.14623087580687090e-07
3  3  2.04634613443360502e-07
