numXbins 4
numYbins 4
xbin  ybin  z
0  0  2.24633164702352020e-05
0  1  2.38511626529669305e-05
0  2  1.45752482971376606e-05
0  3  1.45287478228574891e-05
1  0  2.38511626529669441e-05
1  1  2.53247538337480621e-05
1  2  1.54757476841428196e-05
1  3  1.54263742812009090e-05
2  0  1.45752482971376555e-05
2  1  1.54757476841428094e-05
2  2  9.45710145715584574e-06
2  3  9.42692977883460838e-06
3  0  1.45287478228574874e-05
3  1  1.54263742812009090e-05
3  2  9.42692977883460669e-06
3  3  9.39685435941222966e-06
