numXbins 4
numYbins 4
xbin  ybin  z
0  0  3.01056329910802780e-03
0  1  2.30426388555214287e-03
0  2  1.71026372221438319e-03
0  3  1.54580600574089153e-03
1  0  2.30426388555214287e-03
1  1  2.81652286556813769e-03
1  2  1.29195904080888868e-03
1  3  1.36454043073747089e-03
2  0  1.71026372221438319e-03
2  1  1.29195904080888868e-03
2  2  1.67628588655415996e-03
2  3  1.23827192222724183e-03
3  0  1.54580600574089197e-03
3  1  1.36454043073747045e-03
3  2  1.23827192222724183e-03
3  3  1.07850003203076327e-03
