numXbins 4
numYbins 4
xbin  ybin  z
0  0  1.25190263132774155e-06
0  1  3.65205007448519921e-06
0  2  -7.13512333908969629e-06
0  3  -1.27384136762967435e-05
1  0  3.65205007448520005e-06
1  1  1.06537596557344668e-05
1  2  -2.08145801996974982e-05
1  3  -3.71604975108993024e-05
2  0  -7.13512333908972170e-06
2  1  -2.08145801996975016e-05
2  2  4.06660899897851209e-05
2  3  7.26016148942258330e-05
3  0  -1.27384136762967672e-05
3  1  -3.71604975108993091e-05
3  2  7.26016148942258059e-05
3  3  1.29616456526149688e-04
