numXbins 4
numYbins 4
xbin  ybin  z
0  0  2.39221536464907032e-06
0  1  -3.71497546502378844e-07
0  2  5.83579255900139940e-07
0  3  3.44905719540985456e-07
1  0  -3.71497546502379003e-07
1  1  3.19312598197836634e-07
1  2  2.14413235174600676e-08
1  3  9.35464886302673224e-08
2  0  5.83579255900139940e-07
2  1  2.14413235174600444e-08
2  2  1.90369091364030608e-07
2  3  1.47154785341502228e-07
3  0  3.44905719540985562e-07
3  1  9.35464886302673091e-08
3  2  1.47154785341502228e-07
3  3  1.32446347773417640e-07
