numXbins 4
numYbins 4
xbin  ybin  z
0  0  5.48446639955907684e-06
0  1  5.95985069534615343e-06
0  2  3.76617711278964607e-06
0  3  4.12699409680885824e-06
1  0  5.95985069534615513e-06
1  1  6.47644049996798925e-06
1  2  4.09262299177558452e-06
1  3  4.48471498330870736e-06
2  0  3.76617711278964607e-06
2  1  4.09262299177558706e-06
2  2  2.58622972802620991e-06
2  3  2.83400235860120892e-06
3  0  4.12699409680885824e-06
3  1  4.48471498330870820e-06
3  2  2.83400235860120892e-06
3  3  3.10551273984730093e-06
