numXbins 4
numYbins 4
xbin  ybin  z
0  0  2.94170945411020568e-06
0  1  -5.46892447686778130e-08
0  2  8.37656662062489921e-07
0  3  3.19401123352533272e-07
1  0  -5.46892447686778461e-08
1  1  1.05512288151590234e-09
1  2  -1.58552398770737570e-08
1  3  -6.00192097621459954e-09
2  0  8.37656662062489815e-07
2  1  -1.58552398770737405e-08
2  2  2.40600932578564812e-07
2  3  9.14202679583987048e-08
3  0  3.19401123352533325e-07
3  1  -6.00192097621460367e-09
3  2  9.14202679583987048e-08
3  3  3.47860080049063793e-08
