numXbins 4
numYbins 4
xbin  ybin  z
0  0  2.92643392989005946e-06
0  1  -4.37775386270186554e-08
0  2  7.55145624834555084e-07
0  3  3.00043897035092185e-07
1  0  -4.37775386270186290e-08
1  1  6.54883361167191645e-10
1  2  -1.12964849206285690e-08
1  3  -4.48846056563744561e-09
2  0  7.55145624834554978e-07
2  1  -1.12964849206285773e-08
2  2  1.94859999702160888e-07
2  3  7.74242103298985539e-08
3  0  3.00043897035092238e-07
3  1  -4.48846056563745140e-09
3  2  7.74242103298985804e-08
3  3  3.07631548515387573e-08
