numXbins 4
numYbins 4
xbin  ybin  z
0  0  3.11505091633964366e-04
0  1  2.40016273305171314e-04
0  2  1.50987109131334689e-04
0  3  1.63077483146702249e-04
1  0  2.40016273305171233e-04
1  1  2.19896073385679691e-04
1  2  1.18897519413216048e-04
1  3  1.35099659451960719e-04
2  0  1.50987109131334689e-04
2  1  1.18897519413215967e-04
2  2  9.93486744485195194e-05
2  3  9.91735030384525480e-05
3  0  1.63077483146702222e-04
3  1  1.35099659451960800e-04
3  2  9.91735030384525344e-05
3  3  1.12616487357929438e-04
