numXbins 4
numYbins 4
xbin  ybin  z
0  0  6.09722721832027342e-07
0  1  -5.64153695845068349e-07
0  2  -4.86281120738972451e-08
0  3  -3.72505187101697955e-07
1  0  -5.64153695845068244e-07
1  1  5.67822239982384664e-07
1  2  5.50828891767836495e-08
1  3  3.69593961242640778e-07
2  0  -4.86281120738975562e-08
2  1  5.50828891767835039e-08
2  2  6.09925650017275378e-09
2  3  3.51966084140925587e-08
3  0  -3.72505187101697849e-07
3  1  3.69593961242640884e-07
3  2  3.51966084140925851e-08
3  3  2.41138284461513759e-07
