numXbins 4
numYbins 4
xbin  ybin  z
0  0  5.54823129297197498e-05
0  1  4.99065312331261731e-05
0  2  1.90346088776356014e-05
0  3  1.67106401037150729e-05
1  0  4.99065312331261663e-05
1  1  4.86925129967072956e-05
1  2  1.95814027740680425e-05
1  3  1.77893848951408940e-05
2  0  1.90346088776356116e-05
2  1  1.95814027740680459e-05
2  2  1.35532495986241335e-05
2  3  1.10076865067187477e-05
3  0  1.67106401037150763e-05
3  1  1.77893848951408974e-05
3  2  1.10076865067187477e-05
3  3  9.50920216534568226e-06
