numXbins 4
numYbins 4
xbin  ybin  z
0  0  -4.91114464839522737e-04
0  1  -3.18142391638391575e-04
0  2  4.98882577576678919e-05
0  3  3.32356613889748335e-05
1  0  -3.18142391638391575e-04
1  1  -1.81888758791193511e-04
1  2  1.06146154422828457e-04
1  3  8.46958581905949510e-05
2  0  4.98882577576678919e-05
2  1  1.06146154422828457e-04
2  2  2.20140110462895439e-04
2  3  1.89305800726626813e-04
3  0  3.32356613889748335e-05
3  1  8.46958581905949510e-05
3  2  1.89305800726626813e-04
3  3  1.62604431471213335e-04
