numXbins 4
numYbins 4
xbin  ybin  z
0  0  2.73201141796753093e-04
0  1  9.45074983218144310e-05
0  2  2.88455259264663736e-04
0  3  1.10052503351225551e-04
1  0  9.45074983218143768e-05
1  1  3.26926424256763476e-05
1  2  9.97843008692643496e-05
1  3  3.80700706716483766e-05
2  0  2.88455259264663790e-04
2  1  9.97843008692643089e-05
2  2  3.04561086568757872e-04
2  3  1.16197257369150296e-04
3  0  1.10052503351225564e-04
3  1  3.80700706716483901e-05
3  2  1.16197257369150310e-04
3  3  4.43320017413464894e-05
