numXbins 4
numYbins 4
xbin  ybin  z
0  0  3.72839279074008544e-05
0  1  -5.09478018106623704e-07
0  2  1.22541019022536775e-05
0  3  7.23597461731935470e-06
1  0  -5.09478018106623704e-07
1  1  2.62030898824243993e-05
1  2  -5.50078103505316979e-06
1  3  3.32651699595698710e-07
2  0  1.22541019022536775e-05
2  1  -5.50078103505316979e-06
2  2  1.98660158748785424e-05
2  3  7.07782356814628277e-06
3  0  7.23597461731935470e-06
3  1  3.32651699595698710e-07
3  2  7.07782356814628361e-06
3  3  3.31507957897216180e-06
