numXbins 4
numYbins 4
xbin  ybin  z
0  0  6.71918003979899441e-06
0  1  1.55141947605026684e-05
0  2  -9.30552216055081538e-06
0  3  -4.07336454377276220e-06
1  0  1.55141947605026684e-05
1  1  3.58213707090975284e-05
1  2  -2.14859078476601984e-05
1  3  -9.40516111910989094e-06
2  0  -9.30552216055081707e-06
2  1  -2.14859078476601916e-05
2  2  1.28873972966339601e-05
2  3  5.64128119883112257e-06
3  0  -4.07336454377276220e-06
3  1  -9.40516111910988755e-06
3  2  5.64128119883112596e-06
3  3  2.46939337957692964e-06
