numXbins 4
numYbins 4
xbin  ybin  z
0  0  6.60225654023162737e-05
0  1  3.31217320800369759e-05
0  2  1.48271140579222024e-05
0  3  3.55182497240518903e-05
1  0  3.31217320800370030e-05
1  1  2.46097478926223182e-05
1  2  6.66487930795784765e-06
1  3  2.31229595069314616e-05
2  0  1.48271140579221990e-05
2  1  6.66487930795783410e-06
2  2  1.63751872021042633e-05
2  3  2.45252747450868597e-05
3  0  3.55182497240518971e-05
3  1  2.31229595069314582e-05
3  2  2.45252747450868664e-05
3  3  4.67123409881516443e-05
