numXbins 4
numYbins 4
xbin  ybin  z
0  0  4.82636589854737708e-06
0  1  1.42821819654104365e-06
0  2  1.54160661446016616e-06
0  3  1.21315589251518870e-06
1  0  1.42821819654104365e-06
1  1  5.94216732781767987e-07
1  2  4.48925156659741298e-07
1  3  3.55025409639436070e-07
2  0  1.54160661446016573e-06
2  1  4.48925156659741298e-07
2  2  4.92717816531482892e-07
2  3  3.87666635132100081e-07
3  0  1.21315589251518891e-06
3  1  3.55025409639435964e-07
3  2  3.87666635132100240e-07
3  3  3.05030942120365342e-07
