numXbins 4
numYbins 4
xbin  ybin  z
0  0  2.32258351797493661e-05
0  1  7.14722800516322303e-06
0  2  -1.26168531881431929e-05
0  3  -3.01652240022410013e-05
1  0  7.14722800516322218e-06
1  1  2.19939854745583924e-06
1  2  -3.88255258618015761e-06
1  3  -9.28266872223474239e-06
2  0  -1.26168531881431878e-05
2  1  -3.88255258618015507e-06
2  2  6.85378946071022931e-06
2  3  1.63865023444050416e-05
3  0  -3.01652240022410013e-05
3  1  -9.28266872223474239e-06
3  2  1.63865023444050348e-05
3  3  3.91779555853713851e-05
