numXbins 4
numYbins 4
xbin  ybin  z
0  0  2.44938441240190061e-06
0  1  5.11153404310411351e-07
0  2  6.26947558925763728e-07
0  3  1.11987922706830283e-06
1  0  5.11153404310410398e-07
1  1  2.68744467316987166e-07
1  2  5.72311284618514370e-08
1  3  4.32545161594630220e-07
2  0  6.26947558925763516e-07
2  1  5.72311284618517414e-08
2  2  1.93901073772487944e-07
2  3  1.96343567876038550e-07
3  0  1.11987922706830304e-06
3  1  4.32545161594630696e-07
3  2  1.96343567876038709e-07
3  3  7.55968704201613769e-07
