numXbins 4
numYbins 4
xbin  ybin  z
0  0  2.17319051470180778e-06
0  1  8.39230797072052180e-07
0  2  8.53765903246541819e-07
0  3  9.27256269376371333e-07
1  0  8.39230797072051545e-07
1  1  1.04510600561846474e-06
1  2  5.71520042924201585e-07
1  3  9.40794995545989612e-07
2  0  8.53765903246542137e-07
2  1  5.71520042924201585e-07
2  2  4.16514636510260533e-07
2  3  5.59716962394943964e-07
3  0  9.27256269376371227e-07
3  1  9.40794995545989824e-07
3  2  5.59716962394943964e-07
3  3  8.66578760578871445e-07
