numXbins 4
numYbins 4
xbin  ybin  z
0  0  3.18398015371454271e-03
0  1  2.73409166048260450e-03
0  2  2.00749870572931562e-03
0  3  1.55788800647890910e-03
1  0  2.73409166048260450e-03
1  1  2.34777129474240953e-03
1  2  1.72384412112646214e-03
1  3  1.33776229776767894e-03
2  0  2.00749870572931562e-03
2  1  1.72384412112646214e-03
2  2  1.26572744142367769e-03
2  3  9.82248005858023720e-04
3  0  1.55788800647890910e-03
3  1  1.33776229776767894e-03
3  2  9.82248005858023720e-04
3  3  7.62258218820675913e-04
