numXbins 4
numYbins 4
xbin  ybin  z
0  0  6.40112023543834827e-06
0  1  -1.41709319190366820e-05
0  2  -2.29957586458168345e-05
0  3  -1.28243173249869890e-05
1  0  -1.41709319190366786e-05
1  1  3.13719011778913520e-05
1  2  5.09084844856306381e-05
1  3  2.83907380327575115e-05
2  0  -2.29957586458168277e-05
2  1  5.09084844856306381e-05
2  2  8.26113080596504334e-05
2  3  4.60708274733060257e-05
3  0  -1.28243173249869890e-05
3  1  2.83907380327575115e-05
3  2  4.60708274733060257e-05
3  3  2.56928644991620088e-05
