numXbins 8
numYbins 8
xbin  ybin  z
0  0  2.28265480982372537e-01
0  1  -5.10443375445902348e-01
0  2  1.35985556989908218e-02
0  3  3.01739793270826340e-01
0  4  5.69338351488113403e-03
0  5  5.61342492699623108e-01
0  6  3.95291864871978760e-01
0  7  -1.15661025047302246e-02
1  0  -3.45807740341115277e-02
1  1  5.08931247051805258e-01
1  2  -1.57750728074461222e-01
1  3  -2.43077979423105717e-01
1  4  2.59152804501354694e-01
1  5  -2.45150368660688400e-01
1  6  6.09086453914642334e-02
1  7  2.43389822542667389e-01
2  0  -1.46419566190161277e-02
2  1  -1.08984071121085435e-01
2  2  5.18250720342621207e-01
2  3  4.44109598174691200e-03
2  4  -4.92349304258823395e-02
2  5  9.55074215307831764e-02
2  6  -2.41313949227333069e-02
2  7  1.31121054291725159e-01
3  0  -7.22479612522874959e-03
3  1  -8.38042288087308407e-02
3  2  -1.24330883845686913e-02
3  3  4.21474162489175797e-01
3  4  1.24383726855739951e-01
3  5  8.11638822779059410e-02
3  6  6.07097484171390533e-02
3  7  -6.71768225729465485e-02
4  0  -6.06209498710086336e-03
4  1  -9.33284800557885319e-02
4  2  -7.64777651056647301e-02
4  3  1.96325506083667278e-01
4  4  2.57178168743848801e-01
4  5  3.28617718070745468e-01
4  6  2.15826166793704033e-01
4  7  -9.93078518658876419e-02
5  0  -3.39700259155506501e-03
5  1  -6.85557053948286921e-02
5  2  -4.83707276871427894e-02
5  3  -1.66632728651165962e-02
5  4  1.66213440708816051e-01
5  5  2.64209702145308256e-01
5  6  3.07450026273727417e-01
5  7  1.46195428445935249e-01
6  0  -1.50570994082954712e-03
6  1  -3.62298188119893894e-02
6  2  -2.21962207288015634e-02
6  3  -4.42254078807309270e-02
6  4  7.63773910002782941e-02
6  5  1.05558378389105201e-01
6  6  2.18361844308674335e-01
6  7  1.86248800717294216e-01
7  0  -1.37731031554721994e-03
7  1  -3.75396427989471704e-02
7  2  -2.07680326711852103e-02
7  3  -6.73395581543445587e-02
7  4  7.14082596823573112e-02
7  5  8.44953989144414663e-02
7  6  2.62030901387333870e-01
7  7  2.66412647441029549e-01
