numXbins 8
numYbins 8
xbin  ybin  z
0  0  1.45502016329346187e-05
0  1  -2.44966453037997051e-07
0  2  3.86178514731762511e-06
0  3  3.94549935197514545e-06
0  4  7.47410147809201044e-06
0  5  7.91675288832619360e-06
0  6  4.99853647464985600e-06
0  7  5.70034005203054009e-06
1  0  -2.44966453037994404e-07
1  1  2.72252899561410568e-06
1  2  -8.08955678563094749e-07
1  3  7.46318369896172599e-07
1  4  1.17656471034191055e-06
1  5  7.89965043866389441e-07
1  6  4.60482230573571584e-07
1  7  5.08230958639645638e-07
2  0  3.86178514731762511e-06
2  1  -8.08955678563095173e-07
2  2  2.04887964108385513e-06
2  3  8.32249213950399933e-07
2  4  1.76354667194541617e-06
2  5  2.20181024280272246e-06
2  6  1.42033009285636733e-06
2  7  1.63465985713344259e-06
3  0  3.94549935197514545e-06
3  1  7.46318369896171540e-07
3  2  8.32249213950399721e-07
3  3  1.51298712933825134e-06
3  4  2.55157591052733764e-06
3  5  2.47133163434099740e-06
3  6  1.53055962715814993e-06
3  7  1.73067543705123591e-06
4  0  7.47410147809201214e-06
4  1  1.17656471034190928e-06
4  2  1.76354667194541617e-06
4  3  2.55157591052733722e-06
4  4  4.67399165240464654e-06
4  5  4.65726676424860290e-06
4  6  2.88319017355777629e-06
4  7  3.25741545186125058e-06
5  0  7.91675288832619360e-06
5  1  7.89965043866389123e-07
5  2  2.20181024280272246e-06
5  3  2.47133163434099697e-06
5  4  4.65726676424860459e-06
5  5  4.85179021512658023e-06
5  6  3.04833560055885928e-06
5  7  3.46888957375265116e-06
6  0  4.99853647464985685e-06
6  1  4.60482230573571425e-07
6  2  1.42033009285636733e-06
6  3  1.53055962715814993e-06
6  4  2.88319017355777629e-06
6  5  3.04833560055885928e-06
6  6  1.93278704103862412e-06
6  7  2.20956051855958651e-06
7  0  5.70034005203053924e-06
7  1  5.08230958639645956e-07
7  2  1.63465985713344301e-06
7  3  1.73067543705123549e-06
7  4  3.25741545186125058e-06
7  5  3.46888957375265116e-06
7  6  2.20956051855958609e-06
7  7  2.53177213848328099e-06
