numXbins 8
numYbins 8
xbin  ybin  z
0  0  1.00487808557984522e-06
0  1  -6.21681744294805124e-07
0  2  -2.46276049825665026e-07
0  3  -1.79257162116578343e-07
0  4  -2.01644126921214620e-07
0  5  -1.48900990139362789e-07
0  6  -7.85149328920817362e-08
0  7  -8.11923025886090188e-08
1  0  -6.21681744294805124e-07
1  1  3.88953987812209844e-07
1  2  1.54946301408838183e-07
1  3  1.12289269799597557e-07
1  4  1.25399718848210383e-07
1  5  9.16758286800806535e-08
1  6  4.79293022827281386e-08
1  7  4.92904582481498961e-08
2  0  -2.46276049825664920e-07
2  1  1.54946301408838183e-07
2  2  6.18955119681406462e-08
2  3  4.47593366817678710e-08
2  4  4.98057831104768229e-08
2  5  3.62285776790189533e-08
2  6  1.88585670578592701e-08
2  7  1.93390224229630028e-08
3  0  -1.79257162116578449e-07
3  1  1.12289269799597557e-07
3  2  4.47593366817678843e-08
3  3  3.24217056141090373e-08
3  4  3.61786049510676799e-08
3  5  2.64199800510569702e-08
3  6  1.37996386315129543e-08
3  7  1.41827768480186091e-08
4  0  -2.01644126921214646e-07
4  1  1.25399718848210330e-07
4  2  4.98057831104768428e-08
4  3  3.61786049510676733e-08
4  4  4.05602144899133839e-08
4  5  2.98128360681686203e-08
4  6  1.56586865526720779e-08
4  7  1.61517588011752157e-08
5  0  -1.48900990139362815e-07
5  1  9.16758286800806403e-08
5  2  3.62285776790189599e-08
5  3  2.64199800510569569e-08
5  4  2.98128360681686203e-08
5  5  2.21092433024423759e-08
5  6  1.17001347495480679e-08
5  7  1.21270411579838719e-08
6  0  -7.85149328920817495e-08
6  1  4.79293022827281584e-08
6  2  1.88585670578592767e-08
6  3  1.37996386315129576e-08
6  4  1.56586865526720812e-08
6  5  1.17001347495480728e-08
6  6  6.23049846910540908e-09
6  7  6.48355213883468205e-09
7  0  -8.11923025886090320e-08
7  1  4.92904582481498894e-08
7  2  1.93390224229630128e-08
7  3  1.41827768480186058e-08
7  4  1.61517588011752190e-08
7  5  1.21270411579838702e-08
7  6  6.48355213883468205e-09
7  7  6.76381414316078603e-09
