numXbins 8
numYbins 8
xbin  ybin  z
0  0  6.54953564389884006e-04
0  1  -1.33408003652334099e-05
0  2  2.13706527144824025e-04
0  3  1.76902348895767876e-04
0  4  3.41453920811195222e-04
0  5  3.49111703490549653e-04
0  6  2.08180752456616440e-04
0  7  2.30364450481311425e-04
1  0  -1.33408003652330338e-05
1  1  -5.87093952163624867e-04
1  2  -1.20458660712907214e-04
1  3  -2.59813922095502941e-04
1  4  -2.93889011252770394e-04
1  5  -3.04808327121198997e-04
1  6  -2.28480639795273518e-04
1  7  -2.82916424148098940e-04
2  0  2.13706527144823916e-04
2  1  -1.20458660712907404e-04
2  2  4.67800484348308151e-05
2  3  7.07631727167255855e-06
2  4  5.46951477955544244e-05
2  5  5.50662179262173662e-05
2  6  2.36018767659684615e-05
2  7  2.01691529016857817e-05
3  0  1.76902348895767794e-04
3  1  -2.59813922095503212e-04
3  2  7.07631727167255855e-06
3  3  -6.39786251242422364e-05
3  4  -3.29350003484204728e-05
3  5  -3.55616372029308420e-05
3  6  -4.15847804269386432e-05
3  7  -5.91409248093486417e-05
4  0  3.41453920811195385e-04
4  1  -2.93889011252770665e-04
4  2  5.46951477955545193e-05
4  3  -3.29350003484202899e-05
4  4  3.78437778904825751e-05
4  5  3.65780970099507192e-05
4  6  -1.01044517164071621e-06
4  7  -1.58168580485985046e-05
5  0  3.49111703490549653e-04
5  1  -3.04808327121199269e-04
5  2  5.50662179262173662e-05
5  3  -3.55616372029306523e-05
5  4  3.65780970099507192e-05
5  5  3.52047162075967053e-05
5  6  -2.68552207002579360e-06
5  7  -1.82218032254681533e-05
6  0  2.08180752456616549e-04
6  1  -2.28480639795273707e-04
6  2  2.36018767659685089e-05
6  3  -4.15847804269385484e-05
6  4  -1.01044517164071621e-06
6  5  -2.68552207002579360e-06
6  6  -1.94373361478922164e-05
6  7  -3.29957086371236090e-05
7  0  2.30364450481311425e-04
7  1  -2.82916424148099157e-04
7  2  2.01691529016858766e-05
7  3  -5.91409248093484587e-05
7  4  -1.58168580485985046e-05
7  5  -1.82218032254681533e-05
7  6  -3.29957086371236090e-05
7  7  -5.07642885266996877e-05
