numXbins 8
numYbins 8
xbin  ybin  z
0  0  1.72846314406841779e-06
0  1  9.52249439817302988e-07
0  2  3.65049130171279615e-07
0  3  -6.21344583608739106e-07
0  4  -5.02100055573744666e-07
0  5  8.49908733518656619e-07
0  6  1.01903809363230746e-06
0  7  1.43955689511241373e-06
1  0  9.52249439817302988e-07
1  1  1.32667008752144466e-06
1  2  5.03713804331287751e-07
1  3  -4.90342508493601066e-07
1  4  -3.49588240083781210e-07
1  5  9.39654304341480190e-07
1  6  1.05542033458819170e-06
1  7  1.46973493647637766e-06
2  0  3.65049130171279456e-07
2  1  5.03713804331287963e-07
2  2  1.91263162962731866e-07
2  3  -1.87075978985644807e-07
2  4  -1.33573059394688108e-07
2  5  3.57357616524931887e-07
2  6  4.01599857433332163e-07
2  7  5.59319985622970875e-07
3  0  -6.21344583608739106e-07
3  1  -4.90342508493601066e-07
3  2  -1.87075978985644780e-07
3  3  2.50680588940350336e-07
3  4  1.93961526371027775e-07
3  5  -3.92530401448150740e-07
3  6  -4.57497765229043062e-07
3  7  -6.42373911436859360e-07
4  0  -5.02100055573744454e-07
4  1  -3.49588240083781422e-07
4  2  -1.33573059394688081e-07
4  3  1.93961526371027775e-07
4  4  1.52493417359888250e-07
4  5  -2.89778668195564215e-07
4  6  -3.40964044515105679e-07
4  7  -4.79736748292459766e-07
5  0  8.49908733518656619e-07
5  1  9.39654304341480508e-07
5  2  3.57357616524931887e-07
5  3  -3.92530401448150740e-07
5  4  -2.89778668195564268e-07
5  5  6.94996547006733049e-07
5  6  7.91436698610416502e-07
5  7  1.10556184512419433e-06
6  0  1.01903809363230746e-06
6  1  1.05542033458819212e-06
6  2  4.01599857433332269e-07
6  3  -4.57497765229043062e-07
6  4  -3.40964044515105679e-07
6  5  7.91436698610416607e-07
6  6  9.05062269847685644e-07
6  7  1.26547885604146095e-06
7  0  1.43955689511241395e-06
7  1  1.46973493647637766e-06
7  2  5.59319985622970770e-07
7  3  -6.42373911436859149e-07
7  4  -4.79736748292459660e-07
7  5  1.10556184512419412e-06
7  6  1.26547885604146073e-06
7  7  1.76979420239328620e-06
