numXbins 8
numYbins 8
xbin  ybin  z
0  0  2.95666325245606528e-04
0  1  -2.08089347124412527e-04
0  2  6.14384600711358719e-06
0  3  4.77932744681384514e-05
0  4  7.49540660414377275e-05
0  5  6.18499490652839188e-05
0  6  3.03226544250052266e-05
0  7  2.94615256763027612e-05
1  0  -2.08089347124412554e-04
1  1  2.70529947731000054e-04
1  2  -6.60333381183454926e-05
1  3  -4.40564770616955399e-05
1  4  -1.62324482075240837e-05
1  5  3.58614794196933308e-06
1  6  1.14976107892499424e-05
1  7  1.84688927256142438e-05
2  0  6.14384600711358126e-06
2  1  -6.60333381183454926e-05
2  2  1.01874001084308744e-04
2  3  -5.01424146828220201e-06
2  4  -1.51626466749517838e-05
2  5  -4.24510148783710341e-06
2  6  -2.63443879286787116e-07
2  7  1.02847834254351010e-06
3  0  4.77932744681384649e-05
3  1  -4.40564770616955467e-05
3  2  -5.01424146828220201e-06
3  3  7.35841216479394758e-05
3  4  4.65896927911793341e-05
3  5  7.44742244039835041e-06
3  6  -4.00897690622267813e-06
3  7  -9.23330143669515898e-06
4  0  7.49540660414377275e-05
4  1  -1.62324482075240905e-05
4  2  -1.51626466749517838e-05
4  3  4.65896927911793341e-05
4  4  6.85272279096940770e-05
4  5  3.87391007056392585e-05
4  6  1.42728943516539464e-05
4  7  1.05511275791563096e-05
5  0  6.18499490652839188e-05
5  1  3.58614794196932842e-06
5  2  -4.24510148783710256e-06
5  3  7.44742244039835126e-06
5  4  3.87391007056392585e-05
5  5  4.01037165859268461e-05
5  6  2.38309871484097138e-05
5  7  2.62732026873781329e-05
6  0  3.03226544250052266e-05
6  1  1.14976107892499424e-05
6  2  -2.63443879286785634e-07
6  3  -4.00897690622267813e-06
6  4  1.42728943516539498e-05
6  5  2.38309871484097138e-05
6  6  1.73474922747250137e-05
6  7  2.10580091847926874e-05
7  0  2.94615256763027612e-05
7  1  1.84688927256142438e-05
7  2  1.02847834254351010e-06
7  3  -9.23330143669515728e-06
7  4  1.05511275791563096e-05
7  5  2.62732026873781329e-05
7  6  2.10580091847926874e-05
7  7  2.65215360239635500e-05
