numXbins 8
numYbins 8
xbin  ybin  z
0  0  1.13314411078575456e-04
0  1  1.92342386018811990e-05
0  2  4.13319414107967174e-05
0  3  4.29186976691450149e-05
0  4  6.71637200230839417e-05
0  5  6.60102891863141908e-05
0  6  4.08973356552310316e-05
0  7  4.63009169000254625e-05
1  0  1.92342386018812058e-05
1  1  2.29610350700289215e-05
1  2  1.20545328045544419e-05
1  3  1.61083894793126952e-05
1  4  2.37031318672616474e-05
1  5  2.10767391031059437e-05
1  6  1.25507817471017110e-05
1  7  1.39324268797253833e-05
2  0  4.13319414107967106e-05
2  1  1.20545328045544470e-05
2  2  2.40869302016846029e-05
2  3  2.16704610309463812e-05
2  4  3.05543598289496218e-05
2  5  2.91468906885505279e-05
2  6  1.80263304055158708e-05
2  7  2.04051353964555341e-05
3  0  4.29186976691450217e-05
3  1  1.61083894793127054e-05
3  2  2.16704610309463880e-05
3  3  2.56229398110497391e-05
3  4  3.52741629014955576e-05
3  5  3.09197034753110032e-05
3  6  1.81517677715803172e-05
3  7  1.99899041712870847e-05
4  0  6.71637200230839281e-05
4  1  2.37031318672616440e-05
4  2  3.05543598289496218e-05
4  3  3.52741629014955576e-05
4  4  5.23027866628530920e-05
4  5  4.72815121756291686e-05
4  6  2.80378143279142428e-05
4  7  3.10283572243262525e-05
5  0  6.60102891863141908e-05
5  1  2.10767391031059369e-05
5  2  2.91468906885505279e-05
5  3  3.09197034753110032e-05
5  4  4.72815121756291754e-05
5  5  4.55931687971112325e-05
5  6  2.81131121722920950e-05
5  7  3.17584402311177171e-05
6  0  4.08973356552310316e-05
6  1  1.25507817471017144e-05
6  2  1.80263304055158708e-05
6  3  1.81517677715803138e-05
6  4  2.80378143279142428e-05
6  5  2.81131121722921018e-05
6  6  1.77525116344439269e-05
6  7  2.02978249930654826e-05
7  0  4.63009169000254625e-05
7  1  1.39324268797253884e-05
7  2  2.04051353964555341e-05
7  3  1.99899041712870779e-05
7  4  3.10283572243262457e-05
7  5  3.17584402311177171e-05
7  6  2.02978249930654826e-05
7  7  2.33466943256063512e-05
