numXbins 8
numYbins 8
xbin  ybin  z
0  0  9.14109473021225287e-07
0  1  -5.71862657577811615e-07
0  2  -1.55335456569097635e-07
0  3  -9.56174614539481505e-08
0  4  -1.28474545086967342e-07
0  5  -1.09141250961659075e-07
0  6  -6.32208527082538912e-08
0  7  -6.91031499053156346e-08
1  0  -5.71862657577811615e-07
1  1  4.98462383791210611e-07
1  2  -4.09639942792796073e-08
1  3  4.99459809161146677e-08
1  4  1.09038613233286810e-07
1  5  8.64902244633760913e-08
1  6  4.80306829846138020e-08
1  7  5.12406872157213698e-08
2  0  -1.55335456569097635e-07
2  1  -4.09639942792796073e-08
2  2  2.39441044873138086e-07
2  3  1.82050933482431700e-08
2  4  1.99430829003074997e-09
2  5  8.84197175603582026e-09
2  6  7.26228422995609480e-09
2  7  9.20774528695310884e-09
3  0  -9.56174614539481505e-08
3  1  4.99459809161146810e-08
3  2  1.82050933482431766e-08
3  3  5.05146388698508202e-08
3  4  4.40183396921528501e-08
3  5  2.38062720653924810e-08
3  6  1.09634153388559808e-08
3  7  1.04028990006732967e-08
4  0  -1.28474545086967342e-07
4  1  1.09038613233286784e-07
4  2  1.99430829003075493e-09
4  3  4.40183396921528501e-08
4  4  6.44005645539044263e-08
4  5  4.36205081894854188e-08
4  6  2.25260649615161634e-08
4  7  2.30343808809837037e-08
5  0  -1.09141250961659049e-07
5  1  8.64902244633760913e-08
5  2  8.84197175603581695e-09
5  3  2.38062720653924810e-08
5  4  4.36205081894854254e-08
5  5  3.32168519569546373e-08
5  6  1.80944036703618186e-08
5  7  1.90939400419520326e-08
6  0  -6.32208527082538912e-08
6  1  4.80306829846137954e-08
6  2  7.26228422995609645e-09
6  3  1.09634153388559791e-08
6  4  2.25260649615161601e-08
6  5  1.80944036703618186e-08
6  6  1.00759115645659635e-08
6  7  1.07637073653932272e-08
7  0  -6.91031499053156346e-08
7  1  5.12406872157213698e-08
7  2  9.20774528695310718e-09
7  3  1.04028990006732951e-08
7  4  2.30343808809837070e-08
7  5  1.90939400419520326e-08
7  6  1.07637073653932272e-08
7  7  1.15753350771414051e-08
