numXbins 8
numYbins 8
xbin  ybin  z
0  0  2.62669214498938097e-05
0  1  -1.82296519742642300e-05
0  2  6.25400709135556724e-07
0  3  3.76563517456264323e-06
0  4  6.47990710916751416e-06
0  5  5.41535453638926087e-06
0  6  2.58122445086589756e-06
0  7  2.45025158198403426e-06
1  0  -1.82296519742642300e-05
1  1  2.24319479761045864e-05
1  2  -5.49003663431064220e-06
1  3  -3.42883066960236269e-06
1  4  -1.68150931677290150e-06
1  5  -1.35107847652012924e-07
1  6  7.19446482424659224e-07
1  7  1.28926163380551027e-06
2  0  6.25400709135556830e-07
2  1  -5.49003663431064390e-06
2  2  8.46091191133009072e-06
2  3  -3.14017906100388204e-07
2  4  -1.03407898063414473e-06
2  5  -1.92618178432114965e-07
2  6  4.15327059258269504e-08
2  7  1.35884634297427412e-07
3  0  3.76563517456264323e-06
3  1  -3.42883066960236353e-06
3  2  -3.14017906100388151e-07
3  3  5.51851060970289041e-06
3  4  3.64237165215558654e-06
3  5  7.05349889026633119e-07
3  6  -2.34056764378189418e-07
3  7  -6.32295708324079953e-07
4  0  6.47990710916751586e-06
4  1  -1.68150931677290108e-06
4  2  -1.03407898063414473e-06
4  3  3.64237165215558654e-06
4  4  5.64422192815304363e-06
4  5  3.34138377861009297e-06
4  6  1.25215256824081311e-06
4  7  9.43097578510720339e-07
5  0  5.41535453638926172e-06
5  1  -1.35107847652012924e-07
5  2  -1.92618178432114833e-07
5  3  7.05349889026633119e-07
5  4  3.34138377861009297e-06
5  5  3.40274309457238070e-06
5  6  1.96406797327505673e-06
5  7  2.12899285676033933e-06
6  0  2.58122445086589756e-06
6  1  7.19446482424659118e-07
6  2  4.15327059258270430e-08
6  3  -2.34056764378189312e-07
6  4  1.25215256824081311e-06
6  5  1.96406797327505673e-06
6  6  1.38882314190363881e-06
6  7  1.66527042199527105e-06
7  0  2.45025158198403468e-06
7  1  1.28926163380551048e-06
7  2  1.35884634297427412e-07
7  3  -6.32295708324079953e-07
7  4  9.43097578510720339e-07
7  5  2.12899285676033933e-06
7  6  1.66527042199527105e-06
7  7  2.07864430479465844e-06
