numXbins 8
numYbins 8
xbin  ybin  z
0  0  1.85267471343591082e-06
0  1  7.40770605863735437e-07
0  2  8.10618512290023701e-07
0  3  7.88535774650493472e-07
0  4  1.30961955533945208e-06
0  5  1.37117887176321079e-06
0  6  8.73183020619420885e-07
0  7  1.00172014318450812e-06
1  0  7.40770605863735543e-07
1  1  2.96188578886602817e-07
1  2  3.24116458285224722e-07
1  3  3.15286930456226074e-07
1  4  5.23636267297368287e-07
1  5  5.48250049626817161e-07
1  6  3.49132154999076032e-07
1  7  4.00526240246742464e-07
2  0  8.10618512290023596e-07
2  1  3.24116458285224616e-07
2  2  3.54677681787241794e-07
2  3  3.45015610079333224e-07
2  4  5.73010387585188429e-07
2  5  5.99945024915275028e-07
2  6  3.82052130359531347e-07
2  7  4.38292208724133130e-07
3  0  7.88535774650493684e-07
3  1  3.15286930456226180e-07
3  2  3.45015610079333277e-07
3  3  3.35616750957055433e-07
3  4  5.57400531824527145e-07
3  5  5.83601420146222531e-07
3  6  3.71644328376920597e-07
3  7  4.26352323675908958e-07
4  0  1.30961955533945187e-06
4  1  5.23636267297368499e-07
4  2  5.73010387585188429e-07
4  3  5.57400531824526933e-07
4  4  9.25744474887730293e-07
4  5  9.69259552854315314e-07
4  6  6.17236016069327940e-07
4  7  7.08096396511458290e-07
5  0  1.37117887176321079e-06
5  1  5.48250049626817161e-07
5  2  5.99945024915274922e-07
5  3  5.83601420146222531e-07
5  4  9.69259552854315314e-07
5  5  1.01482007863269231e-06
5  6  6.46249500990529692e-07
5  7  7.41380818658067402e-07
6  0  8.73183020619420885e-07
6  1  3.49132154999076085e-07
6  2  3.82052130359531400e-07
6  3  3.71644328376920650e-07
6  4  6.17236016069327940e-07
6  5  6.46249500990529692e-07
6  6  4.11539371681736518e-07
6  7  4.72120126699956425e-07
7  0  1.00172014318450812e-06
7  1  4.00526240246742411e-07
7  2  4.38292208724132971e-07
7  3  4.26352323675909064e-07
7  4  7.08096396511458502e-07
7  5  7.41380818658067402e-07
7  6  4.72120126699956372e-07
7  7  5.41618686747571427e-07
