numXbins 8
numYbins 8
xbin  ybin  z
0  0  8.04404970658123430e-07
0  1  -6.04457821974757877e-07
0  2  -2.79888409654502728e-07
0  3  -2.78039200447557628e-07
0  4  -2.97053527221143692e-07
0  5  -1.88434671501451555e-07
0  6  -8.95651503292998440e-08
0  7  -8.62456733270044628e-08
1  0  -6.04457821974757877e-07
1  1  5.02301385758623234e-07
1  2  2.44625223632803886e-07
1  3  2.54067940919161551e-07
1  4  2.65881184008285256e-07
1  5  1.60440586466278225e-07
1  6  7.27796569553890713e-08
1  7  6.75486755400330327e-08
2  0  -2.79888409654502834e-07
2  1  2.44625223632803886e-07
2  2  1.21860103912508154e-07
2  3  1.28944289280615407e-07
2  4  1.33794744742190451e-07
2  5  7.90080705660753787e-08
2  6  3.50711463055045582e-08
2  7  3.19638886937683225e-08
3  0  -2.78039200447557734e-07
3  1  2.54067940919161392e-07
3  2  1.28944289280615407e-07
3  3  1.38472657012030672e-07
3  4  1.42721965580942157e-07
3  5  8.28194820637177723e-08
3  6  3.60989897073188572e-08
3  7  3.23829513173449771e-08
4  0  -2.97053527221143692e-07
4  1  2.65881184008285203e-07
4  2  1.33794744742190451e-07
4  3  1.42721965580942184e-07
4  4  1.47548083961132496e-07
4  5  8.63039185255997033e-08
4  6  3.79342437556142517e-08
4  7  3.42805681004989262e-08
5  0  -1.88434671501451555e-07
5  1  1.60440586466278225e-07
5  2  7.90080705660753919e-08
5  3  8.28194820637177723e-08
5  4  8.63039185255996901e-08
5  5  5.15255350108934409e-08
5  6  2.31272099735225409e-08
5  7  2.12772780696949877e-08
6  0  -8.95651503292998837e-08
6  1  7.27796569553891110e-08
6  2  3.50711463055045516e-08
6  3  3.60989897073188638e-08
6  4  3.79342437556142583e-08
6  5  2.31272099735225409e-08
6  6  1.05963200707048747e-08
6  7  9.91503244731403804e-09
7  0  -8.62456733270045422e-08
7  1  6.75486755400330724e-08
7  2  3.19638886937683225e-08
7  3  3.23829513173449903e-08
7  4  3.42805681004989329e-08
7  5  2.12772780696949844e-08
7  6  9.91503244731403804e-09
7  7  9.40317017597398114e-09
