numXbins 8
numYbins 8
xbin  ybin  z
0  0  2.76961299959011616e-04
0  1  -1.04035544874975328e-04
0  2  8.53961970693565510e-06
0  3  3.28187042429083027e-05
0  4  2.54342596306892324e-05
0  5  3.56444267908771073e-05
0  6  3.58247527202100363e-05
0  7  4.88207228153330765e-05
1  0  -1.04035544874975274e-04
1  1  3.90790864970477544e-05
1  2  -3.20775498009147170e-06
1  3  -1.23277576271736312e-05
1  4  -9.55392345270599780e-06
1  5  -1.33891896214159389e-05
1  6  -1.34569258225242453e-05
1  7  -1.83386288988208406e-05
2  0  8.53961970693563647e-06
2  1  -3.20775498009146746e-06
2  2  2.63304312732052996e-07
2  3  1.01190763312530884e-06
2  4  7.84221134164577180e-07
2  5  1.09903387047521092e-06
2  6  1.10459390669699197e-06
2  7  1.50530202855908405e-06
3  0  3.28187042429083163e-05
3  1  -1.23277576271736363e-05
3  2  1.01190763312530969e-06
3  3  3.88887309650441148e-06
3  4  3.01384866615106916e-06
3  5  4.22370887532271024e-06
3  6  4.24507671026203708e-06
3  7  5.78504239848145728e-06
4  0  2.54342596306892392e-05
4  1  -9.55392345270599780e-06
4  2  7.84221134164577497e-07
4  3  3.01384866615106662e-06
4  4  2.33571102914755824e-06
4  5  3.27334398531647423e-06
4  6  3.28990390363531147e-06
4  7  4.48336623068587967e-06
5  0  3.56444267908770937e-05
5  1  -1.33891896214159423e-05
5  2  1.09903387047521473e-06
5  3  4.22370887532271194e-06
5  4  3.27334398531647677e-06
5  5  4.58737434232950916e-06
5  6  4.61058196876524787e-06
5  7  6.28314020957577540e-06
6  0  3.58247527202100363e-05
6  1  -1.34569258225242386e-05
6  2  1.10459390669699324e-06
6  3  4.24507671026203708e-06
6  4  3.28990390363531104e-06
6  5  4.61058196876524533e-06
6  6  4.63390700308719347e-06
6  7  6.31492675236599017e-06
7  0  4.88207228153330765e-05
7  1  -1.83386288988208305e-05
7  2  1.50530202855908554e-06
7  3  5.78504239848145559e-06
7  4  4.48336623068587882e-06
7  5  6.28314020957577286e-06
7  6  6.31492675236599102e-06
7  7  8.60576180341556652e-06
