numXbins 8
numYbins 8
xbin  ybin  z
0  0  5.88757243169854669e-05
0  1  -4.47852743755528757e-05
0  2  -1.54641462806672655e-06
0  3  -1.86786197487517208e-05
0  4  -5.63851409491892569e-06
0  5  3.65130679264962997e-06
0  6  3.09001980703390887e-06
0  7  3.80590926563469269e-06
1  0  -4.47852743755528757e-05
1  1  3.40670254873604768e-05
1  2  1.17631849492773997e-06
1  3  1.42083536144816584e-05
1  4  4.28907506006706118e-06
1  5  -2.77745672660807058e-06
1  6  -2.35049991298335897e-06
1  7  -2.89505891752969457e-06
2  0  -1.54641462806672591e-06
2  1  1.17631849492774103e-06
2  2  4.06177287777136166e-08
2  3  4.90607820908498744e-07
2  4  1.48099760607573675e-07
2  5  -9.59042848511301722e-08
2  6  -8.11616652881600907e-08
2  7  -9.99650336322780363e-08
3  0  -1.86786197487517276e-05
3  1  1.42083536144816635e-05
3  2  4.90607820908498109e-07
3  3  5.92588608914666135e-06
3  4  1.78884696449642127e-06
3  5  -1.15839545002864306e-06
3  6  -9.80324329955568798e-07
3  7  -1.20744386240242551e-06
4  0  -5.63851409491892824e-06
4  1  4.28907506006706118e-06
4  2  1.48099760607573595e-07
4  3  1.78884696449642211e-06
4  4  5.39999151898794398e-07
4  5  -3.49684781870082220e-07
4  6  -2.95930460944033630e-07
4  7  -3.64491023884910469e-07
5  0  3.65130679264962785e-06
5  1  -2.77745672660807185e-06
5  2  -9.59042848511302516e-08
5  3  -1.15839545002864222e-06
5  4  -3.49684781870082008e-07
5  5  2.26443775405121767e-07
5  6  1.91634335572663231e-07
5  7  2.36031785851184831e-07
6  0  3.09001980703390887e-06
6  1  -2.35049991298335981e-06
6  2  -8.11616652881600642e-08
6  3  -9.80324329955568586e-07
6  4  -2.95930460944033524e-07
6  5  1.91634335572663390e-07
6  6  1.62175880103902855e-07
6  7  1.99748455768759935e-07
7  0  3.80590926563469184e-06
7  1  -2.89505891752969414e-06
7  2  -9.99650336322780363e-08
7  3  -1.20744386240242487e-06
7  4  -3.64491023884910363e-07
7  5  2.36031785851184964e-07
7  6  1.99748455768759909e-07
7  7  2.46025768791521096e-07
