numXbins 8
numYbins 8
xbin  ybin  z
0  0  1.14276064515697257e-05
0  1  4.47783380814356908e-06
0  2  4.45658376057552351e-06
0  3  3.85101594479247924e-06
0  4  6.78428181689504161e-06
0  5  6.75822060997215798e-06
0  6  4.23520372060917896e-06
0  7  4.82161284104595410e-06
1  0  4.47783380814356823e-06
1  1  2.14633144313460108e-06
1  2  2.00166637453588601e-06
1  3  1.72834828903469254e-06
1  4  3.02798765547099168e-06
1  5  3.01053578817494240e-06
1  6  1.88488960614894687e-06
1  7  2.14489605653158230e-06
2  0  4.45658376057552351e-06
2  1  2.00166637453588601e-06
2  2  1.90449332964195397e-06
2  3  1.64484163012755081e-06
2  4  2.88672922969090982e-06
2  5  2.87184568597761556e-06
2  6  1.79858030242908438e-06
2  7  2.04697622022473539e-06
3  0  3.85101594479247839e-06
3  1  1.72834828903469296e-06
3  2  1.64484163012755081e-06
3  3  1.42059401087173357e-06
3  4  2.49322235272236864e-06
3  5  2.48038576139318287e-06
3  6  1.55342207672025822e-06
3  7  1.76796305225888870e-06
4  0  6.78428181689504161e-06
4  1  3.02798765547099210e-06
4  2  2.88672922969091066e-06
4  3  2.49322235272236949e-06
4  4  4.37640515643487498e-06
4  5  4.35410197960727438e-06
4  6  2.72696610861632932e-06
4  7  3.10362215562876381e-06
5  0  6.75822060997215798e-06
5  1  3.01053578817494198e-06
5  2  2.87184568597761472e-06
5  3  2.48038576139318287e-06
5  4  4.35410197960727353e-06
5  5  4.33199204837615647e-06
5  6  2.71314246746762816e-06
5  7  3.08790253417209993e-06
6  0  4.23520372060917812e-06
6  1  1.88488960614894687e-06
6  2  1.79858030242908438e-06
6  3  1.55342207672025844e-06
6  4  2.72696610861632890e-06
6  5  2.71314246746762816e-06
6  6  1.69925815128260524e-06
6  7  1.93397672818072030e-06
7  0  4.82161284104595325e-06
7  1  2.14489605653158230e-06
7  2  2.04697622022473539e-06
7  3  1.76796305225888913e-06
7  4  3.10362215562876339e-06
7  5  3.08790253417209909e-06
7  6  1.93397672818072030e-06
7  7  2.20111923788065612e-06
