numXbins 8
numYbins 8
xbin  ybin  z
0  0  1.37110007210979416e-05
0  1  -1.22044655673626469e-05
0  2  -1.78185875666080400e-06
0  3  4.50269954619836743e-06
0  4  5.73550656645704360e-06
0  5  -1.07227358154794768e-07
0  6  -2.19815845116929958e-06
0  7  -3.74608139524430926e-06
1  0  -1.22044655673626452e-05
1  1  1.08634652433314860e-05
1  2  1.58607196396011734e-06
1  3  -4.00795264252286364e-06
1  4  -5.10530148933592973e-06
1  5  9.54454475715802802e-08
1  6  1.95662954693176193e-06
1  7  3.33447006026675633e-06
2  0  -1.78185875666080443e-06
2  1  1.58607196396011797e-06
2  2  2.31567388352856750e-07
2  3  -5.85163313620168759e-07
2  4  -7.45376855213865014e-07
2  5  1.39350883985967944e-08
2  6  2.85669001440349896e-07
2  7  4.86834482256936200e-07
3  0  4.50269954619836743e-06
3  1  -4.00795264252286449e-06
3  2  -5.85163313620168441e-07
3  3  1.47868880001863743e-06
3  4  1.88354324672049640e-06
3  5  -3.52135184531578213e-08
3  6  -7.21876343082821795e-07
3  7  -1.23021501796245224e-06
4  0  5.73550656645704275e-06
4  1  -5.10530148933593058e-06
4  2  -7.45376855213865438e-07
4  3  1.88354324672049640e-06
4  4  2.39924395330624892e-06
4  5  -4.48547286453222017e-08
4  6  -9.19520937038137740e-07
4  7  -1.56703911537580152e-06
5  0  -1.07227358154794702e-07
5  1  9.54454475715798831e-08
5  2  1.39350883985968606e-08
5  3  -3.52135184531574904e-08
5  4  -4.48547286453220561e-08
5  5  8.38575284965397484e-10
5  6  1.71907746428624405e-08
5  7  2.92963598803389396e-08
6  0  -2.19815845116930085e-06
6  1  1.95662954693176193e-06
6  2  2.85669001440349896e-07
6  3  -7.21876343082821795e-07
6  4  -9.19520937038137740e-07
6  5  1.71907746428623478e-08
6  6  3.52410496851034188e-07
6  7  6.00574724283506607e-07
7  0  -3.74608139524430841e-06
7  1  3.33447006026675718e-06
7  2  4.86834482256936094e-07
7  3  -1.23021501796245182e-06
7  4  -1.56703911537580131e-06
7  5  2.92963598803389760e-08
7  6  6.00574724283506924e-07
7  7  1.02349391596208784e-06
