numXbins 8
numYbins 8
xbin  ybin  z
0  0  4.17841099604351924e-07
0  1  5.78691654053590895e-07
0  2  3.27286737319647030e-07
0  3  6.28667584561101890e-07
0  4  7.17342368743077391e-07
0  5  7.30072150655436625e-07
0  6  4.85480391510191839e-07
0  7  5.70382723484774301e-07
1  0  5.78691654053591106e-07
1  1  8.01941300841052151e-07
1  2  4.52951817581613707e-07
1  3  8.70656967012723015e-07
1  4  9.93821214136558438e-07
1  5  1.01180510748493948e-06
1  6  6.72918956447176636e-07
1  7  7.90648968880653661e-07
2  0  3.27286737319647242e-07
2  1  4.52951817581613442e-07
2  2  2.56579314360883666e-07
2  3  4.92436711871103097e-07
2  4  5.61653138573756618e-07
2  5  5.71383229856146478e-07
2  6  3.79892785929144784e-07
2  7  4.46297046119620584e-07
3  0  6.28667584561102207e-07
3  1  8.70656967012722910e-07
3  2  4.92436711871103097e-07
3  3  9.45869821605582101e-07
3  4  1.07927159409115733e-06
3  5  1.09840944211215954e-06
3  6  7.30411903991957222e-07
3  7  8.58146612426382605e-07
4  0  7.17342368743077497e-07
4  1  9.93821214136558861e-07
4  2  5.61653138573756512e-07
4  3  1.07927159409115733e-06
4  4  1.23175318213549521e-06
4  5  1.25385381175799838e-06
4  6  8.33847309143568112e-07
4  7  9.79706458540552120e-07
5  0  7.30072150655437048e-07
5  1  1.01180510748493927e-06
5  2  5.71383229856146372e-07
5  3  1.09840944211215911e-06
5  4  1.25385381175799859e-06
5  5  1.27660362625465411e-06
5  6  8.49044061837171683e-07
5  7  9.97596215565317962e-07
6  0  4.85480391510192156e-07
6  1  6.72918956447176319e-07
6  2  3.79892785929144679e-07
6  3  7.30411903991957222e-07
6  4  8.33847309143568324e-07
6  5  8.49044061837171577e-07
6  6  5.64700602235122616e-07
6  7  6.63512163352857569e-07
7  0  5.70382723484774301e-07
7  1  7.90648968880653555e-07
7  2  4.46297046119620478e-07
7  3  8.58146612426382605e-07
7  4  9.79706458540552331e-07
7  5  9.97596215565317962e-07
7  6  6.63512163352857675e-07
7  7  7.79618590560997660e-07
