numXbins 8
numYbins 8
xbin  ybin  z
0  0  2.48533991640643168e-03
0  1  -5.65175500516107085e-04
0  2  4.94297663096250422e-04
0  3  6.97300003139850449e-04
0  4  9.51151137165335528e-04
0  5  7.98851069018471764e-04
0  6  4.58307125294386873e-04
0  7  4.98406015342143637e-04
1  0  -5.65175500516106977e-04
1  1  7.19587586444982684e-04
1  2  1.19571911203561658e-04
1  3  -9.36554374828251098e-05
1  4  4.89086025965721878e-06
1  5  1.67039777833123931e-04
1  6  1.41048261220956902e-04
1  7  1.80117718971162672e-04
2  0  4.94297663096250313e-04
2  1  1.19571911203561631e-04
2  2  2.88486680109561458e-04
2  3  1.56952262663362412e-04
2  4  3.09585313933383492e-04
2  5  3.27993643308057976e-04
2  6  2.02910977233491496e-04
2  7  2.28992638243470951e-04
3  0  6.97300003139850449e-04
3  1  -9.36554374828251098e-05
3  2  1.56952262663362466e-04
3  3  2.41625350700792657e-04
3  4  2.85973583160145845e-04
3  5  2.53532125077999822e-04
3  6  1.55135587363323409e-04
3  7  1.74899807759843260e-04
4  0  9.51151137165335745e-04
4  1  4.89086025965728909e-06
4  2  3.09585313933383437e-04
4  3  2.85973583160145791e-04
4  4  5.48789160689819137e-04
4  5  4.91632527430558631e-04
4  6  2.76181806710238667e-04
4  7  2.95776902081674748e-04
5  0  7.98851069018471438e-04
5  1  1.67039777833124121e-04
5  2  3.27993643308058030e-04
5  3  2.53532125077999713e-04
5  4  4.91632527430558631e-04
5  5  5.01565999192859352e-04
5  6  3.03852093618912065e-04
5  7  3.39301945316553845e-04
6  0  4.58307125294386982e-04
6  1  1.41048261220956902e-04
6  2  2.02910977233491577e-04
6  3  1.55135587363323436e-04
6  4  2.76181806710238667e-04
6  5  3.03852093618912173e-04
6  6  1.93721160616240981e-04
6  7  2.22094674399373712e-04
7  0  4.98406015342143746e-04
7  1  1.80117718971162645e-04
7  2  2.28992638243470978e-04
7  3  1.74899807759843233e-04
7  4  2.95776902081674694e-04
7  5  3.39301945316553900e-04
7  6  2.22094674399373712e-04
7  7  2.57913881164780379e-04
