numXbins 8
numYbins 8
xbin  ybin  z
0  0  3.48769004344892626e-06
0  1  -9.38564929618915163e-07
0  2  -8.88342641915103080e-07
0  3  1.37305423675469200e-07
0  4  1.09991372975388895e-06
0  5  8.63235960139094406e-07
0  6  3.45762002122781241e-07
0  7  2.74679806871820526e-07
1  0  -9.38564929618915587e-07
1  1  2.58166892866133160e-07
1  2  2.28178474470512474e-07
1  3  -2.88929844566721929e-08
1  4  -2.67252982363544190e-07
1  5  -2.08950870549672007e-07
1  6  -8.24398047017028386e-08
1  7  -6.42858903330775569e-08
2  0  -8.88342641915102868e-07
2  1  2.28178474470512501e-07
2  2  2.47443827896227625e-07
2  3  -5.06519474942395050e-08
2  4  -3.36090637050177989e-07
2  5  -2.65318297068628316e-07
2  6  -1.08710846471599765e-07
2  7  -8.87085217488287943e-08
3  0  1.37305423675469279e-07
3  1  -2.88929844566721962e-08
3  2  -5.06519474942395116e-08
3  3  1.70147888891933959e-08
3  4  8.47169292638166277e-08
3  5  6.76332085345650814e-08
3  6  2.88964170573444118e-08
3  7  2.46933333842052197e-08
4  0  1.09991372975388916e-06
4  1  -2.67252982363544190e-07
4  2  -3.36090637050178042e-07
4  3  8.47169292638166541e-08
4  4  4.94623449107030272e-07
4  5  3.92277721015994689e-07
4  6  1.63568078643076060e-07
4  7  1.36139821783368111e-07
5  0  8.63235960139094406e-07
5  1  -2.08950870549671980e-07
5  2  -2.65318297068628316e-07
5  3  6.76332085345650682e-08
5  4  3.92277721015994689e-07
5  5  3.11188279692242044e-07
5  6  1.29879914939539878e-07
5  7  1.08215022792905034e-07
6  0  3.45762002122781135e-07
6  1  -8.24398047017028916e-08
6  2  -1.08710846471599765e-07
6  3  2.88964170573444019e-08
6  4  1.63568078643076087e-07
6  5  1.29879914939539773e-07
6  6  5.44006767981892700e-08
6  7  4.55044046522088956e-08
7  0  2.74679806871820526e-07
7  1  -6.42858903330776363e-08
7  2  -8.87085217488288208e-08
7  3  2.46933333842052230e-08
7  4  1.36139821783368164e-07
7  5  1.08215022792904968e-07
7  6  4.55044046522089089e-08
7  7  3.82268110802211320e-08
