numXbins 8
numYbins 8
xbin  ybin  z
0  0  5.01634748193093461e-04
0  1  1.92216379503704033e-04
0  2  2.28562032232915391e-04
0  3  2.19074879062196987e-04
0  4  3.54486362930425290e-04
0  5  3.70273695179543336e-04
0  6  2.36021641374396595e-04
0  7  2.70937869571621481e-04
1  0  1.92216379503704033e-04
1  1  8.10202901639354750e-05
1  2  9.11109843328982582e-05
1  3  8.52328345564040723e-05
1  4  1.38704993823118600e-04
1  5  1.45173764274947082e-04
1  6  9.25979365990713111e-05
1  7  1.06328404986655515e-04
2  0  2.28562032232915499e-04
2  1  9.11109843328981905e-05
2  2  1.09649125338899124e-04
2  3  1.01291465529696175e-04
2  4  1.63356684453203668e-04
2  5  1.70432443355403264e-04
2  6  1.08526922908272589e-04
2  7  1.24518312835732745e-04
3  0  2.19074879062196933e-04
3  1  8.52328345564040587e-05
3  2  1.01291465529696189e-04
3  3  9.74508144353913440e-05
3  4  1.56139557084659101e-04
3  5  1.62251392676186193e-04
3  6  1.03239649983661585e-04
3  7  1.18415605494852754e-04
4  0  3.54486362930425236e-04
4  1  1.38704993823118600e-04
4  2  1.63356684453203668e-04
4  3  1.56139557084659101e-04
4  4  2.52413385666150326e-04
4  5  2.63037789301844948e-04
4  6  1.67470201477403657e-04
4  7  1.92135695675191569e-04
5  0  3.70273695179543390e-04
5  1  1.45173764274947055e-04
5  2  1.70432443355403291e-04
5  3  1.62251392676186274e-04
5  4  2.63037789301844894e-04
5  5  2.75048726576792072e-04
5  6  1.75411725670343306e-04
5  7  2.01410563933919837e-04
6  0  2.36021641374396595e-04
6  1  9.25979365990712839e-05
6  2  1.08526922908272534e-04
6  3  1.03239649983661585e-04
6  4  1.67470201477403630e-04
6  5  1.75411725670343360e-04
6  6  1.11982095582117755e-04
6  7  1.28643901559552146e-04
7  0  2.70937869571621535e-04
7  1  1.06328404986655488e-04
7  2  1.24518312835732718e-04
7  3  1.18415605494852754e-04
7  4  1.92135695675191542e-04
7  5  2.01410563933919837e-04
7  6  1.28643901559552146e-04
7  7  1.47821167342089858e-04
