numXbins 8
numYbins 8
xbin  ybin  z
0  0  2.93131331863567945e+00
0  1  -7.46835268773765115e+00
0  2  -1.12052314695152866e+00
0  3  1.78628051748137473e+00
0  4  -9.08931807897338739e-01
0  5  5.45300502863105763e+00
0  6  5.35056483171260133e+00
0  7  -4.39103149868810938e-01
1  0  -1.61148071663405656e+00
1  1  8.03066682193933801e+00
1  2  -2.95744847291885105e+00
1  3  -2.52601132133429473e+00
1  4  4.53853238963236105e+00
1  5  -3.05796900569832175e+00
1  6  -1.12458729679091296e+00
1  7  2.38233241746822300e+00
2  0  -5.98173247131349672e-01
2  1  -1.75105175338860630e+00
2  2  6.95142995873410463e+00
2  3  -1.18455423650387415e-01
2  4  -5.60708946016722498e-01
2  5  8.65290805839831867e-01
2  6  -9.49717645183234538e-01
2  7  8.92752469031699247e-01
3  0  -4.58266698956103502e-01
3  1  -9.13136661733731314e-01
3  2  -2.91652409146460734e-01
3  3  5.85076531544636058e+00
3  4  6.86646866662806499e-01
3  5  6.80061266885372384e-01
3  6  6.15040292139614975e-01
3  7  -9.25889320945891381e-01
4  0  -5.57980390798911041e-01
4  1  -1.00206172900329582e+00
4  2  -9.32565750764726697e-01
4  3  2.41528639028573311e+00
4  4  2.79506223587570535e+00
4  5  2.43768152403951976e+00
4  6  1.84827216520958282e+00
4  7  -1.19879947164349354e+00
5  0  -4.55006564899311572e-01
5  1  -7.56335543020973833e-01
5  2  -5.30690426101358081e-01
5  3  -3.11969257301327130e-01
5  4  1.91252128384536046e+00
5  5  2.16968070563646753e+00
5  6  2.15179381128429181e+00
5  7  8.18359195910920878e-01
6  0  -2.59046508439574386e-01
6  1  -4.06971061337045414e-01
6  2  -2.29796635227058843e-01
6  3  -6.37879773843118114e-01
6  4  9.73056685105709529e-01
6  5  8.68635761761147318e-01
6  6  1.47122997849742854e+00
6  7  1.27785068795553691e+00
7  0  -2.80592934454653276e-01
7  1  -4.26433783482475515e-01
7  2  -2.05364546598937436e-01
7  3  -9.49021536041486091e-01
7  4  9.82913957281408512e-01
7  5  6.92554571649269146e-01
7  6  1.73673139554776634e+00
7  7  1.89635115537727206e+00
