numXbins 8
numYbins 8
xbin  ybin  z
0  0  3.46193554574134055e+00
0  1  -7.49702953760649216e+00
0  2  4.08610440517894080e-01
0  3  4.22012402661588304e+00
0  4  -1.23664055597425460e+00
0  5  5.02556653412950727e+00
0  6  3.01845224527059663e+00
0  7  -4.67484152040946288e-01
1  0  -1.21651221233395845e+00
1  1  7.19839905463143381e+00
1  2  -2.59672318242932487e+00
1  3  -3.80265426838483744e+00
1  4  3.95875525988261590e+00
1  5  -2.86438827863992973e+00
1  6  8.17157596347996673e-01
1  7  1.85422553536084633e+00
2  0  -3.27401181904125926e-01
2  1  -2.28106001137076753e+00
2  2  6.89680777329106398e+00
2  3  -8.13786892296937681e-01
2  4  -6.87693091815740676e-01
2  5  1.02900917710614737e+00
2  6  -6.03544861180866254e-01
2  7  1.07538462562555304e+00
3  0  -2.74187566838551944e-01
3  1  -1.16436612437798237e+00
3  2  -6.10123885377198305e-01
3  3  5.74410541199338187e+00
3  4  5.77527337642723682e-01
3  5  6.03503286579931020e-01
3  6  5.59011061191410974e-01
3  7  -5.97349203853950295e-01
4  0  -3.72550696414632954e-01
4  1  -1.26350361098312125e+00
4  2  -1.17505022281811855e+00
4  3  2.33709039063594970e+00
4  4  2.36370839728323290e+00
4  5  2.61116802158491579e+00
4  6  1.77497492629952136e+00
4  7  -9.86045685675371208e-01
5  0  -3.32889653335952773e-01
5  1  -9.58533588825876914e-01
5  2  -5.76036310093480441e-01
5  3  -5.78320245028916657e-01
5  4  1.77550620356322009e+00
5  5  1.97575870681686228e+00
5  6  2.52172148632852711e+00
5  7  8.77714612812330541e-01
6  0  -1.97210066682262986e-01
6  1  -5.15969541003345022e-01
6  2  -2.20062300324179894e-01
6  3  -8.08026114483400559e-01
6  4  9.25569548078166715e-01
6  5  6.57540504916311663e-01
6  6  1.83328920377727567e+00
6  7  1.27331432654751686e+00
7  0  -2.18100926037305659e-01
7  1  -5.40680264920352482e-01
7  2  -1.74366702362284215e-01
7  3  -1.14195053603093832e+00
7  4  9.47921924396103566e-01
7  5  4.04770464020341558e-01
7  6  2.22084448330026785e+00
7  7  1.86653550294243042e+00
