numXbins 5
numYbins 5
xbin  ybin  z
0  0  5.12468245238029766e-08
0  1  -2.65325147782700721e-08
0  2  2.62200247443961892e-07
0  3  -4.46094057146776773e-07
0  4  -6.72930091062273800e-07
1  0  -2.65325147782700589e-08
1  1  9.80195583189265774e-08
1  2  -1.92418315653408442e-07
1  3  1.75664477291200412e-07
1  4  -2.90944791275553925e-08
2  0  2.62200247443961997e-07
2  1  -1.92418315653408310e-07
2  2  1.37962599606478019e-06
2  3  -2.24522632460367943e-06
2  4  -3.18918499964781313e-06
3  0  -4.46094057146776932e-07
3  1  1.75664477291200306e-07
3  2  -2.24522632460367943e-06
3  3  3.91944429598132109e-06
3  4  6.10539922205529257e-06
4  0  -6.72930091062273800e-07
4  1  -2.90944791275554752e-08
4  2  -3.18918499964781313e-06
4  3  6.10539922205529257e-06
4  4  1.05271386728970613e-05
