numXbins 5
numYbins 5
xbin  ybin  z
0  0  6.08602311928375403e-08
0  1  -7.44940548418426495e-08
0  2  2.74295001724372821e-07
0  3  -7.04122208673464114e-08
0  4  2.42667982595073601e-07
1  0  -7.44940548418426495e-08
1  1  9.11821085463203130e-08
1  2  -3.35742183373491705e-07
1  3  8.61858678487134033e-08
1  4  -2.97030123768642619e-07
2  0  2.74295001724372769e-07
2  1  -3.35742183373491758e-07
2  2  1.23623828724180376e-06
2  3  -3.17345495830102647e-07
2  4  1.09369638267492073e-06
3  0  -7.04122208673463982e-08
3  1  8.61858678487134033e-08
3  2  -3.17345495830102594e-07
3  3  8.14633916154996760e-08
3  4  -2.80754628318411572e-07
4  0  2.42667982595073601e-07
4  1  -2.97030123768642619e-07
4  2  1.09369638267492095e-06
4  3  -2.80754628318411572e-07
4  4  9.67589978259781958e-07
