numXbins 5
numYbins 5
xbin  ybin  z
0  0  1.30598363331362109e-03
0  1  5.67777121203361795e-04
0  2  6.33239973765631673e-04
0  3  1.12708590462782718e-03
0  4  1.85235744765547259e-03
1  0  5.67777121203361795e-04
1  1  1.40656238822404502e-03
1  2  1.05224205853514320e-03
1  3  1.58047984486401325e-03
1  4  2.41046803345526745e-03
2  0  6.33239973765631564e-04
2  1  1.05224205853514320e-03
2  2  1.63682246174795413e-03
2  3  1.78864987198527870e-03
2  4  2.59277316614828397e-03
3  0  1.12708590462782762e-03
3  1  1.58047984486401390e-03
3  2  1.78864987198527762e-03
3  3  3.52061660906687404e-03
3  4  5.11558004512452803e-03
4  0  1.85235744765547259e-03
4  1  2.41046803345526745e-03
4  2  2.59277316614828311e-03
4  3  5.11558004512452716e-03
4  4  9.29645386632156102e-03
