numXbins 5
numYbins 5
xbin  ybin  z
0  0  5.79692283337802892e-05
0  1  5.64083361266615513e-05
0  2  -3.45215785950469726e-05
0  3  2.11003157153137026e-05
0  4  1.08477863078070545e-04
1  0  5.64083361266615649e-05
1  1  5.48894728468249840e-05
1  2  -3.35920429680383676e-05
1  3  2.05321639680083969e-05
1  4  1.05556964249669467e-04
2  0  -3.45215785950469726e-05
2  1  -3.35920429680383609e-05
2  2  2.05581378767387486e-05
2  3  -1.25655667374484992e-05
2  4  -6.46002574764332522e-05
3  0  2.11003157153137128e-05
3  1  2.05321639680083834e-05
3  2  -1.25655667374485043e-05
3  3  7.68033896746682482e-06
3  4  3.94850375770147002e-05
4  0  1.08477863078070545e-04
4  1  1.05556964249669440e-04
4  2  -6.46002574764332522e-05
4  3  3.94850375770147002e-05
4  4  2.02994711439472426e-04
