numXbins 5
numYbins 5
xbin  ybin  z
0  0  9.54759196929385040e-07
0  1  1.69261375844614267e-06
0  2  5.69252295900083103e-07
0  3  1.03244058144161713e-06
0  4  -5.54084470249762774e-06
1  0  1.69261375844614267e-06
1  1  3.17961036286094008e-06
1  2  8.09989242912903860e-07
1  3  2.01181843538714447e-06
1  4  -1.01586448093966256e-05
2  0  5.69252295900083103e-07
2  1  8.09989242912903754e-07
2  2  5.61168014299247142e-07
2  3  4.13510434752066830e-07
2  4  -2.92980884059002513e-06
3  0  1.03244058144161692e-06
3  1  2.01181843538714489e-06
3  2  4.13510434752066936e-07
3  3  1.30054370876825976e-06
3  4  -6.33223042014033550e-06
4  0  -5.54084470249762859e-06
4  1  -1.01586448093966256e-05
4  2  -2.92980884059002597e-06
4  3  -6.33223042014033550e-06
4  4  3.27857319634229974e-05
