numXbins 5
numYbins 5
xbin  ybin  z
0  0  4.28800706979886242e-05
0  1  -2.95270647763171197e-05
0  2  -3.36364729593499148e-05
0  3  9.86603061892128466e-06
0  4  1.38380815386178702e-04
1  0  -2.95270647763171265e-05
1  1  2.04042626110087986e-05
1  2  2.30126749459662325e-05
1  3  -6.69305950214009096e-06
1  4  -9.53497459154604320e-05
2  0  -3.36364729593499216e-05
2  1  2.30126749459662291e-05
2  2  2.66948862490690751e-05
2  3  -7.94782730882817282e-06
2  4  -1.08423404497562631e-04
3  0  9.86603061892127789e-06
3  1  -6.69305950214009096e-06
3  2  -7.94782730882817451e-06
3  3  2.41067138806215658e-06
3  4  3.17537223552375619e-05
4  0  1.38380815386178756e-04
4  1  -9.53497459154604456e-05
4  2  -1.08423404497562603e-04
4  3  3.17537223552375619e-05
4  4  4.46628933221947331e-04
