numXbins 5
numYbins 5
xbin  ybin  z
0  0  1.13305782046826562e-04
0  1  6.96672822493977183e-05
0  2  3.31983056855212578e-05
0  3  1.38359421710254100e-04
0  4  1.64602122350154172e-04
1  0  6.96672822493977454e-05
1  1  4.28356799480135824e-05
1  2  2.04123363398979430e-05
1  3  8.50717828342431478e-05
1  4  1.01207390386122512e-04
2  0  3.31983056855212781e-05
2  1  2.04123363398979464e-05
2  2  9.72701904951180035e-06
2  3  4.05389583252746967e-05
2  4  4.82280028040196437e-05
3  0  1.38359421710254073e-04
3  1  8.50717828342431478e-05
3  2  4.05389583252747034e-05
3  3  1.68952803909728437e-04
3  4  2.00998166635801189e-04
4  0  1.64602122350154172e-04
4  1  1.01207390386122539e-04
4  2  4.82280028040196437e-05
4  3  2.00998166635801189e-04
4  4  2.39121589319933256e-04
