numXbins 5
numYbins 5
xbin  ybin  z
0  0  4.36009139995272129e-07
0  1  1.09268005224917527e-06
0  2  -4.02971421020798822e-07
0  3  5.78042821906735769e-07
0  4  -5.21531271611897174e-07
1  0  1.09268005224917527e-06
1  1  2.95928611618293309e-06
1  2  -1.27661241330281853e-06
1  3  1.65800684195455656e-06
1  4  -1.54512655403016921e-06
2  0  -4.02971421020798769e-07
2  1  -1.27661241330281853e-06
2  2  6.94461522077275294e-07
2  3  -7.87026543937859106e-07
2  4  7.69498857827954785e-07
3  0  5.78042821906735875e-07
3  1  1.65800684195455656e-06
3  2  -7.87026543937859318e-07
3  3  9.64776165097028364e-07
3  4  -9.17095835776280714e-07
4  0  -5.21531271611897068e-07
4  1  -1.54512655403016984e-06
4  2  7.69498857827954680e-07
4  3  -9.17095835776281032e-07
4  4  8.80479538148405227e-07
