numXbins 5
numYbins 5
xbin  ybin  z
0  0  4.63387715244739426e-05
0  1  -1.29068023068507535e-05
0  2  -1.15950051732890728e-06
0  3  -1.17929679161745698e-04
0  4  -1.53451972739022908e-04
1  0  -1.29068023068507585e-05
1  1  3.59494954889223681e-06
1  2  3.22957287375459987e-07
1  3  3.28471171111450536e-05
1  4  4.27411908123799376e-05
2  0  -1.15950051732890792e-06
2  1  3.22957287375458928e-07
2  2  2.90133166127598844e-08
2  3  2.95086640189105365e-06
2  4  3.83971425919361988e-06
3  0  -1.17929679161745684e-04
3  1  3.28471171111450130e-05
3  2  2.95086640189105153e-06
3  3  3.00124685434248993e-04
3  4  3.90527010460175420e-04
4  0  -1.53451972739022908e-04
4  1  4.27411908123799376e-05
4  2  3.83971425919362750e-06
4  3  3.90527010460175420e-04
4  4  5.08159952515382213e-04
