numXbins 5
numYbins 5
xbin  ybin  z
0  0  5.74252933235860894e-05
0  1  -1.34661203393726588e-05
0  2  -2.68466193599427208e-05
0  3  -4.75218860396307521e-05
0  4  -7.15406260694446689e-05
1  0  -1.34661203393726673e-05
1  1  3.15777920319279499e-06
1  2  6.29548037254578109e-06
1  3  1.11437904645544568e-05
1  4  1.67761385976154774e-05
2  0  -2.68466193599427106e-05
2  1  6.29548037254578024e-06
2  2  1.25509323391061096e-05
2  3  2.22167256261717103e-05
2  4  3.34456098645563937e-05
3  0  -4.75218860396307453e-05
3  1  1.11437904645544568e-05
3  2  2.22167256261717103e-05
3  3  3.93263929892038647e-05
3  4  5.92029275343661194e-05
4  0  -7.15406260694446554e-05
4  1  1.67761385976154706e-05
4  2  3.34456098645563937e-05
4  3  5.92029275343661126e-05
4  4  8.91255556949150485e-05
