numXbins 5
numYbins 5
xbin  ybin  z
0  0  4.41054066332111461e-06
0  1  6.26303188006663315e-06
0  2  6.69726004821972050e-06
0  3  9.52442489634447509e-06
0  4  1.72988355493676364e-05
1  0  6.26303188006663399e-06
1  1  8.89359634680123297e-06
1  2  9.51020666013136214e-06
1  3  1.35248218571435345e-05
1  4  2.45645980400365638e-05
2  0  6.69726004821972304e-06
2  1  9.51020666013136553e-06
2  2  1.01695677644440244e-05
2  3  1.44625240327169727e-05
2  4  2.62677093466052964e-05
3  0  9.52442489634447847e-06
3  1  1.35248218571435328e-05
3  2  1.44625240327169659e-05
3  3  2.05676982780153672e-05
3  4  3.73562954207299654e-05
4  0  1.72988355493676296e-05
4  1  2.45645980400365536e-05
4  2  2.62677093466052998e-05
4  3  3.73562954207299586e-05
4  4  6.78487591901559637e-05
