numXbins 5
numYbins 5
xbin  ybin  z
0  0  1.85788828140532960e-05
0  1  -1.67583943652859263e-06
0  2  -3.25178042059977435e-06
0  3  -2.50054300236253683e-06
0  4  -5.77455332198634459e-06
1  0  -1.67583943652859263e-06
1  1  3.38465169707539870e-05
1  2  7.95243191833518643e-06
1  3  8.49610555217182368e-06
1  4  4.26889332775526111e-06
2  0  -3.25178042059977350e-06
2  1  7.95243191833518643e-06
2  2  2.96013877719321520e-05
2  3  2.57172500044053008e-08
2  4  -7.12545563893751641e-06
3  0  -2.50054300236253683e-06
3  1  8.49610555217182368e-06
3  2  2.57172500044054662e-08
3  3  2.36920636351586383e-05
3  4  9.61728124967527401e-07
4  0  -5.77455332198634459e-06
4  1  4.26889332775526195e-06
4  2  -7.12545563893751641e-06
4  3  9.61728124967527401e-07
4  4  3.39139501145544679e-05
