numXbins 5
numYbins 5
xbin  ybin  z
0  0  1.88302194505992232e-04
0  1  -1.77460014456118958e-05
0  2  -3.03464594855003417e-05
0  3  -2.45863922055533787e-05
0  4  -5.57664327112575056e-05
1  0  -1.77460014456118958e-05
1  1  3.38241571527318069e-04
1  2  7.94461562496965288e-05
1  3  8.52672691790186562e-05
1  4  4.74986430800086558e-05
2  0  -3.03464594855003417e-05
2  1  7.94461562496965288e-05
2  2  2.53345964769668974e-04
2  3  3.64023897556872156e-06
2  4  -5.97081791119778450e-05
3  0  -2.45863922055533787e-05
3  1  8.52672691790186562e-05
3  2  3.64023897556872029e-06
3  3  2.06566446329968279e-04
3  4  1.01140616790796379e-05
4  0  -5.57664327112575056e-05
4  1  4.74986430800086558e-05
4  2  -5.97081791119778585e-05
4  3  1.01140616790796379e-05
4  4  3.10281261927915697e-04
