numXbins 5
numYbins 5
xbin  ybin  z
0  0  6.92283498883423530e-04
0  1  2.05007814550616028e-04
0  2  1.80288979285108672e-04
0  3  2.91585080450474212e-04
0  4  4.02192500347751567e-04
1  0  2.05007814550616028e-04
1  1  2.59352053012402539e-04
1  2  1.30083543607941208e-04
1  3  3.81551130429600056e-04
1  4  5.71861051239151165e-04
2  0  1.80288979285108617e-04
2  1  1.30083543607941154e-04
2  2  2.21164615789818427e-04
2  3  3.15030426058604518e-04
2  4  3.61675904439901766e-04
3  0  2.91585080450474320e-04
3  1  3.81551130429600219e-04
3  2  3.15030426058604573e-04
3  3  1.18144485177076506e-03
3  4  1.62843645062089935e-03
4  0  4.02192500347751730e-04
4  1  5.71861051239151382e-04
4  2  3.61675904439901657e-04
4  3  1.62843645062089935e-03
4  4  2.37624227897655169e-03
