numXbins 5
numYbins 5
xbin  ybin  z
0  0  7.55525713562172946e-04
0  1  -1.46730701297687809e-04
0  2  -1.52726171727864406e-04
0  3  -1.82234700493368122e-04
0  4  -2.73834140043252583e-04
1  0  -1.46730701297687809e-04
1  1  6.21564268555340632e-04
1  2  2.10141183953643990e-04
1  3  -2.31826365088670856e-04
1  4  -4.53148386122623572e-04
2  0  -1.52726171727864596e-04
2  1  2.10141183953643990e-04
2  2  7.37265190864280946e-04
2  3  -2.21852400507442182e-04
2  4  -5.72827802582615204e-04
3  0  -1.82234700493367796e-04
3  1  -2.31826365088670151e-04
3  2  -2.21852400507442860e-04
3  3  4.95546574859148919e-04
3  4  1.40366891230333840e-04
4  0  -2.73834140043252583e-04
4  1  -4.53148386122623572e-04
4  2  -5.72827802582615963e-04
4  3  1.40366891230333136e-04
4  4  1.15944343751815952e-03
