numXbins 5
numYbins 5
xbin  ybin  z
0  0  1.07891852712940250e-07
0  1  -5.86862451954671485e-08
0  2  4.22272238424885544e-07
0  3  -1.53891190379008134e-07
0  4  -3.57159123108430645e-08
1  0  -5.86862451954671286e-08
1  1  5.15248233299138203e-08
1  2  -2.46785554091864661e-07
1  3  7.59416069628897758e-08
1  4  -1.05048090831675668e-07
2  0  4.22272238424885544e-07
2  1  -2.46785554091864661e-07
2  2  1.66761943881708051e-06
2  3  -5.95534268605167517e-07
2  4  -3.12283431872971564e-08
3  0  -1.53891190379008160e-07
3  1  7.59416069628897758e-08
3  2  -5.95534268605167517e-07
3  3  2.22578227088626248e-07
3  4  1.00250911581837927e-07
4  0  -3.57159123108431108e-08
4  1  -1.05048090831675668e-07
4  2  -3.12283431872970704e-08
4  3  1.00250911581837927e-07
4  4  8.02206028457600417e-07
