numXbins 5
numYbins 5
xbin  ybin  z
0  0  5.54659453240830716e-08
0  1  -8.53056335292917370e-07
0  2  6.99150471567886170e-07
0  3  2.28489451312546446e-06
0  4  3.39705506913010300e-06
1  0  -8.53056335292918111e-07
1  1  1.31198541182605788e-05
1  2  -1.07528094150241715e-05
1  3  -3.51412696296623348e-05
1  4  -5.22461003977899089e-05
2  0  6.99150471567885535e-07
2  1  -1.07528094150241681e-05
2  2  8.81281981290518008e-06
2  3  2.88011872330051155e-05
2  4  4.28200157708868954e-05
3  0  2.28489451312546700e-06
3  1  -3.51412696296623348e-05
3  2  2.88011872330051087e-05
3  3  9.41251952996831071e-05
3  4  1.39940146028129711e-04
4  0  3.39705506913009792e-06
4  1  -5.22461003977898954e-05
4  2  4.28200157708868954e-05
4  3  1.39940146028129657e-04
4  4  2.08055286451450138e-04
