numXbins 5
numYbins 5
xbin  ybin  z
0  0  2.34945886102905394e-05
0  1  2.74535455803169974e-05
0  2  2.05572778139156032e-05
0  3  8.93754501294158278e-06
0  4  -6.16702266369837119e-06
1  0  2.74535455803170042e-05
1  1  3.54510896373150163e-05
1  2  2.64699633514860127e-05
1  3  1.21097384572893197e-05
1  4  -6.67080127240612784e-06
2  0  2.05572778139156032e-05
2  1  2.64699633514860160e-05
2  2  2.42672432483607036e-05
2  3  1.88760482447659163e-05
2  4  1.50421494021985485e-05
3  0  8.93754501294158448e-06
3  1  1.21097384572893146e-05
3  2  1.88760482447659163e-05
3  3  3.40236104066442055e-05
3  4  5.62648771565507446e-05
4  0  -6.16702266369837119e-06
4  1  -6.67080127240612784e-06
4  2  1.50421494021985553e-05
4  3  5.62648771565507446e-05
4  4  1.21227749655598038e-04
