numXbins 5
numYbins 5
xbin  ybin  z
0  0  3.05984684417373175e-04
0  1  1.68310538315809646e-04
0  2  2.28490096337221759e-04
0  3  3.70220366697706043e-04
0  4  4.81353694485982947e-04
1  0  1.68310538315809619e-04
1  1  9.25812262862042387e-05
1  2  1.25683712528212697e-04
1  3  2.03644144258448479e-04
1  4  2.64774361479903041e-04
2  0  2.28490096337221786e-04
2  1  1.25683712528212697e-04
2  2  1.70622017319598467e-04
2  3  2.76457259335812400e-04
2  4  3.59444631141594495e-04
3  0  3.70220366697706043e-04
3  1  2.03644144258448534e-04
3  2  2.76457259335812400e-04
3  3  4.47941112408179918e-04
3  4  5.82404775007680335e-04
4  0  4.81353694485982893e-04
4  1  2.64774361479902986e-04
4  2  3.59444631141594387e-04
4  3  5.82404775007680335e-04
4  4  7.57231949816340949e-04
