numXbins 5
numYbins 5
xbin  ybin  z
0  0  1.27776424748497758e-04
0  1  -8.49713944054136698e-06
0  2  -3.06640573817121374e-05
0  3  4.68592571664734934e-05
0  4  2.65792272320460174e-04
1  0  -8.49713944054135343e-06
1  1  7.82419942399263218e-05
1  2  6.82104863051163197e-05
1  3  4.21305275591671668e-05
1  4  -3.85247154264858543e-05
2  0  -3.06640573817121170e-05
2  1  6.82104863051163197e-05
2  2  1.09554235438329492e-04
2  3  4.91700692788054285e-05
2  4  -1.90954348104427365e-05
3  0  4.68592571664735273e-05
3  1  4.21305275591671533e-05
3  2  4.91700692788054217e-05
3  3  1.40737054881128225e-04
3  4  2.75787814374478220e-04
4  0  2.65792272320460119e-04
4  1  -3.85247154264858950e-05
4  2  -1.90954348104427772e-05
4  3  2.75787814374478112e-04
4  4  1.10381797193484163e-03
