numXbins 5
numYbins 5
xbin  ybin  z
0  0  5.62776981674497530e-05
0  1  2.40043722863265928e-05
0  2  2.14961340317200883e-05
0  3  4.22476838178707469e-05
0  4  1.13345932174766962e-04
1  0  2.40043722863265961e-05
1  1  3.32093236451338456e-05
1  2  2.64674778835737257e-05
1  3  2.25271183410009692e-05
1  4  4.27411299321506469e-05
2  0  2.14961340317200951e-05
2  1  2.64674778835737189e-05
2  2  3.46751764374992434e-05
2  3  3.09496122071994229e-05
2  4  6.11612995660926819e-05
3  0  4.22476838178707537e-05
3  1  2.25271183410009557e-05
3  2  3.09496122071994297e-05
3  3  9.12145699696281873e-05
3  4  1.92929498843500140e-04
4  0  1.13345932174766935e-04
4  1  4.27411299321506740e-05
4  2  6.11612995660926819e-05
4  3  1.92929498843500194e-04
4  4  5.19911658123700898e-04
