numXbins 5
numYbins 5
xbin  ybin  z
0  0  1.46050981619164445e-06
0  1  -4.12110572802346180e-06
0  2  -4.31456833341952902e-06
0  3  2.84952937391970385e-06
0  4  6.32191956102604764e-06
1  0  -4.12110572802346180e-06
1  1  1.16284822144045436e-05
1  2  1.21743736849151790e-05
1  3  -8.04048811917788722e-06
1  4  -1.78384962745292205e-05
2  0  -4.31456833341952902e-06
2  1  1.21743736849151790e-05
2  2  1.27458916724623314e-05
2  3  -8.41794356022970935e-06
2  4  -1.86759127819852567e-05
3  0  2.84952937391970427e-06
3  1  -8.04048811917788722e-06
3  2  -8.41794356022970935e-06
3  3  5.55957759599594497e-06
3  4  1.23343885052926348e-05
4  0  6.32191956102604764e-06
4  1  -1.78384962745292239e-05
4  2  -1.86759127819852533e-05
4  3  1.23343885052926314e-05
4  4  2.73648738906109686e-05
