numXbins 5
numYbins 5
xbin  ybin  z
0  0  1.30291287745292318e-04
0  1  -8.13401697259099390e-05
0  2  -2.40190170088985976e-05
0  3  -9.02341614310660418e-05
0  4  -1.40415715287481281e-04
1  0  -8.13401697259099525e-05
1  1  5.07802426818741200e-05
1  2  1.49949467379020560e-05
1  3  5.63327152021587425e-05
1  4  8.76607969060575523e-05
2  0  -2.40190170088985840e-05
2  1  1.49949467379020577e-05
2  2  4.42787225498586750e-06
2  3  1.66345416927141121e-05
2  4  2.58854410925763169e-05
3  0  -9.02341614310660283e-05
3  1  5.63327152021587290e-05
3  2  1.66345416927141121e-05
3  3  6.24923126486013144e-05
3  4  9.72459060000886130e-05
4  0  -1.40415715287481281e-04
4  1  8.76607969060575523e-05
4  2  2.58854410925763169e-05
4  3  9.72459060000886130e-05
4  4  1.51326872585979188e-04
