numXbins 5
numYbins 5
xbin  ybin  z
0  0  4.41997176835773242e+00
0  1  2.44359716218393697e-01
0  2  -6.75071940890372479e-01
0  3  3.43104459437590936e-02
0  4  -3.28989382639485739e-01
1  0  -7.11501983598976762e-01
1  1  5.81045110696575673e+00
1  2  -6.17634367410425544e-01
1  3  3.13237756873743223e-02
1  4  -4.78895033589256780e-01
2  0  -5.81507468622249113e-01
2  1  1.67308424067606554e+00
2  2  3.31167307725761839e+00
2  3  -1.10036925080937653e-01
2  4  -5.35200520120200363e-01
3  0  -6.53228521398665607e-01
3  1  2.01520618737340218e+00
3  2  -1.25897115019736572e+00
3  3  3.41661294692317252e+00
3  4  -1.87132925545985263e-01
4  0  -8.93559455825140403e-01
4  1  2.45000914070929143e+00
4  2  -2.32204699866789355e+00
4  3  4.61674485021213221e-01
4  4  3.49544934041304822e+00
