numXbins 6
numYbins 6
xbin  ybin  z
0  0  2.73879363667219877e-01
0  1  1.12296106293797493e-01
0  2  -3.92060799058526754e-02
0  3  1.47062404314056039e-01
0  4  1.11724472051719204e-01
0  5  -1.36371551707270555e-03
1  0  1.85655078385025263e-01
1  1  8.58288281597197056e-02
1  2  -2.64141331426799297e-02
1  3  1.11104936338961124e-01
1  4  1.05668134783627465e-01
1  5  1.11432598714600317e-03
2  0  1.87567102257162333e-01
2  1  6.15087924525141716e-02
2  2  -1.98671226389706135e-02
2  3  1.23378125717863441e-01
2  4  1.41774061266914941e-01
2  5  4.09023320025880821e-03
3  0  2.49289940111339092e-01
3  1  1.85273047536611557e-02
3  2  -9.04477620497345924e-02
3  3  2.12877314304932952e-01
3  4  2.70809788722544909e-01
3  5  1.37395984493196011e-02
4  0  1.84109455905854702e-01
4  1  -1.56054861843585968e-01
4  2  -1.69565209187567234e-01
4  3  2.80506275128573179e-01
4  4  5.61443011334631592e-01
4  5  4.57345322938635945e-02
5  0  -1.18876136466860771e+00
5  1  4.09117609262466431e-01
5  2  -4.65484421700239182e-01
5  3  4.83646821230649948e-02
5  4  7.16336755780503154e-01
5  5  8.05693361617159098e-01
