numXbins 6
numYbins 6
xbin  ybin  z
0  0  8.20077893237281669e-05
0  1  5.99292927615111820e-05
0  2  6.36439353691170139e-05
0  3  8.76034571777370143e-05
0  4  9.08445483593339466e-05
0  5  -6.62295286111802653e-05
1  0  5.99292927615111955e-05
1  1  4.39061189001840670e-05
1  2  4.67571787488534871e-05
1  3  6.46001149747175432e-05
1  4  6.80302521599355619e-05
1  5  -4.12353110002663663e-05
2  0  6.36439353691170410e-05
2  1  4.67571787488534803e-05
2  2  4.99903562028979753e-05
2  3  6.94256560974754823e-05
2  4  7.45750963219432567e-05
2  5  -3.57655406139745062e-05
3  0  8.76034571777370278e-05
3  1  6.46001149747175296e-05
3  2  6.94256560974754823e-05
3  3  9.73089023730964358e-05
3  4  1.07544381913105564e-04
3  5  -3.19580680623800199e-05
4  0  9.08445483593339873e-05
4  1  6.80302521599355755e-05
4  2  7.45750963219432838e-05
4  3  1.07544381913105591e-04
4  4  1.30282603086893885e-04
4  5  3.57075328329087312e-05
5  0  -6.62295286111803195e-05
5  1  -4.12353110002663663e-05
5  2  -3.57655406139744723e-05
5  3  -3.19580680623800741e-05
5  4  3.57075328329086838e-05
5  5  5.78372060954548766e-04
