numXbins 6
numYbins 6
xbin  ybin  z
0  0  3.12951992426767020e-04
0  1  2.47337218313090784e-04
0  2  2.77395855467857519e-04
0  3  3.90248635804079898e-04
0  4  4.95808352139508342e-04
0  5  -4.03966758659349008e-04
1  0  2.47337218313090784e-04
1  1  1.97440383611484490e-04
1  2  2.22558501591054884e-04
1  3  3.16567067827308840e-04
1  4  4.13968159115666082e-04
1  5  -3.49240807589563267e-04
2  0  2.77395855467857627e-04
2  1  2.22558501591054911e-04
2  2  2.52875596234932636e-04
2  3  3.63625232325953522e-04
2  4  4.88594928444744227e-04
2  5  -3.93889249240713432e-04
3  0  3.90248635804079952e-04
3  1  3.16567067827308894e-04
3  2  3.63625232325953522e-04
3  3  5.38206774744518271e-04
3  4  7.57926819639877908e-04
3  5  -6.53182208517914288e-04
4  0  4.95808352139508342e-04
4  1  4.13968159115666191e-04
4  2  4.88594928444744227e-04
4  3  7.57926819639877692e-04
4  4  1.16861202919869758e-03
4  5  -1.03082865631165511e-03
5  0  -4.03966758659348791e-04
5  1  -3.49240807589563159e-04
5  2  -3.93889249240713432e-04
5  3  -6.53182208517914288e-04
5  4  -1.03082865631165489e-03
5  5  2.52326940377883228e-03
