numXbins 6
numYbins 6
xbin  ybin  z
0  0  6.66950635718445533e-06
0  1  4.76164252943056705e-06
0  2  5.00093824835988957e-06
0  3  8.00367101051325771e-06
0  4  9.52076510771403197e-06
0  5  -1.49601352218201616e-05
1  0  4.76164252943056705e-06
1  1  3.47248404387214623e-06
1  2  3.71266336384741604e-06
1  3  6.03989151942916684e-06
1  4  7.77213694835688830e-06
1  5  -8.54960846235470336e-06
2  0  5.00093824835989127e-06
2  1  3.71266336384741604e-06
2  2  4.11069295807357027e-06
2  3  6.85953706343952837e-06
2  4  9.69988957757231885e-06
2  5  -9.10636501031652656e-06
3  0  8.00367101051325771e-06
3  1  6.03989151942916769e-06
3  2  6.85953706343952837e-06
3  3  1.19750895955995091e-05
3  4  1.82878555672498723e-05
3  5  -1.12234566735573537e-05
4  0  9.52076510771403197e-06
4  1  7.77213694835688830e-06
4  2  9.69988957757231885e-06
4  3  1.82878555672498723e-05
4  4  3.36597349043907577e-05
4  5  -2.61817922273303120e-06
5  0  -1.49601352218201616e-05
5  1  -8.54960846235470166e-06
5  2  -9.10636501031652656e-06
5  3  -1.12234566735573604e-05
5  4  -2.61817922273302951e-06
5  5  2.01284038117167360e-04
