numXbins 6
numYbins 6
xbin  ybin  z
0  0  5.59387854111731485e-04
0  1  4.30105285792117798e-04
0  2  4.72617465871284412e-04
0  3  6.95951384228470213e-04
0  4  8.89692523367103540e-04
0  5  1.32866278970377848e-03
1  0  4.30105285792117798e-04
1  1  3.30776320904512889e-04
1  2  3.63545198607717840e-04
1  3  5.35502456829391464e-04
1  4  6.85234806870443024e-04
1  5  1.02754268904042757e-03
2  0  4.72617465871284358e-04
2  1  3.63545198607717948e-04
2  2  3.99652085138613351e-04
2  3  5.88874324584202262e-04
2  4  7.54266755665657291e-04
2  5  1.13400793833987349e-03
3  0  6.95951384228470104e-04
3  1  5.35502456829391464e-04
3  2  5.88874324584202154e-04
3  3  8.68229093058021234e-04
3  4  1.11381742538853214e-03
3  5  1.68526186192464469e-03
4  0  8.89692523367103757e-04
4  1  6.85234806870443133e-04
4  2  7.54266755665657183e-04
4  3  1.11381742538853214e-03
4  4  1.43528805355749400e-03
4  5  2.20605845708906788e-03
5  0  1.32866278970377848e-03
5  1  1.02754268904042757e-03
5  2  1.13400793833987328e-03
5  3  1.68526186192464425e-03
5  4  2.20605845708906744e-03
5  5  3.89584970944364777e-03
