numXbins 6
numYbins 6
xbin  ybin  z
0  0  4.31665356932537005e-06
0  1  3.65507007261804333e-06
0  2  4.68334879694966464e-06
0  3  8.76097738931498581e-06
0  4  1.62031853242746850e-05
0  5  2.92113301345493824e-08
1  0  3.65507007261804248e-06
1  1  3.09488288119353671e-06
1  2  3.96556447082171668e-06
1  3  7.41824326374495647e-06
1  4  1.37198357034465693e-05
1  5  2.47343125505536894e-08
2  0  4.68334879694966464e-06
2  1  3.96556447082171583e-06
2  2  5.08119440247733310e-06
2  3  9.50521329946893282e-06
2  4  1.75796290521071490e-05
2  5  3.16928022241826561e-08
3  0  8.76097738931498581e-06
3  1  7.41824326374495647e-06
3  2  9.50521329946893113e-06
3  3  1.77810712820496341e-05
3  4  3.28855994536148268e-05
3  5  5.92866206913607437e-08
4  0  1.62031853242746816e-05
4  1  1.37198357034465676e-05
4  2  1.75796290521071490e-05
4  3  3.28855994536148268e-05
4  4  6.08210064663174235e-05
4  5  1.09648964907008749e-07
5  0  2.92113301345473343e-08
5  1  2.47343125505526339e-08
5  2  3.16928022241845487e-08
5  3  5.92866206913601018e-08
5  4  1.09648964907016915e-07
5  5  1.97676694343679664e-10
