numXbins 6
numYbins 6
xbin  ybin  z
0  0  1.41322073017869272e-06
0  1  1.09273570115936284e-06
0  2  1.21391469961983605e-06
0  3  1.81194364815110508e-06
0  4  2.55207161626584049e-06
0  5  7.14390301185325369e-07
1  0  1.09273570115936284e-06
1  1  8.44929538154985696e-07
1  2  9.38628499217986724e-07
1  3  1.40103678355336507e-06
1  4  1.97332333350698528e-06
1  5  5.52383155630459100e-07
2  0  1.21391469961983647e-06
2  1  9.38628499217986724e-07
2  2  1.04271870600826225e-06
2  3  1.55640393986122269e-06
2  4  2.19215634273257823e-06
2  5  6.13639396615534515e-07
3  0  1.81194364815110508e-06
3  1  1.40103678355336507e-06
3  2  1.55640393986122290e-06
3  3  2.32316322353242474e-06
3  4  3.27210492634267338e-06
3  5  9.15947442704467910e-07
4  0  2.55207161626584176e-06
4  1  1.97332333350698571e-06
4  2  2.19215634273257908e-06
4  3  3.27210492634267423e-06
4  4  4.60867426911557613e-06
4  5  1.29008437311755600e-06
5  0  7.14390301185323781e-07
5  1  5.52383155630458359e-07
5  2  6.13639396615535362e-07
5  3  9.15947442704468334e-07
5  4  1.29008437311755748e-06
5  5  3.61128187260745427e-07
