numXbins 6
numYbins 6
xbin  ybin  z
0  0  7.29833462809802570e-04
0  1  5.71262109611795667e-04
0  2  6.46982684712026166e-04
0  3  9.61052508504296179e-04
0  4  1.32358110889466791e-03
0  5  1.90032615281834558e-03
1  0  5.71262109611795667e-04
1  1  4.47143649212429798e-04
1  2  5.06412369649339596e-04
1  3  7.52244054886460072e-04
1  4  1.03600584933241581e-03
1  5  1.48744115243779019e-03
2  0  6.46982684712026166e-04
2  1  5.06412369649339596e-04
2  2  5.73537136411442303e-04
2  3  8.51953717917393306e-04
2  4  1.17332803016454291e-03
2  5  1.68460091079613368e-03
3  0  9.61052508504296179e-04
3  1  7.52244054886460072e-04
3  2  8.51953717917393306e-04
3  3  1.26552422047973350e-03
3  4  1.74290575827380843e-03
3  5  2.50236979969543178e-03
4  0  1.32358110889466791e-03
4  1  1.03600584933241581e-03
4  2  1.17332803016454291e-03
4  3  1.74290575827380843e-03
4  4  2.40036534509980659e-03
4  5  3.44631470709136833e-03
5  0  1.90032615281834558e-03
5  1  1.48744115243779019e-03
5  2  1.68460091079613368e-03
5  3  2.50236979969543178e-03
5  4  3.44631470709136833e-03
5  5  4.94803221707919554e-03
