numXbins 6
numYbins 6
xbin  ybin  z
0  0  8.33313408295267920e-07
0  1  6.37778765290764816e-07
0  2  7.06714665055690922e-07
0  3  1.04778917109017550e-06
0  4  1.47294400580329977e-06
0  5  -5.85535065525796105e-07
1  0  6.37778765290764816e-07
1  1  4.88415445051540019e-07
1  2  5.41301222851377798e-07
1  3  8.02737593067939299e-07
1  4  1.12868769985011810e-06
1  5  -4.06704178146693742e-07
2  0  7.06714665055691134e-07
2  1  5.41301222851377798e-07
2  2  5.99944093689659660e-07
2  3  8.89766578910570193e-07
2  4  1.25112880207628278e-06
2  5  -4.37191105415723821e-07
3  0  1.04778917109017592e-06
3  1  8.02737593067939087e-07
3  2  8.89766578910569875e-07
3  3  1.31972658879069015e-06
3  4  1.85586155834330477e-06
3  5  -6.20484022969443488e-07
4  0  1.47294400580329998e-06
4  1  1.12868769985011810e-06
4  2  1.25112880207628257e-06
4  3  1.85586155834330477e-06
4  4  2.60997939546192635e-06
4  5  -8.39594225708184226e-07
5  0  -5.85535065525798223e-07
5  1  -4.06704178146693319e-07
5  2  -4.37191105415723821e-07
5  3  -6.20484022969444653e-07
5  4  -8.39594225708184967e-07
5  5  6.33888044971242767e-06
