numXbins 6
numYbins 6
xbin  ybin  z
0  0  1.37355143692113847e-06
0  1  9.24708734025453803e-07
0  2  9.51480447553272949e-07
0  3  1.34006481523567892e-06
0  4  1.17102501574470850e-06
0  5  -6.40313830176302217e-06
1  0  9.24708734025454015e-07
1  1  6.23990659395692579e-07
1  2  6.41745533074812420e-07
1  3  9.03525616053951311e-07
1  4  7.92983952543838655e-07
1  5  -4.22496883436116936e-06
2  0  9.51480447553273161e-07
2  1  6.41745533074812420e-07
2  2  6.65403040692229132e-07
2  3  9.46770380005724569e-07
2  4  8.64808844514911926e-07
2  5  -4.46576886202286862e-06
3  0  1.34006481523567913e-06
3  1  9.03525616053951311e-07
3  2  9.46770380005724569e-07
3  3  1.37268103715190089e-06
3  4  1.32704880685929181e-06
3  5  -6.43910517637395153e-06
4  0  1.17102501574470850e-06
4  1  7.92983952543838549e-07
4  2  8.64808844514911926e-07
4  3  1.32704880685929160e-06
4  4  1.52292320428376658e-06
4  5  -5.99382793678390593e-06
5  0  -6.40313830176302217e-06
5  1  -4.22496883436116936e-06
5  2  -4.46576886202286777e-06
5  3  -6.43910517637395068e-06
5  4  -5.99382793678390593e-06
5  5  3.72235296186825950e-05
