numXbins 6
numYbins 6
xbin  ybin  z
0  0  7.31094333735780767e-08
0  1  6.91556044323929225e-08
0  2  6.46723320508622092e-08
0  3  7.88107702789136058e-08
0  4  5.97004242384606872e-08
0  5  2.64630408572464205e-06
1  0  6.91556044323928960e-08
1  1  6.54156023884327598e-08
1  2  6.11747897179866364e-08
1  3  7.45486075178699801e-08
1  4  5.64717674938665431e-08
1  5  2.50318939862468542e-06
2  0  6.46723320508621827e-08
2  1  6.11747897179866232e-08
2  2  5.72089036927010943e-08
2  3  6.97157134103045380e-08
2  4  5.28107725879658117e-08
2  5  2.34091072303931413e-06
3  0  7.88107702789134337e-08
3  1  7.45486075178698743e-08
3  2  6.97157134103044189e-08
3  3  8.49567179684969327e-08
3  4  6.43560783212337272e-08
3  5  2.85267240853172799e-06
4  0  5.97004242384604225e-08
4  1  5.64717674938664174e-08
4  2  5.28107725879656529e-08
4  3  6.43560783212338992e-08
4  4  4.87507629287725476e-08
4  5  2.16094516523539402e-06
5  0  2.64630408572464248e-06
5  1  2.50318939862468542e-06
5  2  2.34091072303931497e-06
5  3  2.85267240853172841e-06
5  4  2.16094516523539402e-06
5  5  9.57868908426500484e-05
