numXbins 6
numYbins 6
xbin  ybin  z
0  0  6.97529272932082082e-05
0  1  5.76467602005425065e-05
0  2  6.47495492292213877e-05
0  3  1.03647734733748769e-04
0  4  1.53392536609181187e-04
0  5  -1.91315422210412255e-04
1  0  5.76467602005425065e-05
1  1  4.76417132667409044e-05
1  2  5.35117576043806818e-05
1  3  8.56588582212467668e-05
1  4  1.26770059947339309e-04
1  5  -1.58111131601254475e-04
2  0  6.47495492292213877e-05
2  1  5.35117576043806818e-05
2  2  6.01050635160308965e-05
2  3  9.62130818457221300e-05
2  4  1.42389688662405457e-04
2  5  -1.77592365359102771e-04
3  0  1.03647734733748769e-04
3  1  8.56588582212467668e-05
3  2  9.62130818457221300e-05
3  3  1.54012932966665243e-04
3  4  2.27930060594794747e-04
3  5  -2.84280687581562361e-04
4  0  1.53392536609181187e-04
4  1  1.26770059947339309e-04
4  2  1.42389688662405457e-04
4  3  2.27930060594794747e-04
4  4  3.37323051525753224e-04
4  5  -4.20718657181991110e-04
5  0  -1.91315422210412255e-04
5  1  -1.58111131601254475e-04
5  2  -1.77592365359102771e-04
5  3  -2.84280687581562361e-04
5  4  -4.20718657181991110e-04
5  5  5.24731967472742505e-04
