numXbins 6
numYbins 6
xbin  ybin  z
0  0  9.99471877405747279e-07
0  1  8.00061923812427436e-07
0  2  9.16626044954404504e-07
0  3  1.40326530213036779e-06
0  4  2.11998370708920730e-06
0  5  3.69977758052346691e-06
1  0  8.00061923812427542e-07
1  1  6.41183773172550567e-07
1  2  7.35308347282197044e-07
1  3  1.12638450669677972e-06
1  4  1.70419348371164352e-06
1  5  3.05203798498133415e-06
2  0  9.16626044954404610e-07
2  1  7.35308347282196832e-07
2  2  8.43921020023974735e-07
2  3  1.29342474742138498e-06
2  4  1.95929339354449490e-06
2  5  3.58246804419369962e-06
3  0  1.40326530213036864e-06
3  1  1.12638450669677972e-06
3  2  1.29342474742138498e-06
3  3  1.98300282363934564e-06
3  4  3.00620974848353205e-06
3  5  5.56907869871888468e-06
4  0  2.11998370708920814e-06
4  1  1.70419348371164288e-06
4  2  1.95929339354449532e-06
4  3  3.00620974848353332e-06
4  4  4.56574900457854178e-06
4  5  8.71724257975777063e-06
5  0  3.69977758052346860e-06
5  1  3.05203798498133415e-06
5  2  3.58246804419369962e-06
5  3  5.56907869871888468e-06
5  4  8.71724257975777063e-06
5  5  2.46489514656427560e-05
