numXbins 6
numYbins 6
xbin  ybin  z
0  0  1.06709929125505041e-03
0  1  8.23184719710214085e-04
0  2  9.08106895636172319e-04
0  3  1.31685868120614224e-03
0  4  1.66173396893456592e-03
0  5  8.23452167688591111e-04
1  0  8.23184719710214302e-04
1  1  6.38200098322785469e-04
1  2  7.06436155416961050e-04
1  3  1.02979658789053414e-03
1  4  1.32094026507543105e-03
1  5  6.35161521783721779e-04
2  0  9.08106895636172319e-04
2  1  7.06436155416960941e-04
2  2  7.86068492432751703e-04
2  3  1.15309936413618311e-03
2  4  1.50618768934082420e-03
2  5  7.02573601553622734e-04
3  0  1.31685868120614224e-03
3  1  1.02979658789053479e-03
3  2  1.15309936413618354e-03
3  3  1.71866168011455540e-03
3  4  2.31054810493972005e-03
3  5  1.02609130170851670e-03
4  0  1.66173396893456527e-03
4  1  1.32094026507543105e-03
4  2  1.50618768934082377e-03
4  3  2.31054810493971962e-03
4  4  3.31774830821949434e-03
4  5  1.36105334054568397e-03
5  0  8.23452167688590460e-04
5  1  6.35161521783721996e-04
5  2  7.02573601553623710e-04
5  3  1.02609130170851844e-03
5  4  1.36105334054568419e-03
5  5  9.43977125918563781e-03
