numXbins 6
numYbins 6
xbin  ybin  z
0  0  2.20245203896379242e-05
0  1  1.86327973985783437e-05
0  2  2.59499083844204979e-05
0  3  4.15027832624930221e-05
0  4  7.62119906339851273e-05
0  5  1.27792504224562947e-05
1  0  1.86327973985783539e-05
1  1  1.57633915633327303e-05
1  2  2.19536851147988075e-05
1  3  3.51114547934023972e-05
1  4  6.44755279889543646e-05
1  5  1.08112766959208078e-05
2  0  2.59499083844205081e-05
2  1  2.19536851147988075e-05
2  2  3.05749107470524968e-05
2  3  4.88997446621747039e-05
2  4  8.97951074420077680e-05
2  5  1.50568716965264213e-05
3  0  4.15027832624930356e-05
3  1  3.51114547934023972e-05
3  2  4.88997446621746904e-05
3  3  7.82074246367636368e-05
3  4  1.43613103637596804e-04
3  5  2.40810901285213406e-05
4  0  7.62119906339851273e-05
4  1  6.44755279889543375e-05
4  2  8.97951074420077409e-05
4  3  1.43613103637596750e-04
4  4  2.63718229211806353e-04
4  5  4.42203551439788005e-05
5  0  1.27792504224563065e-05
5  1  1.08112766959207841e-05
5  2  1.50568716965264297e-05
5  3  2.40810901285213677e-05
5  4  4.42203551439788005e-05
5  5  7.41488297909473653e-06
