numXbins 6
numYbins 6
xbin  ybin  z
0  0  6.19159310574453266e-05
0  1  4.57565839754071958e-05
0  2  4.94464510851166342e-05
0  3  8.00494118889993807e-05
0  4  1.03244596140363300e-04
0  5  -1.03008743801716725e-04
1  0  4.57565839754071890e-05
1  1  3.44825501554966863e-05
1  2  3.80157309440803018e-05
1  3  6.30346035990426079e-05
1  4  8.77295012822790188e-05
1  5  -5.75255430730044833e-05
2  0  4.94464510851166342e-05
2  1  3.80157309440803018e-05
2  2  4.33691903796837696e-05
2  3  7.40489282030155677e-05
2  4  1.12242881781843357e-04
2  5  -6.45883761057137378e-05
3  0  8.00494118889993807e-05
3  1  6.30346035990426079e-05
3  2  7.40489282030155677e-05
3  3  1.32262798165183430e-04
3  4  2.16636530134144676e-04
3  5  -6.27704349986312425e-05
4  0  1.03244596140363314e-04
4  1  8.77295012822790324e-05
4  2  1.12242881781843357e-04
4  3  2.16636530134144676e-04
4  4  4.14515351748699406e-04
4  5  2.83010001136116574e-05
5  0  -1.03008743801716671e-04
5  1  -5.75255430730044765e-05
5  2  -6.45883761057137513e-05
5  3  -6.27704349986312019e-05
5  4  2.83010001136116099e-05
5  5  2.14359020417972251e-03
