numXbins 6
numYbins 6
xbin  ybin  z
0  0  5.29595492026331686e-06
0  1  3.83693379540511335e-06
0  2  4.04945780080661863e-06
0  3  6.66360619527757837e-06
0  4  8.34974009196932473e-06
0  5  -8.55699692005713854e-06
1  0  3.83693379540511335e-06
1  1  2.84849338447645397e-06
1  2  3.07091783077260267e-06
1  3  5.13636590337521542e-06
1  4  6.97915299581304986e-06
1  5  -4.32463962799353145e-06
2  0  4.04945780080661863e-06
2  1  3.07091783077260267e-06
2  2  3.44528991738134188e-06
2  3  5.91276668343380359e-06
2  4  8.83508073305740830e-06
2  5  -4.64059614829365879e-06
3  0  6.66360619527757837e-06
3  1  5.13636590337521627e-06
3  2  5.91276668343380444e-06
3  3  1.06024085584476063e-05
3  4  1.69608067603905790e-05
3  5  -4.78435149718340552e-06
4  0  8.34974009196932473e-06
4  1  6.97915299581304986e-06
4  2  8.83508073305740830e-06
4  3  1.69608067603905790e-05
4  4  3.21368117001069888e-05
4  5  3.37564871405087473e-06
5  0  -8.55699692005713854e-06
5  1  -4.32463962799353230e-06
5  2  -4.64059614829366049e-06
5  3  -4.78435149718340806e-06
5  4  3.37564871405087473e-06
5  5  1.64060508498484799e-04
