numXbins 6
numYbins 6
xbin  ybin  z
0  0  1.49362818947118670e-06
0  1  1.28248921138640980e-06
0  2  1.57349593288522176e-06
0  3  2.77457704255280125e-06
0  4  4.85919948003487554e-06
0  5  1.27127153713346655e-05
1  0  1.28248921138640980e-06
1  1  1.10119735422959365e-06
1  2  1.35106828856137280e-06
1  3  2.38236794798564791e-06
1  4  4.17231614912904619e-06
1  5  1.09156858495629705e-05
2  0  1.57349593288522197e-06
2  1  1.35106828856137259e-06
2  2  1.65763801277388938e-06
2  3  2.92295168214128898e-06
2  4  5.11906298096613320e-06
2  5  1.33925887701128350e-05
3  0  2.77457704255280041e-06
3  1  2.38236794798564664e-06
3  2  2.92295168214128813e-06
3  3  5.15411622970857421e-06
3  4  9.02659124830177213e-06
3  5  2.36155583157355594e-05
4  0  4.85919948003487469e-06
4  1  4.17231614912904450e-06
4  2  5.11906298096613320e-06
4  3  9.02659124830177552e-06
4  4  1.58086284593405629e-05
4  5  4.13589089094429141e-05
5  0  1.27127153713346689e-05
5  1  1.09156858495629688e-05
5  2  1.33925887701128350e-05
5  3  2.36155583157355526e-05
5  4  4.13589089094429276e-05
5  5  1.08204215765650202e-04
