numXbins 6
numYbins 6
xbin  ybin  z
0  0  2.10149050086721686e-05
0  1  1.61945490364775243e-05
0  2  1.78325667706816579e-05
0  3  2.45016318738633808e-05
0  4  3.09353178568794765e-05
0  5  1.97284485411024110e-05
1  0  1.61945490364775209e-05
1  1  1.25428833187709157e-05
1  2  1.38722510186819523e-05
1  3  1.91805075163613978e-05
1  4  2.47456896814729809e-05
1  5  1.77705545935767791e-05
2  0  1.78325667706816613e-05
2  1  1.38722510186819540e-05
2  2  1.54092281038151174e-05
2  3  2.14408014264836970e-05
2  4  2.82163799424854550e-05
2  5  2.18821719872379532e-05
3  0  2.45016318738633774e-05
3  1  1.91805075163614012e-05
3  2  2.14408014264836970e-05
3  3  3.02251327515472015e-05
3  4  4.10587534444735515e-05
3  5  3.40516055941873560e-05
4  0  3.09353178568794833e-05
4  1  2.47456896814729775e-05
4  2  2.82163799424854482e-05
4  3  4.10587534444735582e-05
4  4  6.05841434431415892e-05
4  5  6.21786039651586335e-05
5  0  1.97284485411023873e-05
5  1  1.77705545935767724e-05
5  2  2.18821719872379600e-05
5  3  3.40516055941873493e-05
5  4  6.21786039651586064e-05
5  5  1.43064475901116540e-04
