numXbins 6
numYbins 6
xbin  ybin  z
0  0  9.66360421060596814e-06
0  1  7.45936615244448491e-06
0  2  8.09956928958214479e-06
0  3  1.15392021712050471e-05
0  4  1.43107278117320044e-05
0  5  1.71793903307595485e-05
1  0  7.45936615244448407e-06
1  1  5.79107490947375300e-06
1  2  6.30184125887579979e-06
1  3  8.96688916756106430e-06
1  4  1.12161717438651950e-05
1  5  1.53381573383194881e-05
2  0  8.09956928958214479e-06
2  1  6.30184125887580148e-06
2  2  6.87886668097813475e-06
2  3  9.83600059799025000e-06
2  4  1.24586100452090947e-05
2  5  1.72357965596753539e-05
3  0  1.15392021712050471e-05
3  1  8.96688916756106600e-06
3  2  9.83600059799025339e-06
3  3  1.42667510682104516e-05
3  4  1.84487179233271139e-05
3  5  2.29003219320127803e-05
4  0  1.43107278117320010e-05
4  1  1.12161717438651967e-05
4  2  1.24586100452090930e-05
4  3  1.84487179233271173e-05
4  4  2.49998060708164814e-05
4  5  3.21983460290965631e-05
5  0  1.71793903307595587e-05
5  1  1.53381573383194915e-05
5  2  1.72357965596753641e-05
5  3  2.29003219320128007e-05
5  4  3.21983460290965767e-05
5  5  1.70504743247734035e-04
