numXbins 6
numYbins 6
xbin  ybin  z
0  0  9.05180007529048238e-07
0  1  8.09692410354252313e-07
0  2  1.00559971216395802e-06
0  3  1.63454410263782881e-06
0  4  3.09749504352020222e-06
0  5  4.74499256144489210e-06
1  0  8.09692410354252102e-07
1  1  7.66965681511167596e-07
1  2  9.88194701174576312e-07
1  3  1.64770120757211988e-06
1  4  3.34170042700536307e-06
1  5  5.91956284303736097e-06
2  0  1.00559971216395802e-06
2  1  9.88194701174576312e-07
2  2  1.30136705571980476e-06
2  3  2.20139696941480699e-06
2  4  4.62718948829381150e-06
2  5  8.75113930202607210e-06
3  0  1.63454410263782881e-06
3  1  1.64770120757212009e-06
3  2  2.20139696941480741e-06
3  3  3.75843818731115672e-06
3  4  8.07560498290505035e-06
3  5  1.58509346031360923e-05
4  0  3.09749504352020180e-06
4  1  3.34170042700536392e-06
4  2  4.62718948829381066e-06
4  3  8.07560498290505035e-06
4  4  1.82362614124539931e-05
4  5  3.86423487115464213e-05
5  0  4.74499256144489125e-06
5  1  5.91956284303736012e-06
5  2  8.75113930202606872e-06
5  3  1.58509346031360923e-05
5  4  3.86423487115464145e-05
5  5  9.06070840696519375e-05
