numXbins 6
numYbins 6
xbin  ybin  z
0  0  6.24926701321890647e-06
0  1  4.80021092444850610e-06
0  2  5.10452282337992508e-06
0  3  6.54985940819011897e-06
0  4  7.02420808408333165e-06
0  5  8.17630242723197901e-06
1  0  4.80021092444850525e-06
1  1  3.68718142308751257e-06
1  2  3.92109685205126460e-06
1  3  5.03213007055688148e-06
1  4  5.39847545871481765e-06
1  5  6.27687015417313431e-06
2  0  5.10452282337992339e-06
2  1  3.92109685205126460e-06
2  2  4.17093530437681818e-06
2  3  5.35790319586938596e-06
2  4  5.76054907780645858e-06
2  5  6.65148132835126096e-06
3  0  6.54985940819011728e-06
3  1  5.03213007055688148e-06
3  2  5.35790319586938851e-06
3  3  6.90707281717400966e-06
3  4  7.48580938938204282e-06
3  5  8.42414339089619687e-06
4  0  7.02420808408333165e-06
4  1  5.39847545871481765e-06
4  2  5.76054907780646027e-06
4  3  7.48580938938204282e-06
4  4  8.25836756830395743e-06
4  5  8.76337538832136166e-06
5  0  8.17630242723198409e-06
5  1  6.27687015417313347e-06
5  2  6.65148132835125249e-06
5  3  8.42414339089619517e-06
5  4  8.76337538832134980e-06
5  5  1.11992784433035829e-05
