numXbins 6
numYbins 6
xbin  ybin  z
0  0  1.29795209454310084e-04
0  1  9.93335667598763274e-05
0  2  1.05121743908814566e-04
0  3  1.53350019682827539e-04
0  4  1.76202265582673669e-04
0  5  -1.03278538388509620e-04
1  0  9.93335667598763274e-05
1  1  7.59694777130571857e-05
1  2  8.02462867578168637e-05
1  3  1.16981367800874647e-04
1  4  1.33596829905901880e-04
1  5  -8.83169445246368340e-05
2  0  1.05121743908814376e-04
2  1  8.02462867578168637e-05
2  2  8.43269427633645867e-05
2  3  1.22694439969466446e-04
2  4  1.37734193763759005e-04
2  5  -1.20477379293879174e-04
3  0  1.53350019682827539e-04
3  1  1.16981367800875026e-04
3  2  1.22694439969467205e-04
3  3  1.78390849052322893e-04
3  4  1.98961303951273298e-04
3  5  -1.90291633823291064e-04
4  0  1.76202265582673669e-04
4  1  1.33596829905901880e-04
4  2  1.37734193763759005e-04
4  3  1.98961303951273298e-04
4  4  2.08733856218513498e-04
4  5  -3.65866727268902175e-04
5  0  -1.03278538388509620e-04
5  1  -8.83169445246368340e-05
5  2  -1.20477379293879174e-04
5  3  -1.90291633823292582e-04
5  4  -3.65866727268903693e-04
5  5  -1.58919792476968822e-03
