numXbins 7
numYbins 7
xbin  ybin  z
0  0  1.75176320057432444e-03
0  1  1.51337702627359137e-03
0  2  1.27194624018553740e-03
0  3  1.02700723977527963e-03
0  4  1.09064016163024058e-03
0  5  7.76733851940437947e-04
0  6  5.08769452503925125e-04
1  0  1.51337702627359137e-03
1  1  1.31647464264089448e-03
1  2  1.11305794123997093e-03
1  3  9.07503702837658124e-04
1  4  9.84730391873325089e-04
1  5  7.56989956029494840e-04
1  6  3.86731488966498985e-04
2  0  1.27194624018553740e-03
2  1  1.11305794123997093e-03
2  2  9.53270358266996350e-04
2  3  7.89503152482210011e-04
2  4  8.78842269967289205e-04
2  5  7.38111051280387551e-04
2  6  2.36272999155621457e-04
3  0  1.02700723977527963e-03
3  1  9.07503702837658124e-04
3  2  7.89503152482210228e-04
3  3  6.67132091233978240e-04
3  4  7.68474603855641598e-04
3  5  7.13837345117264779e-04
3  6  1.11920321764299069e-04
4  0  1.09064016163024123e-03
4  1  9.84730391873325306e-04
4  2  8.78842269967289422e-04
4  3  7.68474603855641815e-04
4  4  9.39392553866314189e-04
4  5  1.00765918668594312e-03
4  6  2.06192395750215375e-05
5  0  7.76733851940438055e-04
5  1  7.56989956029494406e-04
5  2  7.38111051280387551e-04
5  3  7.13837345117265105e-04
5  4  1.00765918668594291e-03
5  5  1.41766067784285070e-03
5  6  3.63763902517143722e-05
6  0  5.08769452503925125e-04
6  1  3.86731488966498877e-04
6  2  2.36272999155621890e-04
6  3  1.11920321764299503e-04
6  4  2.06192395750212122e-05
6  5  3.63763902517149143e-05
6  6  1.05360611249895458e-02
