numXbins 6
numYbins 6
xbin  ybin  z
0  0  2.00378833804279566e-01
0  1  1.09518833458423615e-01
0  2  2.79365249676629901e-01
0  3  6.20937045896425843e-02
0  4  9.39865403488511220e-02
0  5  -7.93914618407143280e-03
1  0  1.05377557221800089e-01
1  1  6.35779527947306633e-02
1  2  2.51425917493179440e-01
1  3  5.65713451942428946e-02
1  4  9.05956762871937826e-02
1  5  -4.62421346310293302e-03
2  0  8.38318131864070892e-02
2  1  -4.94611030444502831e-03
2  2  3.13081665430217981e-01
2  3  8.51525138132274151e-02
2  4  1.23469604703132063e-01
2  5  -3.11759891701512970e-03
3  0  1.25920866616070271e-01
3  1  -2.12391451001167297e-01
3  2  3.56142167933285236e-01
3  3  2.43265969911590219e-01
3  4  2.44289316819049418e-01
3  5  9.38749413762707263e-04
4  0  1.23166259378194809e-01
4  1  -6.36363169178366661e-01
4  2  3.32606828771531582e-01
4  3  2.93498452054336667e-01
4  4  6.10991014575120062e-01
4  5  2.20607904921052977e-02
5  0  -8.72123219072818756e-01
5  1  1.00299954414367676e-01
5  2  -3.53867031633853912e-01
5  3  1.78387422114610672e-01
5  4  4.66862126020714641e-01
5  5  8.07227097160648555e-01
