numXbins 6
numYbins 6
xbin  ybin  z
0  0  1.62082002672337399e-06
0  1  3.31113699458151627e-07
0  2  -5.77804256268763533e-07
0  3  -6.44081259882219856e-07
0  4  -3.31494195582971118e-06
0  5  -6.26048303515104123e-06
1  0  3.31113699458152368e-07
1  1  6.76424773640675334e-08
1  2  -1.18038339668460363e-07
1  3  -1.31577920555683620e-07
1  4  -6.77202080667003377e-07
1  5  -1.27894008217215317e-06
2  0  -5.77804256268762792e-07
2  1  -1.18038339668460297e-07
2  2  2.05980770880046622e-07
2  3  2.29607783225157776e-07
2  4  1.18173982291817173e-06
2  5  2.23179235471405213e-06
3  0  -6.44081259882218903e-07
3  1  -1.31577920555683990e-07
3  2  2.29607783225157273e-07
3  3  2.55944930647300610e-07
3  4  1.31729122058264854e-06
3  5  2.48778996697301210e-06
4  0  -3.31494195582970780e-06
4  1  -6.77202080667004012e-07
4  2  1.18173982291817131e-06
4  3  1.31729122058264939e-06
4  4  6.77980280928228495e-06
4  5  1.28040976387344640e-05
5  0  -6.26048303515104038e-06
5  1  -1.27894008217215020e-06
5  2  2.23179235471405424e-06
5  3  2.48778996697301422e-06
5  4  1.28040976387344742e-05
5  5  2.41813694223949652e-05
