numXbins 7
numYbins 7
xbin  ybin  z
0  0  1.29327939158416092e-04
0  1  1.30281881102778353e-04
0  2  1.31996031353306508e-04
0  3  1.16367763767647128e-04
0  4  1.31448463848449389e-04
0  5  1.70205111059633862e-04
0  6  -3.44371147911701767e-04
1  0  1.30281881102778624e-04
1  1  1.31242859463549810e-04
1  2  1.32969653539020624e-04
1  3  1.17226109547777891e-04
1  4  1.32418047095526919e-04
1  5  1.71460569049927772e-04
1  6  -3.46911280264842353e-04
2  0  1.31996031353306535e-04
2  1  1.32969653539020488e-04
2  2  1.34719167462193928e-04
2  3  1.18768481851192897e-04
2  4  1.34160303399180917e-04
2  5  1.73716517267015057e-04
2  6  -3.51475675965483422e-04
3  0  1.16367763767647128e-04
3  1  1.17226109547777796e-04
3  2  1.18768481851192883e-04
3  3  1.04706349860688336e-04
3  4  1.18275787028506536e-04
3  5  1.53148563912183149e-04
3  6  -3.09861122425336396e-04
4  0  1.31448463848449416e-04
4  1  1.32418047095526919e-04
4  2  1.34160303399180863e-04
4  3  1.18275787028506536e-04
4  4  1.33603757707390146e-04
4  5  1.72995878025538431e-04
4  6  -3.50017627136793553e-04
5  0  1.70205111059633726e-04
5  1  1.71460569049927935e-04
5  2  1.73716517267014922e-04
5  3  1.53148563912183149e-04
5  4  1.72995878025538404e-04
5  5  2.24002485614007069e-04
5  6  -4.53217841848139601e-04
6  0  -3.44371147911701875e-04
6  1  -3.46911280264842949e-04
6  2  -3.51475675965482934e-04
6  3  -3.09861122425336396e-04
6  4  -3.50017627136793444e-04
6  5  -4.53217841848139005e-04
6  6  9.16982736180142993e-04
