numXbins 6
numYbins 6
xbin  ybin  z
0  0  3.41374116981560313e-06
0  1  2.85343752526761512e-06
0  2  3.49708118061838643e-06
0  3  4.32981093077843437e-06
0  4  7.02824936987825092e-06
0  5  -8.00949384932380646e-06
1  0  2.85343752526761554e-06
1  1  2.52817236079156277e-06
1  2  3.21746163651405992e-06
1  3  4.01159577835634294e-06
1  4  6.71206750159922947e-06
1  5  -5.62386903674364535e-06
2  0  3.49708118061838643e-06
2  1  3.21746163651405992e-06
2  2  4.33017126385223892e-06
2  3  5.97532466799255321e-06
2  4  1.04807010902865722e-05
2  5  -6.98529089845873915e-06
3  0  4.32981093077843437e-06
3  1  4.01159577835634294e-06
3  2  5.97532466799255321e-06
3  3  1.08512282030557800e-05
3  4  2.05176215161017104e-05
3  5  -1.10507488248548553e-05
4  0  7.02824936987825092e-06
4  1  6.71206750159922947e-06
4  2  1.04807010902865722e-05
4  3  2.05176215161017037e-05
4  4  4.56343894980382439e-05
4  5  -1.67877837383609297e-05
5  0  -8.00949384932380646e-06
5  1  -5.62386903674364619e-06
5  2  -6.98529089845873915e-06
5  3  -1.10507488248548553e-05
5  4  -1.67877837383609297e-05
5  5  5.76135240042175995e-05
