numXbins 6
numYbins 6
xbin  ybin  z
0  0  1.41748064990020905e-04
0  1  1.02268054431025961e-04
0  2  1.06432369392671995e-04
0  3  1.43270053259324416e-04
0  4  1.67051574607041158e-04
0  5  3.05859943515372589e-05
1  0  1.02268054431025934e-04
1  1  7.46041156472808067e-05
1  2  7.85075805030131709e-05
1  3  1.06558463415707072e-04
1  4  1.27086914463028544e-04
1  5  4.07532218727810129e-05
2  0  1.06432369392671941e-04
2  1  7.85075805030131709e-05
2  2  8.37196679583865485e-05
2  3  1.15352451968406334e-04
2  4  1.41688542177795880e-04
2  5  6.21835002719174764e-05
3  0  1.43270053259324416e-04
3  1  1.06558463415707113e-04
3  2  1.15352451968406416e-04
3  3  1.64315766121332391e-04
3  4  2.10680273748348814e-04
3  5  1.17144432743845764e-04
4  0  1.67051574607041131e-04
4  1  1.27086914463028544e-04
4  2  1.41688542177795907e-04
4  3  2.10680273748348651e-04
4  4  2.99738212869060563e-04
4  5  2.27213680839369862e-04
5  0  3.05859943515373131e-05
5  1  4.07532218727809587e-05
5  2  6.21835002719174764e-05
5  3  1.17144432743845818e-04
5  4  2.27213680839370106e-04
5  5  6.15704169789878784e-04
