numXbins 7
numYbins 7
xbin  ybin  z
0  0  1.84539290451098837e-05
0  1  1.60097443171949200e-05
0  2  1.36227211903364568e-05
0  3  1.12848970893442622e-05
0  4  1.26511663727784755e-05
0  5  1.06145678217651783e-05
0  6  1.47269579705404599e-05
1  0  1.60097443171949200e-05
1  1  1.38892868004104151e-05
1  2  1.18184199488679243e-05
1  3  9.79023581398965729e-06
1  4  1.09755455571207676e-05
1  5  9.20869027124696134e-06
1  6  1.27764028517767949e-05
2  0  1.36227211903364483e-05
2  1  1.18184199488679226e-05
2  2  1.00563154966079359e-05
2  3  8.33052984727463822e-06
2  4  9.33911211036061852e-06
2  5  7.83569166427143217e-06
2  6  1.08714649289083792e-05
3  0  1.12848970893442554e-05
3  1  9.79023581398965729e-06
3  2  8.33052984727463314e-06
3  3  6.90090993662061163e-06
3  4  7.73640725657876683e-06
3  5  6.49099198461624180e-06
3  6  9.00578975514629575e-06
4  0  1.26511663727784772e-05
4  1  1.09755455571207761e-05
4  2  9.33911211036062361e-06
4  3  7.73640725657876852e-06
4  4  8.67305873998324808e-06
4  5  7.27686029137935536e-06
4  6  1.00961261417440325e-05
5  0  1.06145678217651698e-05
5  1  9.20869027124696812e-06
5  2  7.83569166427142709e-06
5  3  6.49099198461623587e-06
5  4  7.27686029137935366e-06
5  5  6.10542339072823357e-06
5  6  8.47084075182408215e-06
6  0  1.47269579705404599e-05
6  1  1.27764028517767983e-05
6  2  1.08714649289083859e-05
6  3  9.00578975514630083e-06
6  4  1.00961261417440308e-05
6  5  8.47084075182407029e-06
6  6  1.17526891176346618e-05
