numXbins 6
numYbins 6
xbin  ybin  z
0  0  3.83495936150786773e-05
0  1  3.21114466650363495e-05
0  2  3.94134686453242113e-05
0  3  4.86296484691358562e-05
0  4  7.74869905443251758e-05
0  5  -8.98042433756963417e-05
1  0  3.21114466650363495e-05
1  1  2.84785122762832091e-05
1  2  3.62747487905971526e-05
1  3  4.50533795564700453e-05
1  4  7.39571200669902283e-05
1  5  -6.33944679774494182e-05
2  0  3.94134686453242046e-05
2  1  3.62747487905971526e-05
2  2  4.88100073783019170e-05
2  3  6.69821050749380931e-05
2  4  1.15549315064827351e-04
2  5  -7.89021716399113744e-05
3  0  4.86296484691358495e-05
3  1  4.50533795564700521e-05
3  2  6.69821050749381066e-05
3  3  1.20603647896428860e-04
3  4  2.25347098957690386e-04
3  5  -1.24361457986824704e-04
4  0  7.74869905443251623e-05
4  1  7.39571200669902283e-05
4  2  1.15549315064827351e-04
4  3  2.25347098957690386e-04
4  4  4.95852463094270364e-04
4  5  -1.89328292808359997e-04
5  0  -8.98042433756963417e-05
5  1  -6.33944679774494046e-05
5  2  -7.89021716399113744e-05
5  3  -1.24361457986824704e-04
5  4  -1.89328292808360024e-04
5  5  6.26737493724087370e-04
