numXbins 6
numYbins 6
xbin  ybin  z
0  0  8.50777914250654013e-05
0  1  7.02284772834236318e-05
0  2  8.37207112826545926e-05
0  3  1.23417777322594571e-04
0  4  2.11791653567818211e-04
0  5  -7.94318108924636150e-05
1  0  7.02284772834236318e-05
1  1  5.79709338822267947e-05
1  2  6.91082592998970140e-05
1  3  1.01876675756264271e-04
1  4  1.74825945552509535e-04
1  5  -6.55679353378124419e-05
2  0  8.37207112826545655e-05
2  1  6.91082592998970140e-05
2  2  8.23852779940475186e-05
2  3  1.21449134131233663e-04
2  4  2.08413354218823068e-04
2  5  -7.81647900703159252e-05
3  0  1.23417777322594544e-04
3  1  1.01876675756264285e-04
3  2  1.21449134131233690e-04
3  3  1.79035533293850157e-04
3  4  3.07234763632053024e-04
3  5  -1.15227456952629530e-04
4  0  2.11791653567818211e-04
4  1  1.74825945552509562e-04
4  2  2.08413354218823095e-04
4  3  3.07234763632053024e-04
4  4  5.27231651993441842e-04
4  5  -1.97736616019451086e-04
5  0  -7.94318108924636421e-05
5  1  -6.55679353378124961e-05
5  2  -7.81647900703159252e-05
5  3  -1.15227456952629530e-04
5  4  -1.97736616019451086e-04
5  5  7.41605121145309250e-05
