numXbins 7
numYbins 7
xbin  ybin  z
0  0  1.11669380345218383e-07
0  1  1.41652232685888553e-07
0  2  1.36128367867887104e-07
0  3  1.18485979542064779e-07
0  4  1.43293211484969199e-07
0  5  1.87630169525201321e-07
0  6  2.92253422284547231e-07
1  0  1.41652232685888553e-07
1  1  2.32934602106709713e-07
1  2  2.42917656012030278e-07
1  3  2.20841044049997959e-07
1  4  2.85813481766461391e-07
1  5  4.56384343529939168e-07
1  6  9.20233119525620115e-07
2  0  1.36128367867887131e-07
2  1  2.42917656012030278e-07
2  2  2.59761609154419193e-07
2  3  2.40203407067884520e-07
2  4  3.17435279227232777e-07
2  5  5.26261451505292182e-07
2  6  1.07109331247481182e-06
3  0  1.18485979542064779e-07
3  1  2.20841044049997959e-07
3  2  2.40203407067884520e-07
3  3  2.26105498754312623e-07
3  4  3.05400531622127001e-07
3  5  5.14721441291093439e-07
3  6  9.92719903820826096e-07
4  0  1.43293211484969199e-07
4  1  2.85813481766461391e-07
4  2  3.17435279227232777e-07
4  3  3.05400531622127054e-07
4  4  4.26652407581462623e-07
4  5  7.33216503765339760e-07
4  6  1.32754801699163174e-06
5  0  1.87630169525201321e-07
5  1  4.56384343529939168e-07
5  2  5.26261451505292076e-07
5  3  5.14721441291093439e-07
5  4  7.33216503765339760e-07
5  5  1.32182033147081685e-06
5  6  2.53569561001331672e-06
6  0  2.92253422284547231e-07
6  1  9.20233119525620115e-07
6  2  1.07109331247481182e-06
6  3  9.92719903820826307e-07
6  4  1.32754801699163174e-06
6  5  2.53569561001331714e-06
6  6  7.65284142622187091e-06
