numXbins 6
numYbins 6
xbin  ybin  z
0  0  7.43941191745814130e-04
0  1  5.61861022046917548e-04
0  2  6.08918739023276345e-04
0  3  8.95387243502980133e-04
0  4  1.10450842660174062e-03
0  5  1.44302020728903180e-03
1  0  5.61861022046917548e-04
1  1  4.24431546557415770e-04
1  2  4.60060520424884810e-04
1  3  6.76559659256754952e-04
1  4  8.35064788354051906e-04
1  5  1.09257783740088058e-03
2  0  6.08918739023276345e-04
2  1  4.60060520424884810e-04
2  2  4.98793971264442334e-04
2  3  7.33742545052905814e-04
2  4  9.06378626171296131e-04
2  5  1.18607919615128536e-03
3  0  8.95387243502980350e-04
3  1  6.76559659256755061e-04
3  2  7.33742545052905814e-04
3  3  1.08064086967184117e-03
3  4  1.33701242078077746e-03
3  5  1.75423247305687134e-03
4  0  1.10450842660174083e-03
4  1  8.35064788354052123e-04
4  2  9.06378626171296456e-04
4  3  1.33701242078077790e-03
4  4  1.66050320919136456e-03
4  5  2.18715181195790415e-03
5  0  1.44302020728903201e-03
5  1  1.09257783740088037e-03
5  2  1.18607919615128492e-03
5  3  1.75423247305687134e-03
5  4  2.18715181195790588e-03
5  5  3.21616091573989800e-03
