numXbins 6
numYbins 6
xbin  ybin  z
0  0  1.45634886432123486e-04
0  1  9.22942881503109521e-05
0  2  8.25816193774215446e-05
0  3  1.00797395320964363e-04
0  4  8.44855094430743465e-06
0  5  -4.29756740225128910e-04
1  0  9.22942881503115755e-05
1  1  6.66304228225718810e-05
1  2  6.68494333107445273e-05
1  3  8.22022258180582868e-05
1  4  5.64622313866178018e-05
1  5  -3.64438601488304337e-04
2  0  8.25816193774219241e-05
2  1  6.68494333107445273e-05
2  2  7.53960000383943445e-05
2  3  1.00631663971492241e-04
2  4  1.23384395876550626e-04
2  5  -4.48843112574603921e-04
3  0  1.00797395320964620e-04
3  1  8.22022258180577853e-05
3  2  1.00631663971491252e-04
3  3  1.96422705913010986e-04
3  4  3.25684623965485042e-04
3  5  -8.05738614989009332e-04
4  0  8.44855094430867471e-06
4  1  5.64622313866185472e-05
4  2  1.23384395876550382e-04
4  3  3.25684623965484554e-04
4  4  9.07963027159288728e-04
4  5  -1.42194282933224983e-03
5  0  -4.29756740225129398e-04
5  1  -3.64438601488304337e-04
5  2  -4.48843112574602403e-04
5  3  -8.05738614989010308e-04
5  4  -1.42194282933225092e-03
5  5  3.47071989860929823e-03
