numXbins 6
numYbins 6
xbin  ybin  z
0  0  1.40789082293485022e-03
0  1  1.06902686829281703e-03
0  2  1.16138442800745511e-03
0  3  1.67136214153501637e-03
0  4  2.00441910914269349e-03
0  5  1.97728819712261012e-03
1  0  1.06902686829281747e-03
1  1  8.20117019865813511e-04
1  2  8.97138002082176352e-04
1  3  1.29319202069875768e-03
1  4  1.58764825905298858e-03
1  5  1.47055076572306302e-03
2  0  1.16138442800745511e-03
2  1  8.97138002082176244e-04
2  2  9.87304246101600516e-04
2  3  1.42630013548953314e-03
2  4  1.78357778103150743e-03
2  5  1.57983846407645854e-03
3  0  1.67136214153501615e-03
3  1  1.29319202069875768e-03
3  2  1.42630013548953249e-03
3  3  2.08580301997594343e-03
3  4  2.64720947525213688e-03
3  5  2.22646241405544381e-03
4  0  2.00441910914269349e-03
4  1  1.58764825905298771e-03
4  2  1.78357778103150613e-03
4  3  2.64720947525213688e-03
4  4  3.62563030371408851e-03
4  5  2.47316787172897987e-03
5  0  1.97728819712261012e-03
5  1  1.47055076572306324e-03
5  2  1.57983846407645919e-03
5  3  2.22646241405544294e-03
5  4  2.47316787172898074e-03
5  5  5.82300658339341207e-03
