numXbins 6
numYbins 6
xbin  ybin  z
0  0  3.88193180820697359e-06
0  1  3.08929691199622862e-06
0  2  3.70024648312867946e-06
0  3  4.72289812844860147e-06
0  4  7.60638773178182771e-06
0  5  -1.04186653461531293e-05
1  0  3.08929691199622862e-06
1  1  2.65304901114369561e-06
1  2  3.33310881867111513e-06
1  3  4.22892286306255243e-06
1  4  7.04263863467871849e-06
1  5  -6.80097528382905975e-06
2  0  3.70024648312867946e-06
2  1  3.33310881867111598e-06
2  2  4.46293887192080713e-06
2  3  6.26200347268057512e-06
2  4  1.09926841398291105e-05
2  5  -8.07767269336465585e-06
3  0  4.72289812844860147e-06
3  1  4.22892286306255243e-06
3  2  6.26200347268057512e-06
3  3  1.15999176153689995e-05
3  4  2.19733290396348547e-05
3  5  -1.35467117482987215e-05
4  0  7.60638773178182771e-06
4  1  7.04263863467871849e-06
4  2  1.09926841398291089e-05
4  3  2.19733290396348547e-05
4  4  4.86577854048408871e-05
4  5  -2.09047826203724711e-05
5  0  -1.04186653461531259e-05
5  1  -6.80097528382905975e-06
5  2  -8.07767269336465416e-06
5  3  -1.35467117482987198e-05
5  4  -2.09047826203724711e-05
5  5  7.13890687018623181e-05
