numXbins 7
numYbins 7
xbin  ybin  z
0  0  7.47764026083684010e-07
0  1  5.74584111786858388e-07
0  2  4.88077894901117057e-07
0  3  5.10854037029986109e-07
0  4  9.11648597534488570e-07
0  5  9.03534981765039901e-07
0  6  -2.03419173355849193e-06
1  0  5.74584111786858493e-07
1  1  4.41514033384247609e-07
1  2  3.75043871628637534e-07
1  3  3.92549425526764003e-07
1  4  7.00533830865261636e-07
1  5  6.94313888288020051e-07
1  6  -1.56319036137058030e-06
2  0  4.88077894901117057e-07
2  1  3.75043871628637481e-07
2  2  3.18582465075979894e-07
2  3  3.33456486605724465e-07
2  4  5.95084267669107667e-07
2  5  5.89814362364707565e-07
2  6  -1.32794885580227118e-06
3  0  5.10854037029986321e-07
3  1  3.92549425526764109e-07
3  2  3.33456486605724730e-07
3  3  3.49034046698274436e-07
3  4  6.22898510494106499e-07
3  5  6.17414724642660790e-07
3  6  -1.39016218991924632e-06
4  0  9.11648597534488676e-07
4  1  7.00533830865261742e-07
4  2  5.95084267669107773e-07
4  3  6.22898510494106394e-07
4  4  1.11167025067174134e-06
4  5  1.10193564118395946e-06
4  6  -2.48121829842578626e-06
5  0  9.03534981765039795e-07
5  1  6.94313888288019521e-07
5  2  5.89814362364707565e-07
5  3  6.17414724642660578e-07
5  4  1.10193564118395925e-06
5  5  1.09240189352763535e-06
5  6  -2.46000776518432354e-06
6  0  -2.03419173355849236e-06
6  1  -1.56319036137058072e-06
6  2  -1.32794885580227118e-06
6  3  -1.39016218991924653e-06
6  4  -2.48121829842578668e-06
6  5  -2.46000776518432438e-06
6  6  5.54032347519254483e-06
