numXbins 7
numYbins 7
xbin  ybin  z
0  0  2.27611161456232850e-05
0  1  1.90763046696474429e-05
0  2  1.49406860763596382e-05
0  3  1.13376025559436834e-05
0  4  1.17088601510933216e-05
0  5  3.37627291573189690e-06
0  6  -1.58451109588888664e-07
1  0  1.90763046696474429e-05
1  1  1.59897775343144964e-05
1  2  1.25219506013164223e-05
1  3  9.49723443721444056e-06
1  4  9.79477541676536159e-06
1  5  2.80172103550220622e-06
1  6  -6.07335119741821278e-08
2  0  1.49406860763596433e-05
2  1  1.25219506013164206e-05
2  2  9.80725659934893258e-06
2  3  7.44208563491416418e-06
2  4  7.68561533472748408e-06
2  5  2.21588232814808093e-06
2  6  -1.03117297915588831e-07
3  0  1.13376025559436868e-05
3  1  9.49723443721444225e-06
3  2  7.44208563491416672e-06
3  3  5.66123374505260415e-06
3  4  5.88445417331936768e-06
3  5  1.76042491626430062e-06
3  6  -2.81634704315025878e-07
4  0  1.17088601510933250e-05
4  1  9.79477541676536329e-06
4  2  7.68561533472748577e-06
4  3  5.88445417331936768e-06
4  4  6.21975969776707045e-06
4  5  2.03330199212753489e-06
4  6  -8.45508497544521807e-07
5  0  3.37627291573189648e-06
5  1  2.80172103550220114e-06
5  2  2.21588232814807585e-06
5  3  1.76042491626429787e-06
5  4  2.03330199212753108e-06
5  5  9.48239563663900535e-07
5  6  -1.17650825922085566e-06
6  0  -1.58451109588885752e-07
6  1  -6.07335119741901746e-08
6  2  -1.03117297915595898e-07
6  3  -2.81634704315025773e-07
6  4  -8.45508497544516830e-07
6  5  -1.17650825922085439e-06
6  6  2.97240516144791494e-06
