numXbins 7
numYbins 7
xbin  ybin  z
0  0  1.24521134385226911e-03
0  1  1.08927900793045281e-03
0  2  9.38427546365357503e-04
0  3  7.88011833312064129e-04
0  4  8.97209073395235034e-04
0  5  8.21344285853940889e-04
0  6  1.02407489321312047e-03
1  0  1.08927900793045324e-03
1  1  9.53295132536594275e-04
1  2  8.21651061830805623e-04
1  3  6.90347149037362105e-04
1  4  7.86777941360471893e-04
1  5  7.22676513201173727e-04
1  6  8.99775561980017979e-04
2  0  9.38427546365357503e-04
2  1  8.21651061830804973e-04
2  2  7.08571016434832298e-04
2  3  5.95760545203067021e-04
2  4  6.79798879797340787e-04
2  5  6.26892430859219926e-04
2  6  7.79452792184948096e-04
3  0  7.88011833312064454e-04
3  1  6.90347149037362105e-04
3  2  5.95760545203067021e-04
3  3  5.01398515314109322e-04
3  4  5.73104049587857102e-04
3  5  5.31241397352364233e-04
3  6  6.59239458378731071e-04
4  0  8.97209073395235143e-04
4  1  7.86777941360472001e-04
4  2  6.79798879797340462e-04
4  3  5.73104049587857319e-04
4  4  6.57146395026673644e-04
4  5  6.14578826209400439e-04
4  6  7.61259224226589252e-04
5  0  8.21344285853940672e-04
5  1  7.22676513201174161e-04
5  2  6.26892430859219926e-04
5  3  5.31241397352364233e-04
5  4  6.14578826209400764e-04
5  5  5.91228249996080435e-04
5  6  7.25736020255682702e-04
6  0  1.02407489321312047e-03
6  1  8.99775561980017762e-04
6  2  7.79452792184947662e-04
6  3  6.59239458378730529e-04
6  4  7.61259224226588601e-04
6  5  7.25736020255681184e-04
6  6  9.83888730492852009e-04
