numXbins 6
numYbins 6
xbin  ybin  z
0  0  4.22354224639930262e-05
0  1  3.37658260547215528e-05
0  2  3.68541711104591519e-05
0  3  6.15030615805330826e-05
0  4  8.12221644543182351e-05
0  5  -2.24055362187717963e-04
1  0  3.37658260547215528e-05
1  1  2.69946633096829803e-05
1  2  2.94636932344551907e-05
1  3  4.91696674972662848e-05
1  4  6.49344393107607822e-05
1  5  -1.79124865927595865e-04
2  0  3.68541711104591519e-05
2  1  2.94636932344551907e-05
2  2  3.21585496012721122e-05
2  3  5.36669038231701192e-05
2  4  7.08735789091074163e-05
2  5  -1.95508276573336498e-04
3  0  6.15030615805330826e-05
3  1  4.91696674972662848e-05
3  2  5.36669038231701192e-05
3  3  8.95605243916678686e-05
3  4  1.18275407009290815e-04
3  5  -3.26268566387084315e-04
4  0  8.12221644543182351e-05
4  1  6.49344393107607822e-05
4  2  7.08735789091074163e-05
4  3  1.18275407009290815e-04
4  4  1.56196851215789146e-04
4  5  -4.30876747829318665e-04
5  0  -2.24055362187717963e-04
5  1  -1.79124865927595865e-04
5  2  -1.95508276573336498e-04
5  3  -3.26268566387084315e-04
5  4  -4.30876747829318665e-04
5  5  1.18859484282102723e-03
