numXbins 6
numYbins 6
xbin  ybin  z
0  0  1.50253034269350570e-03
0  1  1.14832422750941457e-03
0  2  1.25507614385562158e-03
0  3  1.82070361791617148e-03
0  4  2.25462829616971403e-03
0  5  1.44139840259017537e-03
1  0  1.14832422750941457e-03
1  1  8.86981055210574946e-04
1  2  9.76373524597957086e-04
1  3  1.41935422937130955e-03
1  4  1.79380146446261879e-03
1  5  1.06358179358780123e-03
2  0  1.25507614385562136e-03
2  1  9.76373524597956653e-04
2  2  1.08352126482309167e-03
2  3  1.58437942776663214e-03
2  4  2.04123379520962074e-03
2  5  1.12609266672867485e-03
3  0  1.82070361791617104e-03
3  1  1.41935422937130955e-03
3  2  1.58437942776663214e-03
3  3  2.38069463403231367e-03
3  4  3.13338418490597325e-03
3  5  1.48299320552301717e-03
4  0  2.25462829616971403e-03
4  1  1.79380146446261901e-03
4  2  2.04123379520962074e-03
4  3  3.13338418490597456e-03
4  4  4.51544601362493126e-03
4  5  1.51501328985967636e-03
5  0  1.44139840259017537e-03
5  1  1.06358179358780058e-03
5  2  1.12609266672867377e-03
5  3  1.48299320552301587e-03
5  4  1.51501328985967614e-03
5  5  8.01779001387297428e-03
