numXbins 6
numYbins 6
xbin  ybin  z
0  0  9.20942097570993774e-07
0  1  6.62355343322910140e-07
0  2  6.96754355435951616e-07
0  3  9.86879476074502806e-07
0  4  1.66360442654354592e-06
0  5  -6.13530609318592915e-07
1  0  6.62355343322910140e-07
1  1  4.76484218552570192e-07
1  2  5.01319724222453030e-07
1  3  7.10422195595557706e-07
1  4  1.19683509786621387e-06
1  5  -4.34937016933696254e-07
2  0  6.96754355435951722e-07
2  1  5.01319724222452924e-07
2  2  5.27523792092215252e-07
2  3  7.47849856579973064e-07
2  4  1.25927802568007107e-06
2  5  -4.52295912021193122e-07
3  0  9.86879476074503018e-07
3  1  7.10422195595557600e-07
3  2  7.47849856579973170e-07
3  3  1.06136238368787560e-06
3  4  1.78476985899897623e-06
3  5  -6.19887617355914310e-07
4  0  1.66360442654354656e-06
4  1  1.19683509786621387e-06
4  2  1.25927802568007086e-06
4  3  1.78476985899897623e-06
4  4  3.00626574693715001e-06
4  5  -1.08810320477423490e-06
5  0  -6.13530609318592703e-07
5  1  -4.34937016933696360e-07
5  2  -4.52295912021192593e-07
5  3  -6.19887617355914416e-07
5  4  -1.08810320477423447e-06
5  5  7.77804494808882252e-07
