numXbins 6
numYbins 6
xbin  ybin  z
0  0  1.14943180416129892e-06
0  1  8.60778309799824588e-07
0  2  9.17202764741024605e-07
0  3  1.34978583002581844e-06
0  4  2.31170536093071620e-06
0  5  2.44741154887812162e-06
1  0  8.60778309799824694e-07
1  1  6.45212357808286926e-07
1  2  6.87599143905156617e-07
1  3  1.01235352241736151e-06
1  4  1.73611376658624204e-06
1  5  1.89703779873716886e-06
2  0  9.17202764741024605e-07
2  1  6.87599143905156405e-07
2  2  7.32784865458081394e-07
2  3  1.07895174039880918e-06
2  4  1.85068241443389164e-06
2  5  2.03134333150803775e-06
3  0  1.34978583002581802e-06
3  1  1.01235352241736130e-06
3  2  1.07895174039880939e-06
3  3  1.58900037342589910e-06
3  4  2.72731987245600887e-06
3  5  3.03873227477015136e-06
4  0  2.31170536093071620e-06
4  1  1.73611376658624183e-06
4  2  1.85068241443389164e-06
4  3  2.72731987245600887e-06
4  4  4.68999538723440312e-06
4  5  5.45212893194674893e-06
5  0  2.44741154887812205e-06
5  1  1.89703779873716928e-06
5  2  2.03134333150803606e-06
5  3  3.03873227477015093e-06
5  4  5.45212893194674809e-06
5  5  1.21020981581245427e-05
