numXbins 6
numYbins 6
xbin  ybin  z
0  0  4.50578661827291045e-05
0  1  3.37309948627453776e-05
0  2  3.50411913291699472e-05
0  3  4.10052826448625230e-05
0  4  5.10942154203691403e-05
0  5  2.83076303720050444e-05
1  0  3.37309948627453776e-05
1  1  2.53253508879647638e-05
1  2  2.63815630617581586e-05
1  3  3.09231600181026861e-05
1  4  3.82297261506256349e-05
1  5  2.24878304943711833e-05
2  0  3.50411913291699472e-05
2  1  2.63815630617581484e-05
2  2  2.75807950900389500e-05
2  3  3.24538264174269118e-05
2  4  3.99642647270433994e-05
2  5  2.42441108185335695e-05
3  0  4.10052826448625230e-05
3  1  3.09231600181026861e-05
3  2  3.24538264174269186e-05
3  3  3.86920653212906415e-05
3  4  4.86891138737168127e-05
3  5  3.08086527211033975e-05
4  0  5.10942154203691064e-05
4  1  3.82297261506256214e-05
4  2  3.99642647270433791e-05
4  3  4.86891138737167721e-05
4  4  6.72245915224481486e-05
4  5  3.96252428495734663e-05
5  0  2.83076303720050274e-05
5  1  2.24878304943711901e-05
5  2  2.42441108185335424e-05
5  3  3.08086527211034043e-05
5  4  3.96252428495734256e-05
5  5  7.27793217202119696e-05
