numXbins 6
numYbins 6
xbin  ybin  z
0  0  1.17011165459605661e-06
0  1  9.94300794158919764e-07
0  2  1.22390539470426673e-06
0  3  2.23941132754877720e-06
0  4  3.67196744594243694e-06
0  5  7.82204839651570800e-06
1  0  9.94300794158919764e-07
1  1  8.45036999353419436e-07
1  2  1.04037386699381093e-06
1  3  1.90419655980273591e-06
1  4  3.12310667927892879e-06
1  5  6.65552133087396196e-06
2  0  1.22390539470426652e-06
2  1  1.04037386699381093e-06
2  2  1.28117019713629068e-06
2  3  2.34583815049588502e-06
2  4  3.84865856940878747e-06
2  5  8.20577097259482763e-06
3  0  2.23941132754877635e-06
3  1  1.90419655980273612e-06
3  2  2.34583815049588417e-06
3  3  4.29797709689636426e-06
3  4  7.05500045436652424e-06
3  5  1.50541363485235533e-05
4  0  3.67196744594243694e-06
4  1  3.12310667927893006e-06
4  2  3.84865856940878747e-06
4  3  7.05500045436652509e-06
4  4  1.15853325093876471e-05
4  5  2.47370509583251353e-05
5  0  7.82204839651570970e-06
5  1  6.65552133087396365e-06
5  2  8.20577097259482763e-06
5  3  1.50541363485235499e-05
5  4  2.47370509583251387e-05
5  5  5.28722624182261579e-05
