numXbins 7
numYbins 7
xbin  ybin  z
0  0  4.61348226127747093e-06
0  1  4.00243607929873000e-06
0  2  3.40568029758411419e-06
0  3  2.82122427233606555e-06
0  4  3.16279159319461886e-06
0  5  2.65364195544129457e-06
0  6  3.68173949263511499e-06
1  0  4.00243607929873000e-06
1  1  3.47232170010260378e-06
1  2  2.95460498721698108e-06
1  3  2.44755895349741432e-06
1  4  2.74388638928019190e-06
1  5  2.30217256781174034e-06
1  6  3.19410071294419873e-06
2  0  3.40568029758411207e-06
2  1  2.95460498721698066e-06
2  2  2.51407887415198398e-06
2  3  2.08263246181865956e-06
2  4  2.33477802759015463e-06
2  5  1.95892291606785804e-06
2  6  2.71786623222709479e-06
3  0  2.82122427233606386e-06
3  1  2.44755895349741432e-06
3  2  2.08263246181865829e-06
3  3  1.72522748415515291e-06
3  4  1.93410181414469171e-06
3  5  1.62274799615406045e-06
3  6  2.25144743878657394e-06
4  0  3.16279159319461929e-06
4  1  2.74388638928019402e-06
4  2  2.33477802759015590e-06
4  3  1.93410181414469213e-06
4  4  2.16826468499581202e-06
4  5  1.81921507284483884e-06
4  6  2.52403153543600813e-06
5  0  2.65364195544129245e-06
5  1  2.30217256781174203e-06
5  2  1.95892291606785677e-06
5  3  1.62274799615405897e-06
5  4  1.81921507284483842e-06
5  5  1.52635584768205839e-06
5  6  2.11771018795602054e-06
6  0  3.68173949263511499e-06
6  1  3.19410071294419957e-06
6  2  2.71786623222709648e-06
6  3  2.25144743878657521e-06
6  4  2.52403153543600771e-06
6  5  2.11771018795601757e-06
6  6  2.93817227940866546e-06
