numXbins 6
numYbins 6
xbin  ybin  z
0  0  1.46618444801467734e-05
0  1  1.15192750610032179e-05
0  2  1.23622846439769082e-05
0  3  1.56806397752137016e-05
0  4  1.65424195755144232e-05
0  5  2.73143105602976183e-05
1  0  1.15192750610032162e-05
1  1  9.15489561365907917e-06
1  2  9.86294874660573746e-06
1  3  1.23516476559679649e-05
1  4  1.27172133338032430e-05
1  5  2.33950262150608284e-05
2  0  1.23622846439769099e-05
2  1  9.86294874660573915e-06
2  2  1.06639152751250484e-05
2  3  1.34226928867998643e-05
2  4  1.39433409158782540e-05
2  5  2.57823023485794731e-05
3  0  1.56806397752137016e-05
3  1  1.23516476559679683e-05
3  2  1.34226928867998643e-05
3  3  1.78191748850827541e-05
3  4  2.01950456455243431e-05
3  5  2.98553519856202071e-05
4  0  1.65424195755144266e-05
4  1  1.27172133338032430e-05
4  2  1.39433409158782489e-05
4  3  2.01950456455243431e-05
4  4  2.63345725180434095e-05
4  5  2.52989664101257059e-05
5  0  2.73143105602976183e-05
5  1  2.33950262150608351e-05
5  2  2.57823023485794731e-05
5  3  2.98553519856202105e-05
5  4  2.52989664101257059e-05
5  5  9.13783855494802998e-05
