numXbins 6
numYbins 6
xbin  ybin  z
0  0  4.63898657458909101e-05
0  1  3.44580088828196315e-05
0  2  3.77770096066191172e-05
0  3  5.59549249552448495e-05
0  4  7.62087530752416921e-05
0  5  8.74029671964789547e-05
1  0  3.44580088828196315e-05
1  1  2.55951242168371554e-05
1  2  2.80604505242946749e-05
1  3  4.15628558122334982e-05
1  4  5.66072319501784740e-05
1  5  6.49222016838415969e-05
2  0  3.77770096066191240e-05
2  1  2.80604505242946783e-05
2  2  3.07632374414664486e-05
2  3  4.55661964867654944e-05
2  4  6.20596492518816643e-05
2  5  7.11755181512002455e-05
3  0  5.59549249552448495e-05
3  1  4.15628558122334982e-05
3  2  4.55661964867654876e-05
3  3  6.74921898652921728e-05
3  4  9.19221254619744329e-05
3  5  1.05424458374896415e-04
4  0  7.62087530752416921e-05
4  1  5.66072319501784673e-05
4  2  6.20596492518816508e-05
4  3  9.19221254619743923e-05
4  4  1.25194887976100603e-04
4  5  1.43584617847485724e-04
5  0  8.74029671964789547e-05
5  1  6.49222016838416104e-05
5  2  7.11755181512002726e-05
5  3  1.05424458374896415e-04
5  4  1.43584617847485751e-04
5  5  1.64675593514202904e-04
