numXbins 6
numYbins 6
xbin  ybin  z
0  0  8.01632279717904368e-05
0  1  6.80005571663086001e-05
0  2  7.64991691208368694e-05
0  3  8.64647629391589835e-05
0  4  1.09677822136095354e-04
0  5  1.87279993153879063e-04
1  0  6.80005571663086001e-05
1  1  5.76832531813167894e-05
1  2  6.48924233042008294e-05
1  3  7.33459992053296525e-05
1  4  9.30370844929836381e-05
1  5  1.58865158037894272e-04
2  0  7.64991691208368423e-05
2  1  6.48924233042008023e-05
2  2  7.30025851533544717e-05
2  3  8.25126768273781996e-05
2  4  1.04664725668816201e-04
2  5  1.78719897285939730e-04
3  0  8.64647629391589564e-05
3  1  7.33459992053296796e-05
3  2  8.25126768273782267e-05
3  3  9.32616539937217945e-05
3  4  1.18299463864128573e-04
3  5  2.02001848241388770e-04
4  0  1.09677822136095286e-04
4  1  9.30370844929836517e-05
4  2  1.04664725668816215e-04
4  3  1.18299463864128546e-04
4  4  1.50059135252762733e-04
4  5  2.56232967390091870e-04
5  0  1.87279993153879090e-04
5  1  1.58865158037894326e-04
5  2  1.78719897285939785e-04
5  3  2.02001848241388770e-04
5  4  2.56232967390091924e-04
5  5  4.37529734307349821e-04
