numXbins 7
numYbins 7
xbin  ybin  z
0  0  5.88161982642619423e-07
0  1  5.31992921604481035e-07
0  2  4.76329726468755699e-07
0  3  4.22667899807138133e-07
0  4  5.26933733995198766e-07
0  5  5.70720854543839772e-07
0  6  4.53013178973815190e-07
1  0  5.31992921604481035e-07
1  1  4.99324614318275656e-07
1  2  4.51646598408731929e-07
1  3  3.86206619234738062e-07
1  4  4.30691648213625147e-07
1  5  4.80128867177632938e-07
1  6  8.93206737015140249e-07
2  0  4.76329726468755699e-07
2  1  4.51646598408731929e-07
2  2  4.09629388543426480e-07
2  3  3.46780137277582762e-07
2  4  3.74064421963866212e-07
2  5  4.20804713694989587e-07
2  6  9.21489799958026173e-07
3  0  4.22667899807137974e-07
3  1  3.86206619234738062e-07
3  2  3.46780137277582603e-07
3  3  3.04579730700169840e-07
3  4  3.68785189587120385e-07
3  5  4.02367609287851155e-07
3  6  4.29591759268291173e-07
4  0  5.26933733995198660e-07
4  1  4.30691648213624988e-07
4  2  3.74064421963866212e-07
4  3  3.68785189587120491e-07
4  4  5.88345223203331616e-07
4  5  6.02681027831708917e-07
4  6  -8.18210925761606484e-07
5  0  5.70720854543840090e-07
5  1  4.80128867177633362e-07
5  2  4.20804713694989587e-07
5  3  4.02367609287851314e-07
5  4  6.02681027831709129e-07
5  5  6.25606379094492079e-07
5  6  -5.22407474021600372e-07
6  0  4.53013178973815348e-07
6  1  8.93206737015140249e-07
6  2  9.21489799958026385e-07
6  3  4.29591759268290962e-07
6  4  -8.18210925761606696e-07
6  5  -5.22407474021601854e-07
6  6  1.32360696506034830e-05
