numXbins 6
numYbins 6
xbin  ybin  z
0  0  1.56889718066666026e-08
0  1  4.08878967482607415e-08
0  2  6.82034670654745933e-08
0  3  8.72501544647040792e-08
0  4  1.20369467121571076e-07
0  5  1.49464305333765704e-06
1  0  4.08878967482606356e-08
1  1  1.06560208093817220e-07
1  2  1.77748825965863662e-07
1  3  2.27387450942241159e-07
1  4  3.13701522570052563e-07
1  5  3.89527188865282723e-06
2  0  6.82034670654746462e-08
2  1  1.77748825965863794e-07
2  2  2.96495715402756128e-07
2  3  3.79295922627791008e-07
2  4  5.23272977202134512e-07
2  5  6.49754741860386832e-06
3  0  8.72501544647036557e-08
3  1  2.27387450942240735e-07
3  2  3.79295922627790002e-07
3  3  4.85219142970217913e-07
3  4  6.69403624954471363e-07
3  5  8.31207034344300935e-06
4  0  1.20369467121570547e-07
4  1  3.13701522570051981e-07
4  2  5.23272977202133771e-07
4  3  6.69403624954473057e-07
4  4  9.23502750446290596e-07
4  5  1.14672516519382850e-05
5  0  1.49464305333765661e-06
5  1  3.89527188865282469e-06
5  2  6.49754741860386493e-06
5  3  8.31207034344301104e-06
5  4  1.14672516519382935e-05
5  5  1.42390328978808873e-04
