numXbins 7
numYbins 7
xbin  ybin  z
0  0  7.41399896303863701e-07
0  1  5.70881142622273814e-07
0  2  4.86039320797064566e-07
0  3  5.11328580631210750e-07
0  4  9.16689863675910498e-07
0  5  9.17830092595125160e-07
0  6  -2.08700901177355989e-06
1  0  5.70881142622273814e-07
1  1  4.39580961133747523e-07
1  2  3.74252389566373123e-07
1  3  3.93725229557534791e-07
1  4  7.05855179390363211e-07
1  5  7.06733160614123190e-07
1  6  -1.60700601017613629e-06
2  0  4.86039320797064566e-07
2  1  3.74252389566373070e-07
2  2  3.18632660374760783e-07
2  3  3.35211533307609436e-07
2  4  6.00954115240373699e-07
2  5  6.01701614791171256e-07
2  6  -1.36817990889498861e-06
3  0  5.11328580631210856e-07
3  1  3.93725229557534791e-07
3  2  3.35211533307609436e-07
3  3  3.52653026624069301e-07
3  4  6.32222541720335121e-07
3  5  6.33008934647773237e-07
3  6  -1.43936809416189746e-06
4  0  9.16689863675910392e-07
4  1  7.05855179390363211e-07
4  2  6.00954115240373911e-07
4  3  6.32222541720334803e-07
4  4  1.13342382478800983e-06
4  5  1.13483363924539696e-06
4  6  -2.58044277593073563e-06
5  0  9.17830092595124948e-07
5  1  7.06733160614122979e-07
5  2  6.01701614791170939e-07
5  3  6.33008934647773237e-07
5  4  1.13483363924539717e-06
5  5  1.13624520730700583e-06
5  6  -2.58365247159126880e-06
6  0  -2.08700901177355989e-06
6  1  -1.60700601017613586e-06
6  2  -1.36817990889498861e-06
6  3  -1.43936809416189767e-06
6  4  -2.58044277593073605e-06
6  5  -2.58365247159126711e-06
6  6  5.87484114435174168e-06
