numXbins 7
numYbins 7
xbin  ybin  z
0  0  2.36136057966347982e-03
0  1  2.06486903239999154e-03
0  2  1.76310537117706613e-03
0  3  1.45787963153332697e-03
0  4  1.61690085763521317e-03
0  5  1.29271601296358112e-03
0  6  1.13128539798735476e-03
1  0  2.06486903239999197e-03
1  1  1.82163076956693782e-03
1  2  1.56452840665848806e-03
1  3  1.29888809770565823e-03
1  4  1.45185883242915934e-03
1  5  1.22593307427155723e-03
1  6  8.98258708617225205e-04
2  0  1.76310537117706613e-03
2  1  1.56452840665848763e-03
2  2  1.35517973921463631e-03
2  3  1.13543124719413550e-03
2  4  1.28533173555226581e-03
2  5  1.14893999919952442e-03
2  6  6.64615062872271319e-04
3  0  1.45787963153332718e-03
3  1  1.29888809770565823e-03
3  2  1.13543124719413572e-03
3  3  9.65663001020126326e-04
3  4  1.12114186557154779e-03
3  5  1.05964233639972943e-03
3  6  4.37067891091120185e-04
4  0  1.61690085763521317e-03
4  1  1.45185883242915934e-03
4  2  1.28533173555226625e-03
4  3  1.12114186557154779e-03
4  4  1.37546864975172044e-03
4  5  1.40329084658920886e-03
4  6  2.60200944084717286e-04
5  0  1.29271601296358112e-03
5  1  1.22593307427155788e-03
5  2  1.14893999919952528e-03
5  3  1.05964233639972943e-03
5  4  1.40329084658920907e-03
5  5  1.85090407374458987e-03
5  6  -3.52111828756914336e-04
6  0  1.13128539798735151e-03
6  1  8.98258708617224230e-04
6  2  6.64615062872270994e-04
6  3  4.37067891091119263e-04
6  4  2.60200944084716201e-04
6  5  -3.52111828756911625e-04
6  6  5.20584417781257830e-03
