numXbins 6
numYbins 6
xbin  ybin  z
0  0  1.83833697836590870e+00
0  1  4.60172246136045127e-01
0  2  1.85932369363766381e+00
0  3  -2.16985965880189369e-01
0  4  7.07482330853026475e-01
0  5  -5.29351174511412781e-01
1  0  1.04793486709434958e+00
1  1  1.77819150892762790e-01
1  2  1.83186537143631911e+00
1  3  -2.55794117153990808e-01
1  4  7.98077507557036103e-01
1  5  -5.17533201639878482e-01
2  0  1.01603702130915652e+00
2  1  -5.34015291283536309e-01
2  2  2.37799257012534238e+00
2  3  -1.77556452322707115e-01
2  4  1.14106412994184048e+00
2  5  -6.92093505867049985e-01
3  0  2.10744255134391345e+00
3  1  -3.11596818798161346e+00
3  2  2.24122328636035695e+00
3  3  1.31594807816980541e+00
3  4  1.98574907652001342e+00
3  5  -1.20386276122464175e+00
4  0  2.85623037935644897e+00
4  1  -8.34695883500688751e+00
4  2  2.25588069848821338e+00
4  3  2.04214500871825422e+00
4  4  5.61302797677731569e+00
4  5  -2.76004781016804390e+00
5  0  -8.40176785183485286e+00
5  1  7.34178831701954770e+00
5  2  -4.81620750406226161e+00
5  3  2.86964346960019490e-01
5  4  3.46630305909935199e+00
5  5  5.93428539906805774e+00
