numXbins 7
numYbins 7
xbin  ybin  z
0  0  -2.61659473970229040e-01
0  1  3.26992933487030557e+00
0  2  6.78972014640061294e-01
0  3  2.73417350928716418e+00
0  4  7.03438632063189573e-01
0  5  -4.47698358803725860e+00
0  6  3.84652011197484223e+00
1  0  -7.45618106593370022e-01
1  1  3.23185800382718380e+00
1  2  2.68391074873939539e-01
1  3  2.78409871042376533e+00
1  4  7.61662953463679404e-01
1  5  -3.58357282873364147e+00
1  6  2.87705633074039335e+00
2  0  -8.62830063297415628e-01
2  1  2.55284034395448867e+00
2  2  -8.20433356627470189e-03
2  3  2.95566021225664732e+00
2  4  8.22679392026310463e-01
2  5  -2.67536559995284495e+00
2  6  1.88497709563967075e+00
3  0  -8.17077376321840521e-01
3  1  1.79329175172213962e+00
3  2  -5.65131236600159181e-01
3  3  3.17322502793309891e+00
3  4  1.08737302430587257e+00
3  5  -1.91495729879198695e+00
3  6  9.94651667995490096e-01
4  0  -1.11960861126057898e+00
4  1  1.54797378122993390e+00
4  2  -1.90350761696698356e+00
4  3  4.27838512071369514e+00
4  4  2.79839472852414595e+00
4  5  -1.76699288751726113e+00
4  6  5.38269098009803715e-02
5  0  -2.09187846086641338e+00
5  1  3.60926566475717026e-01
5  2  -3.87071188669140431e+00
5  3  5.57242745358495384e+00
5  4  4.10172167792652065e+00
5  5  2.60345275784394126e+00
5  6  -4.84722013488755188e+00
6  0  -5.18515170255409252e+00
6  1  -2.54606807373269817e+00
6  2  1.31171920797036314e+01
6  3  -5.70451420427375844e+00
6  4  9.81313904896747413e-01
6  5  -2.31339858227518480e+00
6  6  1.55612940168750065e+01
