numXbins 4
numYbins 4
xbin  ybin  z
0  0  4.49363508341450696e-07
0  1  9.27810307824615105e-07
0  2  4.33582051415171635e-07
0  3  3.11490349011425403e-07
1  0  9.27810307824615317e-07
1  1  1.91576379600218694e-06
1  2  8.95220918297203625e-07
1  3  6.43464146871254090e-07
2  0  4.33582051415171635e-07
2  1  8.95220918297203625e-07
2  2  4.18355106572376350e-07
2  3  3.00533504283512843e-07
3  0  3.11490349011425509e-07
3  1  6.43464146871254090e-07
3  2  3.00533504283512684e-07
3  3  2.17028796385445392e-07
