numXbins 4
numYbins 4
xbin  ybin  z
0  0  5.30726446286863338e-07
0  1  1.03887656646638929e-06
0  2  4.66208799397914719e-07
0  3  1.06823542096800325e-07
1  0  1.03887656646638908e-06
1  1  2.03706325818966832e-06
1  2  9.15867309125066520e-07
1  3  2.25782139940787720e-07
2  0  4.66208799397914825e-07
2  1  9.15867309125066625e-07
2  2  4.12608840933058210e-07
2  3  1.09464939449689975e-07
3  0  1.06823542096800338e-07
3  1  2.25782139940787852e-07
3  2  1.09464939449690002e-07
3  3  1.00930681617409766e-07
