numXbins 4
numYbins 4
xbin  ybin  z
0  0  9.87219077803391553e-06
0  1  3.89606916809872320e-05
0  2  4.85860882311327664e-05
0  3  -2.92143189035643379e-05
1  0  3.89606916809872320e-05
1  1  1.53758727965268348e-04
1  2  1.91745443956604092e-04
1  3  -1.15294578180597716e-04
2  0  4.85860882311327461e-05
2  1  1.91745443956604092e-04
2  2  2.39116931862366316e-04
2  3  -1.43778570306732562e-04
3  0  -2.92143189035643379e-05
3  1  -1.15294578180597716e-04
3  2  -1.43778570306732589e-04
3  3  8.64525866840196351e-05
