numXbins 4
numYbins 4
xbin  ybin  z
0  0  2.30257646729167342e-07
0  1  4.90614098696843960e-07
0  2  2.27835413599578536e-07
0  3  2.24284819040546572e-07
1  0  4.90614098696843643e-07
1  1  1.47694741931811906e-06
1  2  6.13757647724766652e-07
1  3  2.25167045475313484e-06
2  0  2.27835413599578404e-07
2  1  6.13757647724766546e-07
2  2  2.63581784063123643e-07
2  3  7.49245481996788142e-07
3  0  2.24284819040546360e-07
3  1  2.25167045475313400e-06
3  2  7.49245481996787295e-07
3  3  7.50854784951368781e-06
