numXbins 4
numYbins 4
xbin  ybin  z
0  0  1.31759941930704521e-06
0  1  2.51598141183177888e-06
0  2  4.38262912839111743e-06
0  3  5.57487308138874138e-06
1  0  2.51598141183177803e-06
1  1  4.80431485618914881e-06
1  2  8.36871454283404416e-06
1  3  1.06453272827580259e-05
2  0  4.38262912839111574e-06
2  1  8.36871454283404416e-06
2  2  1.45776005936037023e-05
2  3  1.85432695214965060e-05
3  0  5.57487308138874053e-06
3  1  1.06453272827580259e-05
3  2  1.85432695214965128e-05
3  3  2.35877531654787989e-05
