numXbins 4
numYbins 4
xbin  ybin  z
0  0  1.02261802588484606e-04
0  1  1.88475705174400949e-06
0  2  -7.08919613779731704e-05
0  3  1.01808765513729404e-04
1  0  1.88475705174400610e-06
1  1  3.47374000279872693e-08
1  2  -1.30658878229225250e-06
1  3  1.87640725935102879e-06
2  0  -7.08919613779731840e-05
2  1  -1.30658878229225313e-06
2  2  4.91451359237233718e-05
2  3  -7.05778980034444444e-05
3  0  1.01808765513729376e-04
3  1  1.87640725935103577e-06
3  2  -7.05778980034444309e-05
3  3  1.01357735469809917e-04
