numXbins 4
numYbins 4
xbin  ybin  z
0  0  6.09171556473076846e-05
0  1  -7.17370120883035038e-06
0  2  -7.86359165669614905e-06
0  3  -3.58195487052747222e-05
1  0  -7.17370120883035208e-06
1  1  2.01062636925732622e-04
1  2  1.30551584751142138e-04
1  3  7.31806875259507903e-05
2  0  -7.86359165669614905e-06
2  1  1.30551584751142138e-04
2  2  2.07118035344693892e-04
2  3  6.24689540829627253e-05
3  0  -3.58195487052747222e-05
3  1  7.31806875259507903e-05
3  2  6.24689540829627117e-05
3  3  1.27905852426308647e-04
