numXbins 4
numYbins 4
xbin  ybin  z
0  0  9.04230548554070394e-05
0  1  1.69660370091006721e-04
0  2  3.00574512430421079e-04
0  3  3.78618165142948144e-04
1  0  1.69660370091006667e-04
1  1  3.34275495985217395e-04
1  2  5.82755679922656710e-04
1  3  7.35849190812007913e-04
2  0  3.00574512430421025e-04
2  1  5.82755679922656710e-04
2  2  1.02614674369066951e-03
2  3  1.29329901268942387e-03
3  0  3.78618165142948035e-04
3  1  7.35849190812007804e-04
3  2  1.29329901268942387e-03
3  3  1.63520294018497012e-03
