numXbins 4
numYbins 4
xbin  ybin  z
0  0  2.97723506653749725e-04
0  1  2.42654782718227036e-04
0  2  3.52141047126927295e-04
0  3  5.60375375533420225e-04
1  0  2.42654782718226955e-04
1  1  6.62624355715671766e-04
1  2  8.91330203723550147e-04
1  3  7.87719953955088518e-04
2  0  3.52141047126927295e-04
2  1  8.91330203723550147e-04
2  2  1.77524079833872995e-03
2  3  1.73996407616108795e-03
3  0  5.60375375533420225e-04
3  1  7.87719953955088410e-04
3  2  1.73996407616108795e-03
3  3  3.12356515054429970e-03
