numXbins 4
numYbins 4
xbin  ybin  z
0  0  9.28074724789931024e-07
0  1  4.62430754867429105e-07
0  2  3.25876986567058359e-07
0  3  1.76891930998630832e-07
1  0  4.62430754867429105e-07
1  1  9.64953199954038651e-07
1  2  4.53163006271991347e-07
1  3  3.02944216233728556e-07
2  0  3.25876986567058359e-07
2  1  4.53163006271991241e-07
2  2  2.29543178826611132e-07
2  3  1.47149144248304250e-07
3  0  1.76891930998630832e-07
3  1  3.02944216233728503e-07
3  2  1.47149144248304250e-07
3  3  9.65320441654994063e-08
