numXbins 4
numYbins 4
xbin  ybin  z
0  0  2.50770410284412402e-07
0  1  -5.04700319752172462e-07
0  2  2.36292105282493978e-06
0  3  6.11267590712408005e-06
1  0  -5.04700319752173203e-07
1  1  1.01575944494029628e-06
1  2  -4.75561295113459090e-06
1  3  -1.23023664608913769e-05
2  0  2.36292105282493469e-06
2  1  -4.75561295113459006e-06
2  2  2.22649709571032820e-05
2  3  5.75975872658094319e-05
3  0  6.11267590712408344e-06
3  1  -1.23023664608913752e-05
3  2  5.75975872658094251e-05
3  3  1.49000062260765760e-04
