numXbins 4
numYbins 4
xbin  ybin  z
0  0  4.07367355801700807e-06
0  1  -6.98761665351036866e-06
0  2  2.66713697736096906e-05
0  3  4.15198574652882399e-05
1  0  -6.98761665351036443e-06
1  1  1.19859350046161693e-05
1  2  -4.57496912670461530e-05
1  3  -7.12194640399835597e-05
2  0  2.66713697736096669e-05
2  1  -4.57496912670461394e-05
2  2  1.74624194960505300e-04
2  3  2.71840994530579390e-04
3  0  4.15198574652882264e-05
3  1  -7.12194640399835732e-05
3  2  2.71840994530579336e-04
3  3  4.23180340640011963e-04
