numXbins 4
numYbins 4
xbin  ybin  z
0  0  1.60993263536070958e-04
0  1  4.23153177608307678e-05
0  2  1.32030249255810360e-05
0  3  1.23567248372640642e-04
1  0  4.23153177608307814e-05
1  1  2.44555954844870901e-04
1  2  1.98116561640433568e-04
1  3  -5.58148297386875457e-05
2  0  1.32030249255810631e-05
2  1  1.98116561640433514e-04
2  2  5.33362994868019462e-04
2  3  2.26581939001725365e-04
3  0  1.23567248372640642e-04
3  1  -5.58148297386875457e-05
3  2  2.26581939001725365e-04
3  3  1.09336955794085656e-03
