numXbins 4
numYbins 4
xbin  ybin  z
0  0  4.76906638423089152e-05
0  1  2.68680087350574347e-04
0  2  3.85349239732990241e-04
0  3  4.20518672938660621e-04
1  0  2.68680087350574347e-04
1  1  -6.46695828873131455e-04
1  2  -5.68485622504062813e-04
1  3  -2.84280393990297509e-04
2  0  3.85349239732990132e-04
2  1  -5.68485622504062379e-04
2  2  -3.60079127868962508e-04
2  3  3.32335895276209255e-05
3  0  4.20518672938660621e-04
3  1  -2.84280393990297509e-04
3  2  3.32335895276209255e-05
3  3  4.49053146788813457e-04
