numXbins 4
numYbins 4
xbin  ybin  z
0  0  7.23954271964404018e-06
0  1  8.95121530917200527e-05
0  2  1.20283529169035495e-04
0  3  1.23681137263896671e-04
1  0  8.95121530917200527e-05
1  1  1.10675851519935345e-03
1  2  1.48722620949192654e-03
1  3  1.52923538434044997e-03
2  0  1.20283529169035495e-04
2  1  1.48722620949192654e-03
2  2  1.99848636159019686e-03
2  3  2.05493692873365275e-03
3  0  1.23681137263896671e-04
3  1  1.52923538434044997e-03
3  2  2.05493692873365275e-03
3  3  2.11298203592104588e-03
