numXbins 4
numYbins 4
xbin  ybin  z
0  0  7.30913445340961706e-06
0  1  -1.09414403943555749e-06
0  2  -1.39124583808110844e-06
0  3  -3.77612405361371481e-06
1  0  -1.09414403943555749e-06
1  1  1.53792080089459438e-05
1  2  1.02450244880495659e-05
1  3  5.56016995590802027e-06
2  0  -1.39124583808110844e-06
2  1  1.02450244880495659e-05
2  2  1.75510645373459858e-05
2  3  5.09059417084104680e-06
3  0  -3.77612405361371566e-06
3  1  5.56016995590802112e-06
3  2  5.09059417084104764e-06
3  3  1.10565847474952559e-05
