numXbins 4
numYbins 4
xbin  ybin  z
0  0  5.43228067253385039e+00
0  1  5.55043419863985310e-02
0  2  1.90223807292682512e-01
0  3  -7.57391835363828259e-01
1  0  -1.24465068479158858e+00
1  1  7.29798360615263242e+00
1  2  3.44010755615598462e-01
1  3  -5.34407846992532964e-01
2  0  -1.91586802712964577e+00
2  1  4.20819781653132008e+00
2  2  4.49077106586224239e+00
2  3  -7.86279072393851752e-01
3  0  -1.68851552701099039e+00
3  1  3.04654266844955046e+00
3  2  1.06349336783256598e+00
3  3  3.00605293526212591e+00
