numXbins 6
numYbins 6
xbin  ybin  z
0  0  1.72672644723206758e-01
0  1  1.29288748372346163e-01
0  2  8.53977953083813190e-02
0  3  1.77166711306199431e-01
0  4  7.86381634825374931e-02
0  5  -5.81482750203576870e-03
1  0  1.06553063727915287e-01
1  1  8.03038976155221462e-02
1  2  6.45566652528941631e-02
1  3  1.57084247155580670e-01
1  4  7.49720427702413872e-02
1  5  -2.76082882919581607e-03
2  0  9.21984552405774593e-02
2  1  5.03163672983646393e-02
2  2  6.53439073357731104e-02
2  3  2.02232607873156667e-01
2  4  1.01803787401877344e-01
2  5  -7.64027707191416994e-04
3  0  9.90303736180067062e-02
3  1  -3.06427488103508949e-02
3  2  2.04242700710892677e-02
3  3  3.80790126393549144e-01
3  4  2.01717410149285570e-01
3  5  5.14232944988179952e-03
4  0  7.04001151025295258e-02
4  1  -2.93078292161226273e-01
4  2  -1.79570118896663189e-01
4  3  5.85124492412433028e-01
4  4  4.72048597468528897e-01
4  5  3.02473898336756974e-02
5  0  -5.97345720976591110e-01
5  1  -9.33969542384147644e-02
5  2  1.21085066348314285e-01
5  3  -8.52172458544373512e-02
5  4  3.69092773878946900e-01
5  5  7.86088174500036985e-01
