numXbins 7
numYbins 7
xbin  ybin  z
0  0  6.17327505126857829e-05
0  1  5.04394847221136666e-05
0  2  3.96448469589398667e-05
0  3  2.95283598829926413e-05
0  4  2.58246800482846106e-05
0  5  -8.60799209553639824e-06
0  6  -2.97184631228440607e-06
1  0  5.04394847221136666e-05
1  1  4.35377798903468759e-05
1  2  3.61298922713576900e-05
1  3  2.87881277609161479e-05
1  4  2.93798657387813952e-05
1  5  1.18076717021372715e-05
1  6  -1.69562031032946924e-05
2  0  3.96448469589398667e-05
2  1  3.61298922713576833e-05
2  2  3.21103310379757884e-05
2  3  2.77005160578515208e-05
2  4  3.24280691633105787e-05
2  5  2.98405723884223404e-05
2  6  -2.83901061249612097e-05
3  0  2.95283598829926413e-05
3  1  2.87881277609161479e-05
3  2  2.77005160578515174e-05
3  3  2.66264839107169399e-05
3  4  3.70780388091395023e-05
3  5  4.69053885864128224e-05
3  6  -4.29211521521475413e-05
4  0  2.58246800482846106e-05
4  1  2.93798657387813986e-05
4  2  3.24280691633105787e-05
4  3  3.70780388091395091e-05
4  4  6.41560707984464921e-05
4  5  9.83040682576024369e-05
4  6  -9.12508621328536010e-05
5  0  -8.60799209553638808e-06
5  1  1.18076717021372783e-05
5  2  2.98405723884223404e-05
5  3  4.69053885864128224e-05
5  4  9.83040682576024369e-05
5  5  2.10388224751062181e-04
5  6  -1.58958078344157447e-04
6  0  -2.97184631228440988e-06
6  1  -1.69562031032946924e-05
6  2  -2.83901061249612097e-05
6  3  -4.29211521521475413e-05
6  4  -9.12508621328536010e-05
6  5  -1.58958078344157420e-04
6  6  4.82039809964763849e-04
