numXbins 6
numYbins 6
xbin  ybin  z
0  0  5.86234401582874740e-04
0  1  4.47864993471806902e-04
0  2  4.88177702533764627e-04
0  3  6.93530073144433038e-04
0  4  8.35721987581294293e-04
0  5  5.86248601482719143e-04
1  0  4.47864993471806902e-04
1  1  3.43971320480579348e-04
1  2  3.76556921433505510e-04
1  3  5.36550120552733273e-04
1  4  6.55584112660864541e-04
1  5  4.38708714068805389e-04
2  0  4.88177702533764573e-04
2  1  3.76556921433505618e-04
2  2  4.13950048728276574e-04
2  3  5.91936832664086057e-04
2  4  7.31954009643660266e-04
2  5  4.69316497840536323e-04
3  0  6.93530073144433146e-04
3  1  5.36550120552733382e-04
3  2  5.91936832664086165e-04
3  3  8.53015982555837843e-04
3  4  1.06645269077978240e-03
3  5  6.54875507981064081e-04
4  0  8.35721987581294293e-04
4  1  6.55584112660864758e-04
4  2  7.31954009643660483e-04
4  3  1.06645269077978240e-03
4  4  1.41411306844890891e-03
4  5  7.40757960815374727e-04
5  0  5.86248601482719143e-04
5  1  4.38708714068805172e-04
5  2  4.69316497840536323e-04
5  3  6.54875507981064189e-04
5  4  7.40757960815374510e-04
5  5  2.36344215157596607e-03
