numXbins 6
numYbins 6
xbin  ybin  z
0  0  1.27191112075368499e-05
0  1  9.20682754148524606e-06
0  2  9.10353548472716310e-06
0  3  9.15254227027766191e-06
0  4  4.34472086166117810e-06
0  5  3.68904372339214328e-05
1  0  9.20682754148524775e-06
1  1  6.67004608257924408e-06
1  2  6.60464201351813946e-06
1  3  6.67500883118931864e-06
1  4  3.25920870769889323e-06
1  5  2.68046289049598880e-05
2  0  9.10353548472716310e-06
2  1  6.60464201351813946e-06
2  2  6.55634209382046865e-06
2  3  6.68635643901709154e-06
2  4  3.40111152210455776e-06
2  5  2.66117037924247835e-05
3  0  9.15254227027766360e-06
3  1  6.67500883118931864e-06
3  2  6.68635643901709239e-06
3  3  7.04128527723724767e-06
3  4  4.08644442173446359e-06
3  5  2.71738699139883464e-05
4  0  4.34472086166117895e-06
4  1  3.25920870769888984e-06
4  2  3.40111152210455521e-06
4  3  4.08644442173445851e-06
4  4  4.13151853623283376e-06
4  5  1.60281258398030551e-05
5  0  3.68904372339214328e-05
5  1  2.68046289049598812e-05
5  2  2.66117037924247767e-05
5  3  2.71738699139883566e-05
5  4  1.60281258398030450e-05
5  5  1.18090831168900893e-04
