numXbins 6
numYbins 6
xbin  ybin  z
0  0  2.59374166569525469e-07
0  1  2.05902886975207082e-07
0  2  2.33513405288207005e-07
0  3  3.71148112170330509e-07
0  4  4.91745645949500717e-07
0  5  9.83568818101725440e-07
1  0  2.05902886975207082e-07
1  1  1.63454985757361145e-07
1  2  1.85373464081960407e-07
1  3  2.94634061658151429e-07
1  4  3.90369942673930034e-07
1  5  7.80800696885351752e-07
2  0  2.33513405288206952e-07
2  1  1.85373464081960381e-07
2  2  2.10231102282434823e-07
2  3  3.34142963843863669e-07
2  4  4.42716631861182095e-07
2  5  8.85501683907247353e-07
3  0  3.71148112170330509e-07
3  1  2.94634061658151270e-07
3  2  3.34142963843863669e-07
3  3  5.31089622625136287e-07
3  4  7.03656848237191344e-07
3  5  1.40742606830033393e-06
4  0  4.91745645949500717e-07
4  1  3.90369942673930140e-07
4  2  4.42716631861182147e-07
4  3  7.03656848237191768e-07
4  4  9.32299024260372644e-07
4  5  1.86473292627300965e-06
5  0  9.83568818101725228e-07
5  1  7.80800696885351752e-07
5  2  8.85501683907247353e-07
5  3  1.40742606830033351e-06
5  4  1.86473292627300965e-06
5  5  3.72981130872983090e-06
