numXbins 6
numYbins 6
xbin  ybin  z
0  0  4.44698476724459544e-06
0  1  3.38400083661669227e-06
0  2  3.66970670569217358e-06
0  3  5.16553714797430483e-06
0  4  6.20512650381060312e-06
0  5  8.90112656624579733e-06
1  0  3.38400083661669270e-06
1  1  2.57510701331183947e-06
1  2  2.79251924892351779e-06
1  3  3.93079422243008365e-06
1  4  4.72188558748272744e-06
1  5  6.77344792563128806e-06
2  0  3.66970670569217316e-06
2  1  2.79251924892351779e-06
2  2  3.02828725769309585e-06
2  3  4.26266499720184610e-06
2  4  5.12054696216357417e-06
2  5  7.34531948230762368e-06
3  0  5.16553714797430483e-06
3  1  3.93079422243008450e-06
3  2  4.26266499720184355e-06
3  3  6.00019460908463467e-06
3  4  7.20776281929427000e-06
3  5  1.03393877747084859e-05
4  0  6.20512650381060227e-06
4  1  4.72188558748272744e-06
4  2  5.12054696216357417e-06
4  3  7.20776281929427085e-06
4  4  8.65835997728187727e-06
4  5  1.24202396142245459e-05
5  0  8.90112656624579733e-06
5  1  6.77344792563128806e-06
5  2  7.34531948230762029e-06
5  3  1.03393877747084859e-05
5  4  1.24202396142245459e-05
5  5  1.78165787146193779e-05
