numXbins 6
numYbins 6
xbin  ybin  z
0  0  2.70117826626809875e-07
0  1  2.16429027391463083e-07
0  2  2.48810790023115870e-07
0  3  3.77128291502420435e-07
0  4  5.34582982857654136e-07
0  5  1.91440661194488536e-06
1  0  2.16429027391463110e-07
1  1  1.73537589629551170e-07
1  2  1.99713400453124912e-07
1  3  3.03463399649344497e-07
1  4  4.30723854761748892e-07
1  5  1.53569415063897278e-06
2  0  2.48810790023115922e-07
2  1  1.99713400453124912e-07
2  2  2.30191498153272815e-07
2  3  3.51034658816269395e-07
2  4  4.99181711421405310e-07
2  5  1.76847258339779214e-06
3  0  3.77128291502420541e-07
3  1  3.03463399649344338e-07
3  2  3.51034658816269395e-07
3  3  5.39793940110186006e-07
3  4  7.70921124737888912e-07
3  5  2.69124021310381345e-06
4  0  5.34582982857654242e-07
4  1  4.30723854761748733e-07
4  2  4.99181711421405098e-07
4  3  7.70921124737888489e-07
4  4  1.10345020519971830e-06
4  5  3.82285576745290472e-06
5  0  1.91440661194488451e-06
5  1  1.53569415063897257e-06
5  2  1.76847258339779257e-06
5  3  2.69124021310381345e-06
5  4  3.82285576745290303e-06
5  5  1.35935572917671738e-05
