numXbins 6
numYbins 6
xbin  ybin  z
0  0  1.13286659522369217e-08
0  1  8.04070123355046687e-09
0  2  7.50157901996943179e-09
0  3  5.24641640388718128e-09
0  4  2.94696653662316099e-09
0  5  5.98506910915077240e-08
1  0  8.04070123355047183e-09
1  1  5.90095006172501386e-09
1  2  5.86468064731772031e-09
1  3  5.78914807225278286e-09
1  4  6.05491419158980596e-09
1  5  3.73235678518461804e-08
2  0  7.50157901996943013e-09
2  1  5.86468064731771948e-09
2  2  6.47273064875919066e-09
2  3  9.22847263923037901e-09
2  4  1.29933490107540656e-08
2  5  2.52655745994125126e-08
3  0  5.24641640388718294e-09
3  1  5.78914807225278534e-09
3  2  9.22847263923038067e-09
3  3  2.44266202004008805e-08
3  4  4.35738974271473338e-08
3  5  -2.71989322244743742e-08
4  0  2.94696653662315147e-09
4  1  6.05491419158980596e-09
4  2  1.29933490107540541e-08
4  3  4.35738974271473206e-08
4  4  8.17601175884176285e-08
4  5  -8.98077959690963408e-08
5  0  5.98506910915077240e-08
5  1  3.73235678518461804e-08
5  2  2.52655745994125093e-08
5  3  -2.71989322244743809e-08
5  4  -8.98077959690963408e-08
5  5  4.53299505783162024e-07
