numXbins 6
numYbins 6
xbin  ybin  z
0  0  1.65648457368806941e-06
0  1  1.31716143559825560e-06
0  2  1.52843068126928180e-06
0  3  2.68322085372536655e-06
0  4  3.89881173479040991e-06
0  5  -3.92645186182971471e-06
1  0  1.31716143559825560e-06
1  1  1.08718006111264006e-06
1  2  1.31462476306806611e-06
1  3  2.42616667225165007e-06
1  4  3.77722874375008219e-06
1  5  -2.90926708346993892e-06
2  0  1.52843068126928201e-06
2  1  1.31462476306806611e-06
2  2  1.66811980047328728e-06
2  3  3.26391314211663964e-06
2  4  5.46227598836389290e-06
2  5  -3.27186285750575682e-06
3  0  2.68322085372536655e-06
3  1  2.42616667225165007e-06
3  2  3.26391314211663921e-06
3  3  7.00541809929904624e-06
3  4  1.28877199568907613e-05
3  5  -6.16015202141700812e-06
4  0  3.89881173479040991e-06
4  1  3.77722874375008176e-06
4  2  5.46227598836389290e-06
4  3  1.28877199568907613e-05
4  4  2.74527515455745736e-05
4  5  -9.22079836613329597e-06
5  0  -3.92645186182971471e-06
5  1  -2.90926708346993892e-06
5  2  -3.27186285750575682e-06
5  3  -6.16015202141700896e-06
5  4  -9.22079836613329597e-06
5  5  3.61384699990391098e-05
