numXbins 7
numYbins 7
xbin  ybin  z
0  0  5.58578459311392418e-04
0  1  4.93060524333926021e-04
0  2  4.27194745397824292e-04
0  3  3.59963171583842223e-04
0  4  4.14524530834741768e-04
0  5  3.93359722093998717e-04
0  6  4.59537429928104607e-04
1  0  4.93060524333925805e-04
1  1  4.35361850575098305e-04
1  2  3.77324945250495940e-04
1  3  3.18072382354085811e-04
1  4  3.66562529839460790e-04
1  5  3.48694911929929173e-04
1  6  4.06935584374611397e-04
2  0  4.27194745397824237e-04
2  1  3.77324945250495885e-04
2  2  3.27148191008125690e-04
2  3  2.75912051010929757e-04
2  4  3.18263698923039722e-04
2  5  3.03590782800842443e-04
2  6  3.53965820230720777e-04
3  0  3.59963171583842223e-04
3  1  3.18072382354085703e-04
3  2  2.75912051010929595e-04
3  3  2.32879969990283344e-04
3  4  2.69034522519536129e-04
3  5  2.57593713957503115e-04
3  6  2.99976680450733657e-04
4  0  4.14524530834741768e-04
4  1  3.66562529839460790e-04
4  2  3.18263698923039614e-04
4  3  2.69034522519536129e-04
4  4  3.11759279403631031e-04
4  5  3.00578209638904239e-04
4  6  3.49362587539660513e-04
5  0  3.93359722093998608e-04
5  1  3.48694911929929173e-04
5  2  3.03590782800842226e-04
5  3  2.57593713957503061e-04
5  4  3.00578209638904348e-04
5  5  2.95630095618922787e-04
5  6  3.42550298570599076e-04
6  0  4.59537429928104661e-04
6  1  4.06935584374611397e-04
6  2  3.53965820230720831e-04
6  3  2.99976680450733712e-04
6  4  3.49362587539660404e-04
6  5  3.42550298570598914e-04
6  6  4.28158330896119955e-04
