numXbins 6
numYbins 6
xbin  ybin  z
0  0  1.77214393428242114e-05
0  1  1.76160664928098531e-05
0  2  2.14924879772681752e-05
0  3  3.15706621886254640e-05
0  4  5.37831873309781595e-05
0  5  -6.32641927731427951e-05
1  0  1.76160664928098497e-05
1  1  1.75113201967285732e-05
1  2  2.13646922227443630e-05
1  3  3.13829409439059676e-05
1  4  5.34633889431448281e-05
1  5  -6.28880197000981727e-05
2  0  2.14924879772681685e-05
2  1  2.13646922227443630e-05
2  2  2.60660000870674797e-05
2  3  3.82887678814971405e-05
2  4  6.52280260496037239e-05
2  5  -7.67265500428395602e-05
3  0  3.15706621886254504e-05
3  1  3.13829409439059541e-05
3  2  3.82887678814971405e-05
3  3  5.62429886053185065e-05
3  4  9.58144993646589183e-05
3  5  -1.12704866689381975e-04
4  0  5.37831873309781459e-05
4  1  5.34633889431448281e-05
4  2  6.52280260496037239e-05
4  3  9.58144993646589319e-05
4  4  1.63227782096061959e-04
4  5  -1.92001894735419483e-04
5  0  -6.32641927731427951e-05
5  1  -6.28880197000981727e-05
5  2  -7.67265500428395466e-05
5  3  -1.12704866689381975e-04
5  4  -1.92001894735419320e-04
5  5  2.25848364222063733e-04
