numXbins 6
numYbins 6
xbin  ybin  z
0  0  1.78634926449486372e-05
0  1  1.41701330378530642e-05
0  2  1.63748084602898531e-05
0  3  2.85248231799438907e-05
0  4  4.09823399327621977e-05
0  5  -4.20585510929852408e-05
1  0  1.41701330378530642e-05
1  1  1.16721450243902487e-05
1  2  1.40697202362248664e-05
1  3  2.58202007277512508e-05
1  4  3.99045253358350642e-05
1  5  -3.11736468490969514e-05
2  0  1.63748084602898531e-05
2  1  1.40697202362248647e-05
2  2  1.78297725918375463e-05
2  3  3.48000958462498403e-05
2  4  5.80750289951894845e-05
2  5  -3.51054942255598135e-05
3  0  2.85248231799438907e-05
3  1  2.58202007277512508e-05
3  2  3.48000958462498403e-05
3  3  7.50624110377239522e-05
3  4  1.38761628315504140e-04
3  5  -6.68937912769475409e-05
4  0  4.09823399327621910e-05
4  1  3.99045253358350574e-05
4  2  5.80750289951894845e-05
4  3  1.38761628315504140e-04
4  4  2.98164191991802244e-04
4  5  -1.02564907286501112e-04
5  0  -4.20585510929852408e-05
5  1  -3.11736468490969514e-05
5  2  -3.51054942255598135e-05
5  3  -6.68937912769475409e-05
5  4  -1.02564907286501099e-04
5  5  3.90224688384184775e-04
