numXbins 6
numYbins 6
xbin  ybin  z
0  0  3.03908516410762932e-06
0  1  2.12683885069031895e-06
0  2  1.92195360159741415e-06
0  3  1.15843273979115594e-06
0  4  -2.65425190176344726e-07
0  5  1.46760516250089651e-05
1  0  2.12683885069031853e-06
1  1  1.48842883994092350e-06
1  2  1.34505697920381662e-06
1  3  8.10798987074312489e-07
1  4  -1.85663859872074344e-07
1  5  1.02698512550051851e-05
2  0  1.92195360159741415e-06
2  1  1.34505697920381683e-06
2  2  1.21552432263886505e-06
2  3  7.32898515398002906e-07
2  4  -1.67585560967456225e-07
2  5  9.27862439520582399e-06
3  0  1.15843273979115531e-06
3  1  8.10798987074313230e-07
3  2  7.32898515398002694e-07
3  3  4.43037815812396172e-07
3  4  -9.98032109659897956e-08
3  5  5.58067859353635434e-06
4  0  -2.65425190176344938e-07
4  1  -1.85663859872072702e-07
4  2  -1.67585560967456437e-07
4  3  -9.98032109659893986e-08
4  4  2.44614825519920666e-08
4  5  -1.29437883160325964e-06
5  0  1.46760516250089668e-05
5  1  1.02698512550051851e-05
5  2  9.27862439520582399e-06
5  3  5.58067859353635518e-06
5  4  -1.29437883160325816e-06
5  5  7.09964468154658887e-05
