numXbins 6
numYbins 6
xbin  ybin  z
0  0  5.00131602316106644e-05
0  1  3.70704445948367108e-05
0  2  3.91440439628714054e-05
0  3  5.23106675089797367e-05
0  4  5.53982831840741182e-05
0  5  6.74515084276965522e-05
1  0  3.70704445948367108e-05
1  1  2.75722393720195844e-05
1  2  2.92331582221860374e-05
1  3  3.93001555602270802e-05
1  4  4.21844878098594835e-05
1  5  5.29752328700846658e-05
2  0  3.91440439628714054e-05
2  1  2.92331582221860340e-05
2  2  3.11462881318947706e-05
2  3  4.21878427009486759e-05
2  4  4.60593521587962857e-05
2  5  5.95980313777621788e-05
3  0  5.23106675089797367e-05
3  1  3.93001555602270870e-05
3  2  4.21878427009486962e-05
3  3  5.79372060312633572e-05
3  4  6.52990385173795386e-05
3  5  8.68202261514363488e-05
4  0  5.53982831840740844e-05
4  1  4.21844878098594767e-05
4  2  4.60593521587962924e-05
4  3  6.52990385173795251e-05
4  4  7.93391314265277356e-05
4  5  1.11287706621828616e-04
5  0  6.74515084276965115e-05
5  1  5.29752328700846726e-05
5  2  5.95980313777621720e-05
5  3  8.68202261514363488e-05
5  4  1.11287706621828630e-04
5  5  2.14672804732642103e-04
