numXbins 6
numYbins 6
xbin  ybin  z
0  0  5.87265984194150557e-04
0  1  4.49528061413964717e-04
0  2  4.91388949719994642e-04
0  3  7.03170525974461608e-04
0  4  8.64086110174615437e-04
0  5  4.65632859300803802e-04
1  0  4.49528061413964717e-04
1  1  3.46441639615464772e-04
1  2  3.81103476424306026e-04
1  3  5.49293316651308107e-04
1  4  6.88457166016066412e-04
1  5  3.54789870501813530e-04
2  0  4.91388949719994642e-04
2  1  3.81103476424305971e-04
2  2  4.22283765413661674e-04
2  3  6.14551035791115695e-04
2  4  7.86787769706980607e-04
2  5  3.86091261352466443e-04
3  0  7.03170525974461500e-04
3  1  5.49293316651308107e-04
3  2  6.14551035791115479e-04
3  3  9.14331134438107563e-04
3  4  1.21021513619753345e-03
3  5  5.50403530258932556e-04
4  0  8.64086110174615328e-04
4  1  6.88457166016066303e-04
4  2  7.86787769706980282e-04
4  3  1.21021513619753301e-03
4  4  1.76604616288497164e-03
4  5  6.73654942074220376e-04
5  0  4.65632859300804181e-04
5  1  3.54789870501813639e-04
5  2  3.86091261352466280e-04
5  3  5.50403530258932665e-04
5  4  6.73654942074221027e-04
5  5  3.09265551652228516e-03
