numXbins 6
numYbins 6
xbin  ybin  z
0  0  9.46348939209969468e-05
0  1  6.58297916372008971e-05
0  2  6.45118676294987703e-05
0  3  7.82990043911546392e-05
0  4  4.48033537125610290e-05
0  5  -3.48078911291411618e-04
1  0  6.58297916372007751e-05
1  1  4.77259798647788357e-05
1  2  4.89328907471681487e-05
1  3  6.32286018279259397e-05
1  4  5.31510737345726738e-05
1  5  -2.78868337811646536e-04
2  0  6.45118676294987025e-05
2  1  4.89328907471682707e-05
2  2  5.30204900145154047e-05
2  3  7.46955278543966694e-05
2  4  8.36592103104757332e-05
2  5  -3.24819986556053710e-04
3  0  7.82990043911547612e-05
3  1  6.32286018279262514e-05
3  2  7.46955278543966016e-05
3  3  1.26848894608254842e-04
3  4  1.90923591994677171e-04
3  5  -5.33995620676408164e-04
4  0  4.48033537125609003e-05
4  1  5.31510737345728567e-05
4  2  8.36592103104757332e-05
4  3  1.90923591994676656e-04
4  4  4.57016997444727483e-04
4  5  -8.29554227197012647e-04
5  0  -3.48078911291411618e-04
5  1  -2.78868337811646265e-04
5  2  -3.24819986556053981e-04
5  3  -5.33995620676407947e-04
5  4  -8.29554227197012647e-04
5  5  2.31531708353253408e-03
