numXbins 6
numYbins 6
xbin  ybin  z
0  0  2.24593358129952430e-08
0  1  1.56649634064332978e-08
0  2  1.41033485407889882e-08
0  3  7.46268658531127715e-09
0  4  2.03941792463783570e-10
0  5  1.25991322433835277e-07
1  0  1.56649634064333012e-08
1  1  1.09260167160824095e-08
1  2  9.83681978127786646e-09
1  3  5.20508323335815114e-09
1  4  1.42245556261690471e-10
1  5  8.78765726594724657e-08
2  0  1.41033485407889866e-08
2  1  9.83681978127786315e-09
2  2  8.85620312724860017e-09
2  3  4.68619690447021602e-09
2  4  1.28065326824394571e-10
2  5  7.91162992616714047e-08
3  0  7.46268658531127550e-09
3  1  5.20508323335814949e-09
3  2  4.68619690447021519e-09
3  3  2.47966776641547090e-09
3  4  6.77648569608810258e-11
3  5  4.18638271238893265e-08
4  0  2.03941792463775841e-10
4  1  1.42245556261689644e-10
4  2  1.28065326824382784e-10
4  3  6.77648569608743825e-11
4  4  1.85189157240833267e-12
4  5  1.14406304558522749e-09
5  0  1.25991322433835277e-07
5  1  8.78765726594724392e-08
5  2  7.91162992616714180e-08
5  3  4.18638271238893530e-08
5  4  1.14406304558526926e-09
5  5  7.06780176439672922e-07
