numXbins 7
numYbins 7
xbin  ybin  z
0  0  2.59129400525035506e-05
0  1  2.12623342179461998e-05
0  2  1.93829936548556437e-05
0  3  1.66818815236718635e-05
0  4  1.71376486964390389e-05
0  5  1.45974997320385814e-05
0  6  -3.10503175651308843e-06
1  0  2.12623342179461998e-05
1  1  1.74463744939651509e-05
1  2  1.59043199420381462e-05
1  3  1.36879774977993815e-05
1  4  1.40619479516849405e-05
1  5  1.19776805495676554e-05
1  6  -2.54777045100057603e-06
2  0  1.93829936548556301e-05
2  1  1.59043199420381394e-05
2  2  1.44985648970339885e-05
2  3  1.24781210881219781e-05
2  4  1.28190369471460182e-05
2  5  1.09189942981990708e-05
2  6  -2.32257747336561958e-06
3  0  1.66818815236718533e-05
3  1  1.36879774977993747e-05
3  2  1.24781210881219798e-05
3  3  1.07392357102658571e-05
3  4  1.10326433268109501e-05
3  5  9.39738063601827608e-06
3  6  -1.99891528265183102e-06
4  0  1.71376486964390321e-05
4  1  1.40619479516849371e-05
4  2  1.28190369471460267e-05
4  3  1.10326433268109501e-05
4  4  1.13340671590132159e-05
4  5  9.65412731041573372e-06
4  6  -2.05352782534868359e-06
5  0  1.45974997320385543e-05
5  1  1.19776805495676503e-05
5  2  1.09189942981990708e-05
5  3  9.39738063601826761e-06
5  4  9.65412731041572525e-06
5  5  8.22318880046492910e-06
5  6  -1.74915313128631709e-06
6  0  -3.10503175651307657e-06
6  1  -2.54777045100055909e-06
6  2  -2.32257747336563101e-06
6  3  -1.99891528265183653e-06
6  4  -2.05352782534868020e-06
6  5  -1.74915313128631073e-06
6  6  3.72062073597949317e-07
