numXbins 6
numYbins 6
xbin  ybin  z
0  0  6.83896282819529565e-06
0  1  6.19890712921812875e-06
0  2  7.81645651934351672e-06
0  3  1.11337514512428124e-05
0  4  1.59884811173002896e-05
0  5  1.96833832017360164e-05
1  0  6.19890712921812875e-06
1  1  5.61875397805189349e-06
1  2  7.08491759060609463e-06
1  3  1.00917482635688501e-05
1  4  1.44921257905939186e-05
1  5  1.78412235190598224e-05
2  0  7.81645651934351841e-06
2  1  7.08491759060609463e-06
2  2  8.93366348869458588e-06
2  3  1.27250997412983887e-05
2  4  1.82737164396463303e-05
2  5  2.24967312756320621e-05
3  0  1.11337514512428157e-05
3  1  1.00917482635688501e-05
3  2  1.27250997412983887e-05
3  3  1.81256170697396323e-05
3  4  2.60290601535386826e-05
3  5  3.20443175073562088e-05
4  0  1.59884811173002862e-05
4  1  1.44921257905939203e-05
4  2  1.82737164396463303e-05
4  3  2.60290601535386894e-05
4  4  3.73786983289870170e-05
4  5  4.60168315797951038e-05
5  0  1.96833832017360164e-05
5  1  1.78412235190598190e-05
5  2  2.24967312756320621e-05
5  3  3.20443175073562155e-05
5  4  4.60168315797950903e-05
5  5  5.66512180281322612e-05
