numXbins 6
numYbins 6
xbin  ybin  z
0  0  3.94873768681296294e-05
0  1  3.06707219519970685e-05
0  2  3.54454832854454122e-05
0  3  5.46014801308926460e-05
0  4  8.98072011061066373e-05
0  5  -5.50874349823450208e-05
1  0  3.06707219519970618e-05
1  1  2.38226304116936860e-05
1  2  2.75312935050767571e-05
1  3  4.24101813816285436e-05
1  4  6.97552461793329534e-05
1  5  -4.27876332994881297e-05
2  0  3.54454832854454054e-05
2  1  2.75312935050767604e-05
2  2  3.18173144175808558e-05
2  3  4.90125200720076737e-05
2  4  8.06146140410849847e-05
2  5  -4.94487330071479315e-05
3  0  5.46014801308926324e-05
3  1  4.24101813816285300e-05
3  2  4.90125200720076601e-05
3  3  7.55006249830308962e-05
3  4  1.24181611839703504e-04
3  5  -7.61725828660449953e-05
4  0  8.98072011061066237e-05
4  1  6.97552461793329534e-05
4  2  8.06146140410849983e-05
4  3  1.24181611839703531e-04
4  4  2.04250928023082566e-04
4  5  -1.25286832002051055e-04
5  0  -5.50874349823450343e-05
5  1  -4.27876332994881433e-05
5  2  -4.94487330071479383e-05
5  3  -7.61725828660449818e-05
5  4  -1.25286832002051028e-04
5  5  7.68505211948719265e-05
