numXbins 7
numYbins 7
xbin  ybin  z
0  0  1.07160324572713266e-07
0  1  6.12225465931856558e-08
0  2  3.29800779378022051e-08
0  3  1.14768187415523618e-08
0  4  -2.19972702095805036e-08
0  5  -1.73871453253607763e-07
0  6  -2.47961149137403134e-07
1  0  6.12225465931856558e-08
1  1  4.12004328981965931e-08
1  2  2.71208123032675155e-08
1  3  1.55964022407098116e-08
1  4  2.49053288626347125e-09
1  5  -6.26835316786147659e-08
1  6  -1.21585291882356560e-07
2  0  3.29800779378021985e-08
2  1  2.71208123032675122e-08
2  2  2.17567823795060587e-08
2  3  1.67269398423824438e-08
2  4  1.56796379771800184e-08
2  5  -4.66530747830134709e-11
2  6  -4.94187302540719933e-08
3  0  1.14768187415523635e-08
3  1  1.55964022407098116e-08
3  2  1.67269398423824471e-08
3  3  1.70082567599185151e-08
3  4  2.57584584384721359e-08
3  5  4.55023961079950860e-08
3  6  -3.00975884253094640e-09
4  0  -2.19972702095805036e-08
4  1  2.49053288626347497e-09
4  2  1.56796379771800184e-08
4  3  2.57584584384721325e-08
4  4  5.71507278846232130e-08
4  5  1.50508381847400287e-07
4  6  7.53860789318669126e-08
5  0  -1.73871453253607763e-07
5  1  -6.26835316786147791e-08
5  2  -4.66530747830172578e-11
5  3  4.55023961079950860e-08
5  4  1.50508381847400314e-07
5  5  5.43072981996837784e-07
5  6  4.98570492817973558e-07
6  0  -2.47961149137403134e-07
6  1  -1.21585291882356560e-07
6  2  -4.94187302540720066e-08
6  3  -3.00975884253094640e-09
6  4  7.53860789318669391e-08
6  5  4.98570492817973558e-07
6  6  8.30369801569901617e-07
