numXbins 7
numYbins 7
xbin  ybin  z
0  0  2.22157060752020257e-07
0  1  1.86091079943728260e-07
0  2  1.58662052795612725e-07
0  3  1.25962827172556264e-07
0  4  1.18389782290112894e-07
0  5  6.73772397591955001e-08
0  6  3.16851544700171858e-07
1  0  1.86091079943728260e-07
1  1  1.57309209044471493e-07
1  2  1.34960503283967382e-07
1  3  1.08561020338906930e-07
1  4  1.06280864404188684e-07
1  5  7.06955651246185016e-08
1  6  2.64365693353759047e-07
2  0  1.58662052795612672e-07
2  1  1.34960503283967356e-07
2  2  1.16273805141261690e-07
2  3  9.43467575961122179e-08
2  4  9.47855886251020038e-08
2  5  6.86357811541178892e-08
2  6  2.24785490486309741e-07
3  0  1.25962827172556264e-07
3  1  1.08561020338906917e-07
3  2  9.43467575961122179e-08
3  3  7.79202322000397809e-08
3  4  8.22922896622376843e-08
3  5  6.86074717923439488e-08
3  6  1.77422157924855184e-07
4  0  1.18389782290112920e-07
4  1  1.06280864404188658e-07
4  2  9.47855886251020170e-08
4  3  8.22922896622376579e-08
4  4  9.84771900165970713e-08
4  5  1.06850428501625178e-07
4  6  1.63644624127411192e-07
5  0  6.73772397591955266e-08
5  1  7.06955651246184752e-08
5  2  6.86357811541179025e-08
5  3  6.86074717923438826e-08
5  4  1.06850428501625165e-07
5  5  1.62668834798828559e-07
5  6  8.56537934319842330e-08
6  0  3.16851544700171858e-07
6  1  2.64365693353759047e-07
6  2  2.24785490486309714e-07
6  3  1.77422157924855184e-07
6  4  1.63644624127411139e-07
6  5  8.56537934319841271e-08
6  6  4.52676306022386705e-07
