numXbins 6
numYbins 6
xbin  ybin  z
0  0  5.86339678577887574e-06
0  1  4.25039261974185984e-06
0  2  4.25554992796293047e-06
0  3  4.41542995860003279e-06
0  4  1.24502808091470870e-06
0  5  1.26822551282514650e-05
1  0  4.25039261974186069e-06
1  1  3.08112987882470875e-06
1  2  3.08489014935042266e-06
1  3  3.20088726407144225e-06
1  4  9.02587025483266064e-07
1  5  9.19233854696205486e-06
2  0  4.25554992796293047e-06
2  1  3.08489014935042224e-06
2  2  3.08871073534300794e-06
2  3  3.20510431244938867e-06
2  4  9.03843145231311303e-07
2  5  9.20076300395851753e-06
3  0  4.41542995860003194e-06
3  1  3.20088726407144267e-06
3  2  3.20510431244938867e-06
3  3  3.32703082383378935e-06
3  4  9.38530457305049007e-07
3  5  9.53405216381910555e-06
4  0  1.24502808091470701e-06
4  1  9.02587025483265747e-07
4  2  9.03843145231312785e-07
4  3  9.38530457305049219e-07
4  4  2.64832908387393520e-07
4  5  2.68505545162729884e-06
5  0  1.26822551282514684e-05
5  1  9.19233854696205655e-06
5  2  9.20076300395851753e-06
5  3  9.53405216381910555e-06
5  4  2.68505545162729968e-06
5  5  2.75647984928104284e-05
