numXbins 6
numYbins 6
xbin  ybin  z
0  0  1.54428286089365447e-08
0  1  1.28838689663531921e-08
0  2  1.50202401029674909e-08
0  3  2.11572032581763014e-08
0  4  5.93071928366283763e-08
0  5  1.33271412626331302e-07
1  0  1.28838689663531905e-08
1  1  1.15193909848436947e-08
1  2  1.44723563918542512e-08
1  3  2.34953518596104690e-08
1  4  7.10554799254300954e-08
1  5  1.28195702708694755e-07
2  0  1.50202401029674842e-08
2  1  1.44723563918542528e-08
2  2  1.94994567557706078e-08
2  3  3.53015166402871986e-08
2  4  1.12041890140113334e-07
2  5  1.72474264417360256e-07
3  0  2.11572032581762948e-08
3  1  2.34953518596104657e-08
3  2  3.53015166402871986e-08
3  3  7.33141308266287563e-08
3  4  2.44909874498682078e-07
3  5  3.11596212771626773e-07
4  0  5.93071928366283564e-08
4  1  7.10554799254300954e-08
4  2  1.12041890140113361e-07
4  3  2.44909874498682131e-07
4  4  8.31979232157194263e-07
4  5  9.88118378096734421e-07
5  0  1.33271412626331275e-07
5  1  1.28195702708694755e-07
5  2  1.72474264417360309e-07
5  3  3.11596212771626826e-07
5  4  9.88118378096734632e-07
5  5  1.52559347303228507e-06
