numXbins 6
numYbins 6
xbin  ybin  z
0  0  1.80958974063450079e-06
0  1  1.41105660345998860e-06
0  2  1.61215866109545793e-06
0  3  2.78834362139440035e-06
0  4  4.02216902687024873e-06
0  5  -4.54033701074380818e-06
1  0  1.41105660345998860e-06
1  1  1.14521196794596297e-06
1  2  1.36699625314052580e-06
1  3  2.49340398082461300e-06
1  4  3.85839069501759372e-06
1  5  -3.28102763922052334e-06
2  0  1.61215866109545793e-06
2  1  1.36699625314052601e-06
2  2  1.71660951646993812e-06
2  3  3.32961813764950264e-06
2  4  5.54851102670176710e-06
2  5  -3.60304154283723170e-06
3  0  2.78834362139439993e-06
3  1  2.49340398082461300e-06
3  2  3.32961813764950264e-06
3  3  7.10657541664777653e-06
3  4  1.30457687372227596e-05
3  5  -6.59045918633114056e-06
4  0  4.02216902687024788e-06
4  1  3.85839069501759372e-06
4  2  5.54851102670176625e-06
4  3  1.30457687372227596e-05
4  4  2.77598040907693744e-05
4  5  -9.76545944916339742e-06
5  0  -4.54033701074380818e-06
5  1  -3.28102763922052334e-06
5  2  -3.60304154283723085e-06
5  3  -6.59045918633114056e-06
5  4  -9.76545944916339912e-06
5  5  3.88014234771168003e-05
