numXbins 6
numYbins 6
xbin  ybin  z
0  0  6.26187865202555813e-04
0  1  4.79453243356756965e-04
0  2  5.23596344982278509e-04
0  3  7.47676768061065556e-04
0  4  9.14640154496096781e-04
0  5  4.15683223385399884e-04
1  0  4.79453243356756965e-04
1  1  3.69583966127300112e-04
1  2  4.06179851458915312e-04
1  3  5.84331273419509364e-04
1  4  7.30782344037732355e-04
1  5  3.02023212222199021e-04
2  0  5.23596344982278400e-04
2  1  4.06179851458915258e-04
2  2  4.49562091668713557e-04
2  3  6.53219180135421900e-04
2  4  8.36251498390790755e-04
2  5  3.12738549732393084e-04
3  0  7.47676768061065664e-04
3  1  5.84331273419509472e-04
3  2  6.53219180135421900e-04
3  3  9.70595057275800191e-04
3  4  1.28885955947506702e-03
3  5  4.03630245116145571e-04
4  0  9.14640154496096673e-04
4  1  7.30782344037732355e-04
4  2  8.36251498390790863e-04
4  3  1.28885955947506637e-03
4  4  1.88852864524063436e-03
4  5  3.47394238175510023e-04
5  0  4.15683223385399884e-04
5  1  3.02023212222198804e-04
5  2  3.12738549732393192e-04
5  3  4.03630245116145788e-04
5  4  3.47394238175509915e-04
5  5  3.50310918666289729e-03
