numXbins 7
numYbins 7
xbin  ybin  z
0  0  2.69322818089528257e-04
0  1  2.45169150279066965e-04
0  2  2.19037872252378693e-04
0  3  1.90823941133511034e-04
0  4  2.29925624955381328e-04
0  5  2.27791097180646995e-04
0  6  -4.39665899539787980e-04
1  0  2.45169150279066965e-04
1  1  2.25990143898808203e-04
1  2  2.03279451087550806e-04
1  3  1.78696344920565550e-04
1  4  2.19579164057519569e-04
1  5  2.28255995666655341e-04
1  6  -4.20342056882054983e-04
2  0  2.19037872252378666e-04
2  1  2.03279451087550833e-04
2  2  1.85874401965191265e-04
2  3  1.66268221732287819e-04
2  4  2.08844449976469600e-04
2  5  2.30678719498758888e-04
2  6  -4.02480673618763453e-04
3  0  1.90823941133511007e-04
3  1  1.78696344920565550e-04
3  2  1.66268221732287873e-04
3  3  1.51906870440442074e-04
3  4  1.96648057285625061e-04
3  5  2.30263308126847145e-04
3  6  -3.76874329614961760e-04
4  0  2.29925624955381220e-04
4  1  2.19579164057519569e-04
4  2  2.08844449976469573e-04
4  3  1.96648057285624952e-04
4  4  2.67206716357942559e-04
4  5  3.35342229742885444e-04
4  6  -5.02186280840224292e-04
5  0  2.27791097180646995e-04
5  1  2.28255995666655395e-04
5  2  2.30678719498758942e-04
5  3  2.30263308126847118e-04
5  4  3.35342229742885444e-04
5  5  4.78254459024484498e-04
5  6  -6.35828014344003048e-04
6  0  -4.39665899539787872e-04
6  1  -4.20342056882055145e-04
6  2  -4.02480673618763507e-04
6  3  -3.76874329614961814e-04
6  4  -5.02186280840224292e-04
6  5  -6.35828014344003048e-04
6  6  1.17294279682492067e-03
