numXbins 6
numYbins 6
xbin  ybin  z
0  0  4.08208596520125866e-01
0  1  3.14927820116281509e-01
0  2  1.74269128590822220e-01
0  3  2.24691368639469147e-01
0  4  1.37127391935791820e-01
0  5  -2.08125173303415067e-02
1  0  1.08601209241896868e-01
1  1  1.30410319194197655e-01
1  2  1.38947573490440845e-01
1  3  8.92186295241117477e-02
1  4  3.43583993962965906e-02
1  5  -6.02036063173727598e-03
2  0  9.79868208523839712e-02
2  1  1.17686612531542778e-01
2  2  1.40951215289533138e-01
2  3  1.05376782361418009e-01
2  4  2.88447438506409526e-02
2  5  -5.19372452436073218e-03
3  0  1.66009058244526386e-01
3  1  1.47312860935926437e-01
3  2  1.85263592749834061e-01
3  3  2.27357173804193735e-01
3  4  4.70326265785843134e-02
3  5  -7.09975410063634627e-03
4  0  3.51279008202254772e-01
4  1  2.82555509358644485e-01
4  2  8.24720412492752075e-02
4  3  1.17815990932285786e-01
4  4  2.18785148463211954e-01
4  5  -6.47237113298615441e-03
5  0  -4.50339980423450470e-01
5  1  -3.04407119750976562e-01
5  2  -1.07137739658355713e-01
5  3  1.14169910550117493e-01
5  4  4.51481282711029053e-01
5  5  6.20101378648541868e-01
