numXbins 6
numYbins 6
xbin  ybin  z
0  0  8.42486019298107509e-07
0  1  -2.67242010841165750e-07
0  2  -2.40785865013705426e-07
0  3  1.47121951805607735e-07
0  4  7.38354757418843699e-07
0  5  -1.15941000640181607e-06
1  0  -2.67242010841165697e-07
1  1  1.78996636411342335e-07
1  2  1.75551885770932664e-07
1  3  6.18770364294176632e-08
1  4  -2.80953401125119459e-07
1  5  9.42581929091570082e-08
2  0  -2.40785865013705373e-07
2  1  1.75551885770932664e-07
2  2  1.77381425327861650e-07
2  3  9.26028984141029591e-08
2  4  -2.87582175064624260e-07
2  5  6.44707963840764324e-08
3  0  1.47121951805607709e-07
3  1  6.18770364294176632e-08
3  2  9.26028984141029591e-08
3  3  2.50284172029049559e-07
3  4  -5.78846064652433733e-08
3  5  -4.16348736288983726e-07
4  0  7.38354757418843699e-07
4  1  -2.80953401125119459e-07
4  2  -2.87582175064624260e-07
4  3  -5.78846064652433601e-08
4  4  8.63868442585072635e-07
4  5  -1.04621275290895500e-06
5  0  -1.15941000640181607e-06
5  1  9.42581929091570082e-08
5  2  6.44707963840764060e-08
5  3  -4.16348736288983726e-07
5  4  -1.04621275290895500e-06
5  5  3.18730082996527991e-06
