numXbins 6
numYbins 6
xbin  ybin  z
0  0  1.58077741351187908e-05
0  1  -1.76932374189721925e-05
0  2  -1.04044471952235507e-05
0  3  2.40470450926559974e-05
0  4  -3.14431690756853408e-05
0  5  9.65617414011189231e-05
1  0  -1.76932374189721857e-05
1  1  1.98035882653864796e-05
1  2  1.16454317264868064e-05
1  3  -2.69152427414725548e-05
1  4  3.51935352128439401e-05
1  5  -1.08079088276178623e-04
2  0  -1.04044471952235388e-05
2  1  1.16454317264868115e-05
2  2  6.84805593203029788e-06
2  3  -1.58274155949546221e-05
2  4  2.06954369098465493e-05
2  5  -6.35555348209828941e-05
3  0  2.40470450926560380e-05
3  1  -2.69152427414725582e-05
3  2  -1.58274155949546289e-05
3  3  3.65807591091246793e-05
3  4  -4.78318641293854009e-05
3  5  1.46891303598490518e-04
4  0  -3.14431690756853679e-05
4  1  3.51935352128439469e-05
4  2  2.06954369098465629e-05
4  3  -4.78318641293853873e-05
4  4  6.25434595074134570e-05
4  5  -1.92070505003782548e-04
5  0  9.65617414011188689e-05
5  1  -1.08079088276178623e-04
5  2  -6.35555348209829212e-05
5  3  1.46891303598490491e-04
5  4  -1.92070505003782575e-04
5  5  5.89847110840346998e-04
