numXbins 6
numYbins 6
xbin  ybin  z
0  0  5.82667783916999128e-06
0  1  2.30959958524490852e-06
0  2  2.33941086973834415e-06
0  3  3.91982029225550289e-06
0  4  3.36113732988082711e-06
0  5  -6.67884867592536568e-06
1  0  2.30959958524490810e-06
1  1  9.15511174695737769e-07
1  2  9.27331142857965171e-07
1  3  1.55378908725016733e-06
1  4  1.33225649862487261e-06
1  5  -2.64751577762756884e-06
2  0  2.33941086973834288e-06
2  1  9.27331142857965383e-07
2  2  9.39304084121873898e-07
2  3  1.57384925838885952e-06
2  4  1.34944729084299003e-06
2  5  -2.68170486980924328e-06
3  0  3.91982029225550289e-06
3  1  1.55378908725016733e-06
3  2  1.57384925838885973e-06
3  3  2.63706346220519451e-06
3  4  2.26109401549314368e-06
3  5  -4.49330651957748617e-06
4  0  3.36113732988082754e-06
4  1  1.33225649862487325e-06
4  2  1.34944729084299003e-06
4  3  2.26109401549314410e-06
4  4  1.93896128941253645e-06
4  5  -3.85247877015959353e-06
5  0  -6.67884867592536568e-06
5  1  -2.64751577762756926e-06
5  2  -2.68170486980924370e-06
5  3  -4.49330651957748532e-06
5  4  -3.85247877015959099e-06
5  5  7.65635973255210552e-06
