numXbins 6
numYbins 6
xbin  ybin  z
0  0  1.49368071673756410e-03
0  1  5.74429847997633592e-04
0  2  5.68665042778738659e-04
0  3  9.31948065888278058e-04
0  4  1.19092003223439163e-03
0  5  5.61414727203432117e-04
1  0  5.74429847997633700e-04
1  1  2.22417728439713153e-04
1  2  2.20255719980280972e-04
1  3  3.59985804507662640e-04
1  4  4.56385629424548088e-04
1  5  2.16820551832038480e-04
2  0  5.68665042778738767e-04
2  1  2.20255719980280945e-04
2  2  2.18170158897836871e-04
2  3  3.56700886273389744e-04
2  4  4.51359714104785205e-04
2  5  2.14883556837727996e-04
3  0  9.31948065888278166e-04
3  1  3.59985804507662532e-04
3  2  3.56700886273389744e-04
3  3  5.84369070885883157e-04
3  4  7.39565292742580798e-04
3  5  3.52219496099598546e-04
4  0  1.19092003223439141e-03
4  1  4.56385629424548142e-04
4  2  4.51359714104785151e-04
4  3  7.39565292742580906e-04
4  4  9.54381369621712383e-04
4  5  4.45940357890973289e-04
5  0  5.61414727203431684e-04
5  1  2.16820551832038318e-04
5  2  2.14883556837727968e-04
5  3  3.52219496099598058e-04
5  4  4.45940357890973614e-04
5  5  2.69229036381847737e-04
