numXbins 6
numYbins 6
xbin  ybin  z
0  0  1.41977044851921601e-03
0  1  5.68665918218423487e-04
0  2  5.64134171394412758e-04
0  3  9.11024468627895791e-04
0  4  1.13186822848235832e-03
0  5  6.35149568083646205e-04
1  0  5.68665918218423270e-04
1  1  2.29696634213019115e-04
1  2  2.27989939192756120e-04
1  3  3.67124320470628256e-04
1  4  4.51379293349577664e-04
1  5  2.59465536567222304e-04
2  0  5.64134171394412758e-04
2  1  2.27989939192756202e-04
2  2  2.26366573344405245e-04
2  3  3.64644592417627718e-04
2  4  4.47198551308416179e-04
2  5  2.57918047860399772e-04
3  0  9.11024468627895899e-04
3  1  3.67124320470628472e-04
3  2  3.64644592417627718e-04
3  3  5.88615147223543376e-04
3  4  7.21808322778499240e-04
3  5  4.14384218991676418e-04
4  0  1.13186822848235788e-03
4  1  4.51379293349577718e-04
4  2  4.47198551308416179e-04
4  3  7.21808322778498806e-04
4  4  9.07917736476536929e-04
4  5  5.00636654772829105e-04
5  0  6.35149568083645663e-04
5  1  2.59465536567221925e-04
5  2  2.57918047860399556e-04
5  3  4.14384218991676689e-04
5  4  5.00636654772828238e-04
5  5  3.44207457639702792e-04
