numXbins 6
numYbins 6
xbin  ybin  z
0  0  2.29586420219644828e-03
0  1  7.43594822741797524e-04
0  2  7.27650347836699806e-04
0  3  1.27384681596202421e-03
0  4  1.94844881867907698e-03
0  5  -1.27844150004287262e-04
1  0  7.43594822741797850e-04
1  1  3.71096679353959060e-04
1  2  3.63106394552909254e-04
1  3  5.14917108685811913e-04
1  4  5.84439253787178412e-04
1  5  4.86791129239962962e-06
2  0  7.27650347836699481e-04
2  1  3.63106394552909580e-04
2  2  3.63475399875636549e-04
2  3  5.43381069470676289e-04
2  4  5.13905716418938869e-04
2  5  5.65510158051093587e-05
3  0  1.27384681596202356e-03
3  1  5.14917108685812347e-04
3  2  5.43381069470676289e-04
3  3  9.78081676582712167e-04
3  4  7.65022698741169927e-04
3  5  2.19593485587731479e-04
4  0  1.94844881867907763e-03
4  1  5.84439253787178304e-04
4  2  5.13905716418938869e-04
4  3  7.65022698741169927e-04
4  4  2.10280074856577983e-03
4  5  -3.63664122321252228e-04
5  0  -1.27844150004286747e-04
5  1  4.86791129239973804e-06
5  2  5.65510158051091147e-05
5  3  2.19593485587731262e-04
5  4  -3.63664122321252824e-04
5  5  4.49164002760463199e-03
