numXbins 6
numYbins 6
xbin  ybin  z
0  0  3.79560289820450494e-07
0  1  2.41932699228267756e-08
0  2  -6.17824214791077278e-09
0  3  -5.92817247208087401e-09
0  4  7.27388499966660375e-07
0  5  -3.61533653762590762e-08
1  0  2.41932699228267624e-08
1  1  1.68001184229501033e-09
1  2  -3.12634469725871355e-10
1  3  -4.96773484023767486e-10
1  4  4.77476770459458908e-08
1  5  -4.18836406961592508e-09
2  0  -6.17824214791075872e-09
2  1  -3.12634469725872079e-10
2  2  1.48332121775412363e-10
2  3  2.65176974435333343e-11
2  4  -1.10256494794729139e-08
2  5  -5.20195407900012019e-10
3  0  -5.92817247208083596e-09
3  1  -4.96773484023765211e-10
3  2  2.65176974435327883e-11
3  3  1.95105044976033723e-10
3  4  -1.25537030072760932e-08
3  5  2.18885700158149582e-09
4  0  7.27388499966660057e-07
4  1  4.77476770459458908e-08
4  2  -1.10256494794729073e-08
4  3  -1.25537030072760137e-08
4  4  1.40784815655594211e-06
4  5  -8.81848389272792074e-08
5  0  -3.61533653762590299e-08
5  1  -4.18836406961592839e-09
5  2  -5.20195407900006126e-10
5  3  2.18885700158148300e-09
5  4  -8.81848389272790883e-08
5  5  2.91763513677898240e-08
