numXbins 6
numYbins 6
xbin  ybin  z
0  0  3.63668752774146185e-07
0  1  8.54474096853605615e-08
0  2  7.97960728597767218e-08
0  3  1.56652059208397205e-07
0  4  2.94131401924196061e-07
0  5  3.70381682731026305e-08
1  0  8.54474096853605350e-08
1  1  3.66429405995684402e-08
1  2  3.88374669377616657e-08
1  3  6.64185146982061793e-08
1  4  -3.41435048636397547e-08
1  5  -4.80946363398594479e-08
2  0  7.97960728597767748e-08
2  1  3.88374669377616856e-08
2  2  4.18687473135587241e-08
2  3  7.02802751522074759e-08
2  4  -6.06680461440105093e-08
2  5  -6.07465467097852628e-08
3  0  1.56652059208397416e-07
3  1  6.64185146982062455e-08
3  2  7.02802751522074892e-08
3  3  1.20408411508934886e-07
3  4  -5.78617380501133955e-08
3  5  -8.55685201556922221e-08
4  0  2.94131401924196220e-07
4  1  -3.41435048636397018e-08
4  2  -6.06680461440105490e-08
4  3  -5.78617380501134749e-08
4  4  8.81431308508362922e-07
4  5  3.83955046096597524e-07
5  0  3.70381682731026569e-08
5  1  -4.80946363398594413e-08
5  2  -6.07465467097851966e-08
5  3  -8.55685201556919309e-08
5  4  3.83955046096598053e-07
5  5  1.98499913459482802e-07
