numXbins 6
numYbins 6
xbin  ybin  z
0  0  9.10900244655337015e-06
0  1  -4.19612707002366831e-06
0  2  -4.49308388797510932e-06
0  3  -2.30147265719768831e-06
0  4  1.59298707817569420e-05
0  5  2.76470569081483679e-05
1  0  -4.19612707002366662e-06
1  1  1.93297592037069408e-06
1  2  2.06977120061629460e-06
1  3  1.06018982588379848e-06
1  4  -7.33820881062574377e-06
1  5  -1.27358143308724018e-05
2  0  -4.49308388797510763e-06
2  1  2.06977120061629545e-06
2  2  2.21624738195345405e-06
2  3  1.13521867793359340e-06
2  4  -7.85752843596167512e-06
2  5  -1.36371185179486290e-05
3  0  -2.30147265719768704e-06
3  1  1.06018982588379912e-06
3  2  1.13521867793359256e-06
3  3  5.81488085320775125e-07
3  4  -4.02482733449896703e-06
3  5  -6.98528141796334464e-06
4  0  1.59298707817569454e-05
4  1  -7.33820881062574462e-06
4  2  -7.85752843596167342e-06
4  3  -4.02482733449896449e-06
4  4  2.78582407472610276e-05
4  5  4.83493166926666189e-05
5  0  2.76470569081483611e-05
5  1  -1.27358143308724018e-05
5  2  -1.36371185179486256e-05
5  3  -6.98528141796334295e-06
5  4  4.83493166926666392e-05
5  5  8.39125645390082793e-05
