numXbins 6
numYbins 6
xbin  ybin  z
0  0  2.02921176595188143e-05
0  1  7.82826250973972523e-06
0  2  7.64086593803635198e-06
0  3  1.21668332498805390e-05
0  4  1.73413421556520494e-05
0  5  8.98168437971366094e-06
1  0  7.82826250973972693e-06
1  1  3.01997529038818401e-06
1  2  2.94768172392391182e-06
1  3  4.69370255930958050e-06
1  4  6.68991679150746731e-06
1  5  3.46494063772813153e-06
2  0  7.64086593803635876e-06
2  1  2.94768172392391351e-06
2  2  2.87711875431874824e-06
2  3  4.58134253470443072e-06
2  4  6.52977046655355546e-06
2  5  3.38199528480236193e-06
3  0  1.21668332498805491e-05
3  1  4.69370255930958305e-06
3  2  4.58134253470442902e-06
3  3  7.29504105062975213e-06
3  4  1.03975948630462360e-05
3  5  5.38527609511328910e-06
4  0  1.73413421556520561e-05
4  1  6.68991679150746477e-06
4  2  6.52977046655355292e-06
4  3  1.03975948630462343e-05
4  4  1.48196532666135842e-05
4  5  7.67561397859466576e-06
5  0  8.98168437971366433e-06
5  1  3.46494063772813407e-06
5  2  3.38199528480236320e-06
5  3  5.38527609511329248e-06
5  4  7.67561397859466237e-06
5  5  3.97546750173464104e-06
