numXbins 6
numYbins 6
xbin  ybin  z
0  0  6.07904025033567679e-05
0  1  2.14479690626221695e-05
0  2  1.96035179123844015e-05
0  3  2.81021452929430105e-05
0  4  5.22645652302639537e-05
0  5  -1.71839410745895378e-04
1  0  2.14479690626221729e-05
1  1  8.07048060914856908e-06
1  2  7.48120524855921118e-06
1  3  1.06571334546743640e-05
1  4  1.77195300501574701e-05
1  5  -6.11163200671370623e-05
2  0  1.96035179123844117e-05
2  1  7.48120524855921372e-06
2  2  6.99835342083467707e-06
2  3  1.01067328423308134e-05
2  4  1.58141286142209322e-05
2  5  -5.42216002777581049e-05
3  0  2.81021452929430173e-05
3  1  1.06571334546743657e-05
3  2  1.01067328423308117e-05
3  3  1.51300708483430012e-05
3  4  2.20300653183649179e-05
3  5  -7.11048385734417267e-05
4  0  5.22645652302639740e-05
4  1  1.77195300501574769e-05
4  2  1.58141286142209322e-05
4  3  2.20300653183649314e-05
4  4  4.96397565169929138e-05
4  5  -1.40432856460967346e-04
5  0  -1.71839410745895432e-04
5  1  -6.11163200671370759e-05
5  2  -5.42216002777580982e-05
5  3  -7.11048385734417402e-05
5  4  -1.40432856460967319e-04
5  5  7.04771486650555010e-04
