numXbins 6
numYbins 6
xbin  ybin  z
0  0  5.05699533448166809e-05
0  1  1.50991471723979992e-05
0  2  1.50741333063589528e-05
0  3  2.88116628016167720e-05
0  4  5.01742710638890718e-05
0  5  6.86195931409346716e-05
1  0  1.50991471723980043e-05
1  1  4.70668244845064105e-06
1  2  4.75595549575008060e-06
1  3  9.04393520190831158e-06
1  4  1.41646104520599192e-05
1  5  2.04171011437830474e-05
2  0  1.50741333063589545e-05
2  1  4.75595549575008060e-06
2  2  4.82835506253113121e-06
2  3  9.18962806813901233e-06
2  4  1.38640529708195605e-05
2  5  2.02600415626949014e-05
3  0  2.88116628016167754e-05
3  1  9.04393520190831158e-06
3  2  9.18962806813901402e-06
3  3  1.75635462685814908e-05
3  4  2.66112986331908688e-05
3  5  3.85380346626044816e-05
4  0  5.01742710638890854e-05
4  1  1.41646104520599158e-05
4  2  1.38640529708195554e-05
4  3  2.66112986331908823e-05
4  4  5.49746309968918959e-05
4  5  7.24401598596254872e-05
5  0  6.86195931409346580e-05
5  1  2.04171011437830474e-05
5  2  2.02600415626949014e-05
5  3  3.85380346626045222e-05
5  4  7.24401598596255007e-05
5  5  1.21460742614213523e-04
