numXbins 6
numYbins 6
xbin  ybin  z
0  0  6.23230783874890151e-07
0  1  3.41773353516911765e-08
0  2  -1.34092291723541100e-08
0  3  -4.95125105576225405e-09
0  4  1.13870229318808870e-06
0  5  1.64108815414949504e-08
1  0  3.41773353516911633e-08
1  1  1.87424992789900810e-09
1  2  -7.35348339794509308e-10
1  3  -2.71521516782412182e-10
1  4  6.24452628897123948e-08
1  5  8.99955869274178345e-10
2  0  -1.34092291723541629e-08
2  1  -7.35348339794507860e-10
2  2  2.88508577639200839e-10
2  3  1.06529494072464031e-10
2  4  -2.44999451302929836e-08
2  5  -3.53091145694165266e-10
3  0  -4.95125105576221269e-09
3  1  -2.71521516782418231e-10
3  2  1.06529494072458112e-10
3  3  3.93351670865374241e-11
3  4  -9.04640957606850545e-09
3  5  -1.30376092870626632e-10
4  0  1.13870229318808849e-06
4  1  6.24452628897124478e-08
4  2  -2.44999451302929141e-08
4  3  -9.04640957606842108e-09
4  4  2.08051807782990600e-06
4  5  2.99842513047136206e-08
5  0  1.64108815414949074e-08
5  1  8.99955869274164697e-10
5  2  -3.53091145694187031e-10
5  3  -1.30376092870642736e-10
5  4  2.99842513047136471e-08
5  5  4.32130504360723040e-10
