numXbins 6
numYbins 6
xbin  ybin  z
0  0  4.97564872519362027e-04
0  1  6.10087364017418681e-05
0  2  3.54669045002606488e-05
0  3  8.15257797343525004e-05
0  4  6.67963392178499461e-04
0  5  -6.60680077442465062e-04
1  0  6.10087364017418817e-05
1  1  3.97779653032487272e-05
1  2  3.82784359260842809e-05
1  3  4.65554173954744837e-05
1  4  5.48506294636917603e-05
1  5  -1.04986423567350858e-04
2  0  3.54669045002606624e-05
2  1  3.82784359260842809e-05
2  2  4.15310460084183879e-05
2  3  6.04107340650818312e-05
2  4  -5.38486572690532096e-06
2  5  -7.34393304824971485e-05
3  0  8.15257797343525140e-05
3  1  4.65554173954744837e-05
3  2  6.04107340650818312e-05
3  3  1.32824891629779017e-04
3  4  -3.92960807829496905e-05
3  5  -1.40497886580432773e-04
4  0  6.67963392178499461e-04
4  1  5.48506294636917603e-05
4  2  -5.38486572690532096e-06
4  3  -3.92960807829496905e-05
4  4  1.11190844808717391e-03
4  5  -8.38173221818439376e-04
5  0  -6.60680077442465062e-04
5  1  -1.04986423567350858e-04
5  2  -7.34393304824971485e-05
5  3  -1.40497886580432773e-04
5  4  -8.38173221818439376e-04
5  5  1.32352559251104011e-03
