numXbins 6
numYbins 6
xbin  ybin  z
0  0  4.25996661983452747e-04
0  1  8.13168427029213928e-05
0  2  6.28221802167292377e-05
0  3  1.12530094946162093e-04
0  4  5.59714865269746154e-04
0  5  -5.79808085443241799e-04
1  0  8.13168427029213928e-05
1  1  5.51006286181108978e-05
1  2  5.28370531445427783e-05
1  3  6.23819576864381660e-05
1  4  7.32284713106700274e-05
1  5  -1.64130136270581125e-04
2  0  6.28221802167292512e-05
2  1  5.28370531445427783e-05
2  2  5.43865596728743944e-05
2  3  7.32419961954411467e-05
2  4  2.62018000819430621e-05
2  5  -1.45935404967155192e-04
3  0  1.12530094946162093e-04
3  1  6.23819576864381660e-05
3  2  7.32419961954411467e-05
3  3  1.42201455706093117e-04
3  4  8.70682246145382698e-06
3  5  -2.33346393350802531e-04
4  0  5.59714865269746154e-04
4  1  7.32284713106700410e-05
4  2  2.62018000819430621e-05
4  3  8.70682246145381173e-06
4  4  9.49769655465392730e-04
4  5  -6.51042112349411355e-04
5  0  -5.79808085443241799e-04
5  1  -1.64130136270581125e-04
5  2  -1.45935404967155192e-04
5  3  -2.33346393350802531e-04
5  4  -6.51042112349411355e-04
5  5  1.35627711632650802e-03
