numXbins 6
numYbins 6
xbin  ybin  z
0  0  2.30509413668246601e-04
0  1  1.11496950821066905e-05
0  2  1.88066159981029859e-05
0  3  1.16773165402267866e-04
0  4  1.63820512319615917e-04
0  5  -5.92624584590317922e-04
1  0  1.11496950821066888e-05
1  1  5.39308562048019781e-07
1  2  9.09672323434501778e-07
1  3  5.64829508386820183e-06
1  4  7.92396601722749922e-06
1  5  -2.86651348037869761e-05
2  0  1.88066159981029859e-05
2  1  9.09672323434498390e-07
2  2  1.53437900722414382e-06
2  3  9.52719477116061588e-06
2  4  1.33656557395162143e-05
2  5  -4.83505762999591256e-05
3  0  1.16773165402267866e-04
3  1  5.64829508386819166e-06
3  2  9.52719477116060910e-06
3  3  5.91558146848204241e-05
3  4  8.29894080114003017e-05
3  5  -3.00216149685813671e-04
4  0  1.63820512319615917e-04
4  1  7.92396601722749752e-06
4  2  1.33656557395162093e-05
4  3  8.29894080114003017e-05
4  4  1.16425441501864050e-04
4  5  -4.21171793011935818e-04
5  0  -5.92624584590317814e-04
5  1  -2.86651348037869829e-05
5  2  -4.83505762999591730e-05
5  3  -3.00216149685813725e-04
5  4  -4.21171793011935818e-04
5  5  1.52359893972185429e-03
