numXbins 6
numYbins 6
xbin  ybin  z
0  0  3.22425449423226448e-05
0  1  5.01389684170785215e-06
0  2  3.90406521872223901e-06
0  3  8.89539258388485327e-06
0  4  3.98533380203418391e-05
0  5  -4.49472203559732230e-05
1  0  5.01389684170785130e-06
1  1  3.67244737956525792e-06
1  2  3.65626549460810149e-06
1  3  4.67979194500935163e-06
1  4  3.14701625238652081e-06
1  5  -1.08794141136444127e-05
2  0  3.90406521872223901e-06
2  1  3.65626549460810149e-06
2  2  3.93165433283834146e-06
2  3  5.74393514369016951e-06
2  4  -1.23319502502334096e-07
2  5  -9.98779796854421586e-06
3  0  8.89539258388485327e-06
3  1  4.67979194500935248e-06
3  2  5.74393514369016951e-06
3  3  1.20154232554709575e-05
3  4  -8.48703135240671243e-07
3  5  -1.89598536618990593e-05
4  0  3.98533380203418391e-05
4  1  3.14701625238652250e-06
4  2  -1.23319502502333116e-07
4  3  -8.48703135240673149e-07
4  4  6.70751800130376427e-05
4  5  -4.64866707423591986e-05
5  0  -4.49472203559732230e-05
5  1  -1.08794141136444144e-05
5  2  -9.98779796854421586e-06
5  3  -1.89598536618990593e-05
5  4  -4.64866707423591986e-05
5  5  1.12394049773889676e-04
