numXbins 6
numYbins 6
xbin  ybin  z
0  0  2.64402946684223316e-04
0  1  7.86199341558534073e-05
0  2  7.60526084137175284e-05
0  3  1.37402020892094434e-04
0  4  2.44026658518881837e-04
0  5  1.61768675845777468e-04
1  0  7.86199341558534073e-05
1  1  2.56076520288393483e-05
1  2  2.51372971371723466e-05
1  3  4.42367974610044458e-05
1  4  6.89121651809647249e-05
1  5  4.29057747055552438e-05
2  0  7.60526084137175148e-05
2  1  2.51372971371723568e-05
2  2  2.48592607377463626e-05
2  3  4.39782656062682599e-05
2  4  6.52695701127875197e-05
2  5  4.26859863814928306e-05
3  0  1.37402020892094515e-04
3  1  4.42367974610044661e-05
3  2  4.39782656062682599e-05
3  3  7.96269071351331231e-05
3  4  1.17577923850540871e-04
3  5  8.65585763146980384e-05
4  0  2.44026658518881891e-04
4  1  6.89121651809647114e-05
4  2  6.52695701127875604e-05
4  3  1.17577923850540762e-04
4  4  2.42137619918281031e-04
4  5  1.57849298986561501e-04
5  0  1.61768675845777522e-04
5  1  4.29057747055553048e-05
5  2  4.26859863814929390e-05
5  3  8.65585763146981604e-05
5  4  1.57849298986561582e-04
5  5  4.66675446921615818e-04
