numXbins 6
numYbins 6
xbin  ybin  z
0  0  6.91853539005885838e-07
0  1  1.42501922622286568e-07
0  2  1.02315619937221861e-07
0  3  1.44538406957769731e-07
0  4  1.02274273871201186e-06
0  5  -3.21608292630037854e-07
1  0  1.42501922622286594e-07
1  1  3.72959545194939461e-08
1  2  2.90371799156931481e-08
1  3  3.61634651544854923e-08
1  4  1.83586308021975680e-07
1  5  -1.24068842671554197e-07
2  0  1.02315619937221848e-07
2  1  2.90371799156931382e-08
2  2  2.31126689500987482e-08
2  3  2.77827977702762835e-08
2  4  1.24117456212555863e-07
2  5  -1.05522503418741294e-07
3  0  1.44538406957769731e-07
3  1  3.61634651544854790e-08
3  2  2.77827977702762968e-08
3  3  3.53401346726722545e-08
3  4  1.91884608024093066e-07
3  5  -1.13719349375306478e-07
4  0  1.02274273871201186e-06
4  1  1.83586308021975654e-07
4  2  1.24117456212555810e-07
4  3  1.91884608024092960e-07
4  4  1.60411579006905279e-06
4  5  -2.78393126699048725e-07
5  0  -3.21608292630037854e-07
5  1  -1.24068842671554144e-07
5  2  -1.05522503418741334e-07
5  3  -1.13719349375306451e-07
5  4  -2.78393126699048725e-07
5  5  5.70403546553168972e-07
