numXbins 6
numYbins 6
xbin  ybin  z
0  0  4.71166623972893550e+00
0  1  -2.95232744201803543e+00
0  2  6.15732592827924030e-01
0  3  6.44975671523157246e+00
0  4  -9.61932867704710759e+00
0  5  -2.66465508645524913e+01
1  0  1.09969529962336887e+00
1  1  1.59251462084408191e+00
1  2  1.50974818567763380e+00
1  3  -2.06342671139610090e+00
1  4  -1.20622291862043163e+00
1  5  -1.17671531480416753e+01
2  0  9.66767527654457393e-01
2  1  1.49560457476055486e+00
2  2  2.66740097263958553e+00
2  3  -2.74843119793003821e+00
2  4  -1.64553234096911671e+00
2  5  -9.65360721876196592e+00
3  0  1.72775474608972623e+00
3  1  5.33688640510443513e-02
3  2  7.18754242718958558e+00
3  3  -3.08212329274796293e+00
3  4  -6.19277326341098266e+00
3  5  -8.33207733269961182e+00
4  0  4.14481627358451288e+00
4  1  -2.60817825614827514e+00
4  2  -7.10782190189652141e+00
4  3  1.58912104014372293e+01
4  4  -7.69660291117140360e+00
4  5  -4.08691545204340514e+01
5  0  -5.69522481767301425e+00
5  1  1.83433571113061733e+00
5  2  4.33636519499452078e+00
5  3  3.70980489147380688e+00
5  4  3.59993169731179847e+01
5  5  4.00103878687911134e+01
