numXbins 6
numYbins 6
xbin  ybin  z
0  0  4.72446602650274627e+00
0  1  -4.06650150297652946e+00
0  2  -5.65149528651158306e-01
0  3  9.45968608180366743e+00
0  4  -1.17255211681470026e+01
0  5  -2.17103909487053315e+01
1  0  1.12574805047128557e+00
1  1  1.14074171460563578e+00
1  2  1.17677258185575040e+00
1  3  -1.35836983567230796e+00
1  4  -1.48609076947710284e+00
1  5  -9.86920533592932081e+00
2  0  1.00123533302312206e+00
2  1  1.05722569759564911e+00
2  2  2.43830178181047508e+00
2  3  -2.33312361611439645e+00
2  4  -1.67134247087932808e+00
2  5  -7.85682626489016123e+00
3  0  1.80181938082184634e+00
3  1  -5.98370161147816160e-01
3  2  6.99576252347233396e+00
3  3  -2.99785383618090151e+00
3  4  -5.78017367137864113e+00
3  5  -5.68658445775679233e+00
4  0  4.32385117379709705e+00
4  1  -3.59510771320838307e+00
4  2  -9.04177143371835257e+00
4  3  1.89539645293987320e+01
4  4  -1.02638616443370232e+01
4  5  -3.45923995957165218e+01
5  0  -5.46529874724664921e+00
5  1  4.04405355254821242e+00
5  2  7.11596316548549979e+00
5  3  -3.83541151592191243e+00
5  4  3.73064595955434655e+01
5  5  2.94680414332499616e+01
