numXbins 5
numYbins 5
xbin  ybin  z
0  0  2.53869801992550492e-01
0  1  4.43624819163233042e-02
0  2  -1.51919847121462226e-02
0  3  2.04858861688990146e-01
0  4  1.75630607409402728e-02
1  0  -1.38948260282631963e-02
1  1  1.09957419335842133e-01
1  2  1.49637681199237704e-01
1  3  1.48927376314532012e-01
1  4  -6.76321959326742217e-02
2  0  -1.23426477250177413e-01
2  1  2.06908588530495763e-01
2  2  3.85755651921499521e-01
2  3  4.12005598074756563e-01
2  4  -2.21398388617672026e-01
3  0  -8.00329226185567677e-02
3  1  4.33942293748259544e-02
3  2  3.05326980655081570e-01
3  3  7.50176059547811747e-01
3  4  -3.38582726079039276e-01
4  0  2.60611150762997568e-01
4  1  2.33139180578291416e-01
4  2  1.09745751367881894e-01
4  3  3.96880306070670485e-02
4  4  8.95473877899348736e-02
