numXbins 5
numYbins 5
xbin  ybin  z
0  0  2.15604856967455468e-06
0  1  6.31084981295960009e-07
0  2  1.50070203315298765e-06
0  3  3.85922966777911317e-06
0  4  9.61464140384395586e-07
1  0  6.31084981295960009e-07
1  1  1.35719044569577390e-06
1  2  3.66055838629911293e-06
1  3  4.74487781778584793e-06
1  4  4.69177798812814169e-07
2  0  1.50070203315298765e-06
2  1  3.66055838629911293e-06
2  2  1.01006855120011406e-05
2  3  1.34634981347078563e-05
2  4  6.71350849499246562e-07
3  0  3.85922966777911317e-06
3  1  4.74487781778584793e-06
3  2  1.34634981347078563e-05
3  3  2.16027943468889802e-05
3  4  1.29968981632025652e-07
4  0  9.61464140384395586e-07
4  1  4.69177798812814169e-07
4  2  6.71350849499246562e-07
4  3  1.29968981632025546e-07
4  4  1.78832855994054373e-06
