numXbins 5
numYbins 5
xbin  ybin  z
0  0  2.40437183527093651e-05
0  1  6.50092208409157691e-06
0  2  1.50922259871143050e-05
0  3  4.06068633430446146e-05
0  4  1.11120577585469276e-05
1  0  6.50092208409157437e-06
1  1  1.48610286223592728e-05
1  2  4.00404396333867252e-05
1  3  5.11245757726873340e-05
1  4  5.28109184483907485e-06
2  0  1.50922259871143050e-05
2  1  4.00404396333867252e-05
2  2  1.10387081139034929e-04
2  3  1.44845257509211898e-04
2  4  7.63321392342846890e-06
3  0  4.06068633430446146e-05
3  1  5.11245757726873408e-05
3  2  1.44845257509211898e-04
3  3  2.30344092220378417e-04
3  4  2.01188955650961396e-06
4  0  1.11120577585469276e-05
4  1  5.28109184483907485e-06
4  2  7.63321392342846551e-06
4  3  2.01188955650961396e-06
4  4  2.00795987698294054e-05
