numXbins 5
numYbins 5
xbin  ybin  z
0  0  2.27575819911356168e-06
0  1  7.07912347857435711e-07
0  2  1.71379117967249195e-06
0  3  4.26857458390989116e-06
0  4  9.81191109542682005e-07
1  0  7.07912347857435605e-07
1  1  1.43914960125509408e-06
1  2  3.89797004023745674e-06
1  3  5.15561282491696670e-06
1  4  4.56910336565093142e-07
2  0  1.71379117967249152e-06
2  1  3.89797004023745674e-06
2  2  1.07924379604715397e-05
2  3  1.46576209615633804e-05
2  4  6.23905022310918347e-07
3  0  4.26857458390989116e-06
3  1  5.15561282491696670e-06
3  2  1.46576209615633804e-05
3  3  2.37129139756500148e-05
3  4  5.98142298539980254e-08
4  0  9.81191109542682005e-07
4  1  4.56910336565093247e-07
4  2  6.23905022310918347e-07
4  3  5.98142298539982636e-08
4  4  1.82602762143298302e-06
