numXbins 5
numYbins 5
xbin  ybin  z
0  0  2.62864319197639319e-07
0  1  4.06723097691749193e-07
0  2  9.83061270398159977e-07
0  3  1.03557268589575280e-06
0  4  4.47654361908502187e-07
1  0  4.06723097691749245e-07
1  1  6.29398302853217922e-07
1  2  1.52124966139679722e-06
1  3  1.60236244093498040e-06
1  4  6.92789211094278785e-07
2  0  9.83061270398159977e-07
2  1  1.52124966139679722e-06
2  2  3.67685246102842063e-06
2  3  3.87294223755765475e-06
2  4  1.67445093257815664e-06
3  0  1.03557268589575259e-06
3  1  1.60236244093498019e-06
3  2  3.87294223755765390e-06
3  3  4.07973882119314997e-06
3  4  1.76364681800963346e-06
4  0  4.47654361908502081e-07
4  1  6.92789211094278785e-07
4  2  1.67445093257815664e-06
4  3  1.76364681800963324e-06
4  4  7.62594021472570298e-07
