numXbins 5
numYbins 5
xbin  ybin  z
0  0  6.04725829127765463e-05
0  1  -2.03314512662583858e-05
0  2  -5.82470441352498167e-05
0  3  7.66729405722045238e-06
0  4  1.04386184315128149e-05
1  0  -2.03314512662584502e-05
1  1  8.67181551375042077e-06
1  2  1.97095453380983387e-05
1  3  -1.77505397242710381e-05
1  4  9.70063013868178252e-06
2  0  -5.82470441352499386e-05
2  1  1.97095453380982133e-05
2  2  5.61416530959463929e-05
2  3  -8.62524793011335930e-06
2  4  -8.97890636868019534e-06
3  0  7.66729405722045238e-06
3  1  -1.77505397242711634e-05
3  2  -8.62524793011385566e-06
3  3  1.28247789935768063e-04
3  4  -1.09539296338600031e-04
4  0  1.04386184315129385e-05
4  1  9.70063013868171984e-06
4  2  -8.97890636868019534e-06
4  3  -1.09539296338600031e-04
4  4  9.83789541370867483e-05
