numXbins 5
numYbins 5
xbin  ybin  z
0  0  3.86865499114962436e-08
0  1  -1.67877163472466128e-08
0  2  -6.46242348520908443e-08
0  3  -7.97959299494780245e-08
0  4  5.24320704320655623e-08
1  0  -1.67877163472466161e-08
1  1  7.31773367902918979e-09
1  2  2.81088270344265936e-08
1  3  3.46422940882345961e-08
1  4  -2.26976290973671718e-08
2  0  -6.46242348520908443e-08
2  1  2.81088270344266002e-08
2  2  1.08083321169401576e-07
2  3  1.33326683579281228e-07
2  4  -8.74758811553734244e-08
3  0  -7.97959299494780113e-08
3  1  3.46422940882345961e-08
3  2  1.33326683579281255e-07
3  3  1.64596565228508404e-07
3  4  -1.08121938344554547e-07
4  0  5.24320704320655557e-08
4  1  -2.26976290973671718e-08
4  2  -8.74758811553734112e-08
4  3  -1.08121938344554561e-07
4  4  7.11530378311448497e-08
