numXbins 5
numYbins 5
xbin  ybin  z
0  0  7.44735903793505254e-08
0  1  -2.02181670016387835e-08
0  2  -8.78109908390487433e-08
0  3  -1.07884432844751220e-07
0  4  8.24797531813402369e-08
1  0  -2.02181670016387868e-08
1  1  5.48884879625056415e-09
1  2  2.38390182119583269e-08
1  3  2.92885769172887870e-08
1  4  -2.23916883230684406e-08
2  0  -8.78109908390487565e-08
2  1  2.38390182119583302e-08
2  2  1.03536972943814059e-07
2  3  1.27205347505753521e-07
2  4  -9.72509692915497415e-08
3  0  -1.07884432844751233e-07
3  1  2.92885769172887837e-08
3  2  1.27205347505753521e-07
3  3  1.56284271927096859e-07
3  4  -1.19482374192223848e-07
4  0  8.24797531813402369e-08
4  1  -2.23916883230684406e-08
4  2  -9.72509692915497150e-08
4  3  -1.19482374192223822e-07
4  4  9.13466055577879913e-08
