numXbins 5
numYbins 5
xbin  ybin  z
0  0  1.15789705964507105e-06
0  1  1.00695101852633382e-06
0  2  2.32702054962537990e-06
0  3  2.81989331649827708e-06
0  4  1.57313526779881533e-06
1  0  1.00695101852633382e-06
1  1  8.75682639717580645e-07
1  2  2.02366496491082105e-06
1  3  2.45228573950600419e-06
1  4  1.36805784848894687e-06
2  0  2.32702054962537990e-06
2  1  2.02366496491082063e-06
2  2  4.67660280615849135e-06
2  3  5.66712700458379421e-06
2  4  3.16152292210706884e-06
3  0  2.81989331649827708e-06
3  1  2.45228573950600377e-06
3  2  5.66712700458379421e-06
3  3  6.86744840587910906e-06
3  4  3.83114681107609926e-06
4  0  1.57313526779881512e-06
4  1  1.36805784848894687e-06
4  2  3.16152292210706884e-06
4  3  3.83114681107609926e-06
4  4  2.13728375089840336e-06
