numXbins 5
numYbins 5
xbin  ybin  z
0  0  6.27845961353398570e-08
0  1  -9.41577188300309756e-09
0  2  -5.77812708047922808e-08
0  3  -8.39071272066443902e-08
0  4  7.84248304200783747e-08
1  0  -9.41577188300309260e-09
1  1  2.76323936386034904e-09
1  2  1.15429508142781932e-08
1  3  1.38311061100834580e-08
1  4  -1.01867255860168119e-08
2  0  -5.77812708047922676e-08
2  1  1.15429508142781999e-08
2  2  5.93048354105846208e-08
2  3  7.98775137035403672e-08
2  4  -6.88217460831407812e-08
3  0  -8.39071272066443770e-08
3  1  1.38311061100834647e-08
3  2  7.98775137035403540e-08
3  3  1.13287856732973630e-07
3  4  -1.03355266694788913e-07
4  0  7.84248304200783747e-08
4  1  -1.01867255860168152e-08
4  2  -6.88217460831407812e-08
4  3  -1.03355266694788913e-07
4  4  9.97961916426365720e-08
