numXbins 5
numYbins 5
xbin  ybin  z
0  0  1.19709629439006941e-07
0  1  7.68273665614757022e-08
0  2  2.13089146519504348e-07
0  3  4.09344916130777841e-07
0  4  1.97269691582867892e-08
1  0  7.68273665614757022e-08
1  1  8.19591555593198691e-08
1  2  2.37411653938343516e-07
1  3  4.10735007131118454e-07
1  4  -1.22674622477210422e-08
2  0  2.13089146519504348e-07
2  1  2.37411653938343516e-07
2  2  6.91752448470397811e-07
2  3  1.19412282685552163e-06
2  4  -4.74458271883281421e-08
3  0  4.09344916130777788e-07
3  1  4.10735007131118454e-07
3  2  1.19412282685552163e-06
3  3  2.11011962876103493e-06
3  4  -7.01547517780274149e-08
4  0  1.97269691582867859e-08
4  1  -1.22674622477210372e-08
4  2  -4.74458271883281421e-08
4  3  -7.01547517780273885e-08
4  4  3.76990614924393413e-08
