numXbins 5
numYbins 5
xbin  ybin  z
0  0  1.46185508933513253e-05
0  1  9.17023696241973524e-06
0  2  1.65276910880987954e-05
0  3  1.27966321994253300e-05
0  4  2.31264890519536462e-05
1  0  9.17023696241973524e-06
1  1  9.24601185894785581e-06
1  2  2.03808489185508640e-05
1  3  2.08273638804144533e-05
1  4  1.49349881317594010e-05
2  0  1.65276910880987954e-05
2  1  2.03808489185508674e-05
2  2  4.82732829241831084e-05
2  3  5.43942345905962447e-05
2  4  2.61518283613884391e-05
3  0  1.27966321994253266e-05
3  1  2.08273638804144533e-05
3  2  5.43942345905962379e-05
3  3  6.99156738495399529e-05
3  4  1.73584385188518313e-05
4  0  2.31264890519536462e-05
4  1  1.49349881317594044e-05
4  2  2.61518283613884391e-05
4  3  1.73584385188518279e-05
4  4  3.83165557506677862e-05
