numXbins 5
numYbins 5
xbin  ybin  z
0  0  1.52496152899504864e-04
0  1  4.84703876003088655e-05
0  2  1.21470012497913675e-04
0  3  2.67450536865938122e-04
0  4  1.19964426417200261e-04
1  0  4.84703876003088588e-05
1  1  3.49949747389057713e-05
1  2  8.12218431604009824e-05
1  3  1.07602175980584208e-04
1  4  5.90294351132981276e-05
2  0  1.21470012497913702e-04
2  1  8.12218431604010230e-05
2  2  1.94851977842615428e-04
2  3  2.81916523833624375e-04
2  4  1.33575714710450335e-04
3  0  2.67450536865938122e-04
3  1  1.07602175980584276e-04
3  2  2.81916523833624429e-04
3  3  5.67452426626567055e-04
3  4  2.07169601004881057e-04
4  0  1.19964426417200275e-04
4  1  5.90294351132981276e-05
4  2  1.33575714710450335e-04
4  3  2.07169601004881057e-04
4  4  1.27004384805388894e-04
