numXbins 5
numYbins 5
xbin  ybin  z
0  0  3.34930573700103911e-06
0  1  3.47338026032287028e-08
0  2  -1.30492759687266558e-06
0  3  -1.60429528005994014e-06
0  4  3.90089788428728790e-06
1  0  3.47338026032286300e-08
1  1  3.35156285733890194e-09
1  2  -5.15376788904157807e-09
1  3  -6.34630898216244180e-09
1  4  4.10609800412436222e-08
2  0  -1.30492759687266622e-06
2  1  -5.15376788904155739e-09
2  2  5.31884319895239199e-07
2  3  6.53877064971725005e-07
2  4  -1.51813416253404894e-06
3  0  -1.60429528005994036e-06
3  1  -6.34630898216241533e-09
3  2  6.53877064971724793e-07
3  3  8.03850043666659596e-07
3  4  -1.86641632639836443e-06
4  0  3.90089788428728790e-06
4  1  4.10609800412435428e-08
4  2  -1.51813416253404957e-06
4  3  -1.86641632639836443e-06
4  4  4.54345405496018996e-06
