numXbins 5
numYbins 5
xbin  ybin  z
0  0  5.59119924352088861e-04
0  1  4.04425676606019724e-04
0  2  9.32859325381563023e-04
0  3  1.22344193100421147e-03
0  4  6.13660943244083998e-04
1  0  4.04425676606019724e-04
1  1  3.48781460704337628e-04
1  2  8.07580270701083853e-04
1  3  9.65605255447783716e-04
1  4  5.10826607411408204e-04
2  0  9.32859325381563131e-04
2  1  8.07580270701084070e-04
2  2  1.87661876440624277e-03
2  3  2.25940725771530239e-03
2  4  1.16476032715838798e-03
3  0  1.22344193100421103e-03
3  1  9.65605255447783716e-04
3  2  2.25940725771530153e-03
3  3  2.91251698866394583e-03
3  4  1.36395068752826983e-03
4  0  6.13660943244083998e-04
4  1  5.10826607411408204e-04
4  2  1.16476032715838798e-03
4  3  1.36395068752826983e-03
4  4  8.00091819064085389e-04
