numXbins 5
numYbins 5
xbin  ybin  z
0  0  4.88765871914049533e-06
0  1  3.72559075679222895e-06
0  2  8.79145798204427596e-06
0  3  1.17542678416180028e-05
0  4  5.11994251507280762e-06
1  0  3.72559075679222853e-06
1  1  3.11752324132057374e-06
1  2  7.52469982972043820e-06
1  3  1.00412732840876111e-05
1  4  3.80927137960976350e-06
2  0  8.79145798204427766e-06
2  1  7.52469982972043651e-06
2  2  1.83002672723102417e-05
2  3  2.45294470888439454e-05
2  4  8.82249992436436812e-06
3  0  1.17542678416180045e-05
3  1  1.00412732840876094e-05
3  2  2.45294470888439386e-05
3  3  3.32010105340190605e-05
3  4  1.15076073005989984e-05
4  0  5.11994251507280677e-06
4  1  3.80927137960976265e-06
4  2  8.82249992436436981e-06
4  3  1.15076073005989984e-05
4  4  5.66556024989430133e-06
