numXbins 5
numYbins 5
xbin  ybin  z
0  0  4.19294387677165680e-05
0  1  4.05576546299600671e-05
0  2  9.49223869085351958e-05
0  3  1.10008610136275224e-04
0  4  5.59469578679288305e-05
1  0  4.05576546299600603e-05
1  1  4.03185235121183085e-05
1  2  9.47637449713435254e-05
1  3  1.09517090865483488e-04
1  4  5.44676090923396945e-05
2  0  9.49223869085352094e-05
2  1  9.47637449713435254e-05
2  2  2.23364533627389656e-04
2  3  2.59507523285383850e-04
2  4  1.26359168042764858e-04
3  0  1.10008610136275224e-04
3  1  1.09517090865483488e-04
3  2  2.59507523285383796e-04
3  3  3.06071258483117821e-04
3  4  1.42552927906263057e-04
4  0  5.59469578679288305e-05
4  1  5.44676090923396810e-05
4  2  1.26359168042764858e-04
4  3  1.42552927906263084e-04
4  4  7.79652353281984865e-05
