numXbins 5
numYbins 5
xbin  ybin  z
0  0  7.72228795153805287e-06
0  1  5.26068158735434745e-06
0  2  1.24617624172434570e-05
0  3  1.66408215131588843e-05
0  4  9.29403809885448451e-06
1  0  5.26068158735434491e-06
1  1  3.58375276047780626e-06
1  2  8.48937057330527011e-06
1  3  1.13362858109026053e-05
1  4  6.33141051015528090e-06
2  0  1.24617624172434620e-05
2  1  8.48937057330527011e-06
2  2  2.01100403816062202e-05
2  3  2.68539538315761601e-05
2  4  1.49981579826566226e-05
3  0  1.66408215131588877e-05
3  1  1.13362858109026104e-05
3  2  2.68539538315761838e-05
3  3  3.58594424826722441e-05
3  4  2.00277987702766269e-05
4  0  9.29403809885448282e-06
4  1  6.33141051015528344e-06
4  2  1.49981579826566327e-05
4  3  2.00277987702766438e-05
4  4  1.11856932459705120e-05
