numXbins 5
numYbins 5
xbin  ybin  z
0  0  5.83163642704798276e-04
0  1  4.10926598690111310e-04
0  2  9.47951551368677323e-04
0  3  1.26404879434725576e-03
0  4  6.24773001002630938e-04
1  0  4.10926598690111256e-04
1  1  3.63642489326696850e-04
1  2  8.47620710334470707e-04
1  3  1.01672983122047078e-03
1  4  5.16107699256247439e-04
2  0  9.47951551368677215e-04
2  1  8.47620710334470598e-04
2  2  1.98700584554527791e-03
2  3  2.40425251522451361e-03
2  4  1.17239354108181703e-03
3  0  1.26404879434725576e-03
3  1  1.01672983122047100e-03
3  2  2.40425251522451361e-03
3  3  3.14286108088432338e-03
3  4  1.36596257708478000e-03
4  0  6.24773001002630938e-04
4  1  5.16107699256247330e-04
4  2  1.17239354108181681e-03
4  3  1.36596257708477935e-03
4  4  8.20171417833914784e-04
