numXbins 5
numYbins 5
xbin  ybin  z
0  0  5.54411251405566729e-06
0  1  6.27365711113899188e-06
0  2  1.47978030062563640e-05
0  3  1.61213042757194381e-05
0  4  8.30929199675033099e-06
1  0  6.27365711113899188e-06
1  1  7.14804069850542714e-06
1  2  1.68797139172600653e-05
1  3  1.83953136776351962e-05
1  4  9.40860293678337129e-06
2  0  1.47978030062563589e-05
2  1  1.68797139172600653e-05
2  2  3.98682574895379771e-05
2  3  4.34502908854286855e-05
2  4  2.21946170907259928e-05
3  0  1.61213042757194381e-05
3  1  1.83953136776351894e-05
3  2  4.34502908854286787e-05
3  3  4.73548631106112899e-05
3  4  2.41803942445951021e-05
4  0  8.30929199675033268e-06
4  1  9.40860293678337129e-06
4  2  2.21946170907259962e-05
4  3  2.41803942445951089e-05
4  4  1.24543438619517399e-05
