numXbins 5
numYbins 5
xbin  ybin  z
0  0  9.30086332575186902e-08
0  1  1.11363967281141594e-07
0  2  3.02752152740618192e-07
0  3  4.50534124968900371e-07
0  4  4.16881366495180586e-08
1  0  1.11363967281141607e-07
1  1  1.99772891885922612e-07
1  2  5.61882187533056301e-07
1  3  8.16273545420350779e-07
1  4  1.55989875121388198e-08
2  0  3.02752152740618298e-07
2  1  5.61882187533056301e-07
2  2  1.58389730890510909e-06
2  3  2.29737827599315109e-06
2  4  3.27043701897903431e-08
3  0  4.50534124968900530e-07
3  1  8.16273545420350673e-07
3  2  2.29737827599315109e-06
3  3  3.33595457659951328e-06
3  4  5.89374011780074934e-08
4  0  4.16881366495180586e-08
4  1  1.55989875121388198e-08
4  2  3.27043701897903497e-08
4  3  5.89374011780075265e-08
4  4  3.64121612669260788e-08
