numXbins 5
numYbins 5
xbin  ybin  z
0  0  4.85378135328047827e-04
0  1  4.20028441922946070e-04
0  2  9.86819432022460231e-04
0  3  1.21568195177043539e-03
0  4  5.81159087321099282e-04
1  0  4.20028441922946070e-04
1  1  3.63477213296762376e-04
1  2  8.53957354736511890e-04
1  3  1.05200658808183374e-03
1  4  5.02913765969006553e-04
2  0  9.86819432022460231e-04
2  1  8.53957354736511890e-04
2  2  2.00629678293804759e-03
2  3  2.47159582570660166e-03
2  4  1.18155112215199650e-03
3  0  1.21568195177043539e-03
3  1  1.05200658808183374e-03
3  2  2.47159582570660166e-03
3  3  3.04480671932519896e-03
3  4  1.45557568860439222e-03
4  0  5.81159087321099282e-04
4  1  5.02913765969006553e-04
4  2  1.18155112215199650e-03
4  3  1.45557568860439222e-03
4  4  6.95840748054347502e-04
