numXbins 5
numYbins 5
xbin  ybin  z
0  0  2.81805296017502105e+00
0  1  1.09086923643834766e-01
0  2  -2.15085239617639812e-01
0  3  1.53884242707348351e+00
0  4  5.32821369942390710e-01
1  0  -4.02804583499729807e-01
1  1  1.38262731640176328e+00
1  2  1.11963408252707208e+00
1  3  1.31553124399447796e+00
1  4  -6.98581600706607020e-01
2  0  -1.78645893360698071e+00
2  1  2.33501469318878385e+00
2  2  2.94061175958643783e+00
2  3  3.97007356424036617e+00
2  4  -2.54615984353199742e+00
3  0  -9.71200963729173639e-01
3  1  -5.97120998627115429e-01
3  2  2.83523384682279245e+00
3  3  7.11157031089288338e+00
3  4  -4.00231693974450931e+00
4  0  2.49824660601631487e+00
4  1  2.37775098631793513e+00
4  2  4.19365166314470961e-01
4  3  7.87251993543467643e-01
4  4  9.74415349816038390e-01
