numXbins 4
numYbins 4
xbin  ybin  z
0  0  2.72075932847005276e-05
0  1  1.91084303790027038e-05
0  2  1.58254124006393322e-05
0  3  1.16576029865368245e-05
1  0  1.91084303790026936e-05
1  1  1.34202282329218655e-05
1  2  1.11144998351128989e-05
1  3  8.18736492872948044e-06
2  0  1.58254124006393254e-05
2  1  1.11144998351128972e-05
2  2  9.20491845896343348e-06
2  3  6.78069437948453099e-06
3  0  1.16576029865368245e-05
3  1  8.18736492872948213e-06
3  2  6.78069437948453099e-06
3  3  4.99491836597439520e-06
