numXbins 4
numYbins 4
xbin  ybin  z
0  0  1.85808047185441928e-05
0  1  9.95666416671528346e-06
0  2  6.27349941328160758e-06
0  3  2.63302567539135431e-06
1  0  9.95666416671528855e-06
1  1  2.08569737010724905e-05
1  2  2.05859801473589734e-05
1  3  1.25098470642593078e-05
2  0  6.27349941328160250e-06
2  1  2.05859801473589768e-05
2  2  2.19039115551008487e-05
2  3  1.33680295330748159e-05
3  0  2.63302567539135558e-06
3  1  1.25098470642593078e-05
3  2  1.33680295330748159e-05
3  3  9.25392740747690203e-06
