numXbins 4
numYbins 4
xbin  ybin  z
0  0  1.16226648755706377e-04
0  1  -6.71358903239903087e-06
0  2  -1.66247702878155631e-05
0  3  3.29585066222781920e-05
1  0  -6.71358903239903595e-06
1  1  4.00545988335549271e-07
1  2  9.74484706003813289e-07
1  3  -1.83545155427897524e-06
2  0  -1.66247702878155665e-05
2  1  9.74484706003814559e-07
2  2  2.39375812345941212e-06
2  3  -4.63825740284884939e-06
3  0  3.29585066222781988e-05
3  1  -1.83545155427897672e-06
3  2  -4.63825740284884939e-06
3  3  9.71225807389213238e-06
