numXbins 4
numYbins 4
xbin  ybin  z
0  0  3.56587861707304205e-04
0  1  1.76161742277162054e-04
0  2  1.12355681877495173e-04
0  3  1.17386808850484519e-04
1  0  1.76161742277162000e-04
1  1  1.04258673334502918e-04
1  2  7.20021207820543540e-05
1  3  6.87342035993073857e-05
2  0  1.12355681877495105e-04
2  1  7.20021207820543540e-05
2  2  5.36979776411788726e-05
2  3  4.61962802842605052e-05
3  0  1.17386808850484438e-04
3  1  6.87342035993073586e-05
3  2  4.61962802842605255e-05
3  3  6.01757574649448040e-05
