numXbins 4
numYbins 4
xbin  ybin  z
0  0  4.85292367372720313e-04
0  1  -4.95465720320999341e-05
0  2  -3.88902262574395980e-05
0  3  -1.09255307494849824e-04
1  0  -4.95465720320999341e-05
1  1  1.55300988701427892e-04
1  2  1.69091096520996149e-04
1  3  1.69503201859076606e-06
2  0  -3.88902262574395913e-05
2  1  1.69091096520996149e-04
2  2  2.43779405020393754e-04
2  3  -3.69025348622833731e-06
3  0  -1.09255307494849824e-04
3  1  1.69503201859076204e-06
3  2  -3.69025348622833731e-06
3  3  5.84990001124793450e-05
