numXbins 4
numYbins 4
xbin  ybin  z
0  0  1.87134263984758831e-05
0  1  1.42887259113766135e-05
0  2  2.39220747985107680e-05
0  3  -4.67586015500220650e-06
1  0  1.42887259113766152e-05
1  1  1.09102247671262358e-05
1  2  1.82658142207035710e-05
1  3  -3.57027530565941857e-06
2  0  2.39220747985107646e-05
2  1  1.82658142207035710e-05
2  2  3.05804853948153673e-05
2  3  -5.97732740084675830e-06
3  0  -4.67586015500220734e-06
3  1  -3.57027530565941857e-06
3  2  -5.97732740084675830e-06
3  3  1.16834126063188241e-06
