numXbins 4
numYbins 4
xbin  ybin  z
0  0  1.14203772756859398e-05
0  1  -3.99706336743956607e-06
0  2  -1.80731277476828930e-05
0  3  -9.27625010805121869e-06
1  0  -3.99706336743956776e-06
1  1  1.39894814134919176e-06
1  2  6.32548602480210458e-06
1  3  3.24663175296648741e-06
2  0  -1.80731277476828896e-05
2  1  6.32548602480210882e-06
2  2  2.86013271452493764e-05
2  3  1.46799750284254415e-05
3  0  -9.27625010805122039e-06
3  1  3.24663175296648741e-06
3  2  1.46799750284254448e-05
3  3  7.53467367932921118e-06
