numXbins 4
numYbins 4
xbin  ybin  z
0  0  4.28423105462633937e-03
0  1  1.77339067135340984e-03
0  2  1.17264249044420565e-03
0  3  6.88055418890681715e-04
1  0  1.77339067135340962e-03
1  1  1.60340729763356975e-03
1  2  1.32166196580799371e-03
1  3  7.40396090603319596e-04
2  0  1.17264249044420608e-03
2  1  1.32166196580799371e-03
2  2  1.54428386639533267e-03
2  3  9.34639148479586286e-04
3  0  6.88055418890681932e-04
3  1  7.40396090603319488e-04
3  2  9.34639148479585744e-04
3  3  1.02296626267247073e-03
