numXbins 4
numYbins 4
xbin  ybin  z
0  0  2.50482499350396019e-05
0  1  -3.21003789447988470e-05
0  2  1.76268544506852720e-05
0  3  4.36258049752870331e-05
1  0  -3.21003789447988334e-05
1  1  4.11379769473725439e-05
1  2  -2.25895505250560402e-05
1  3  -5.59082920008555298e-05
2  0  1.76268544506852652e-05
2  1  -2.25895505250561080e-05
2  2  1.24042996469386808e-05
2  3  3.07001773212763155e-05
3  0  4.36258049752870196e-05
3  1  -5.59082920008555231e-05
3  2  3.07001773212763155e-05
3  3  7.59817897329188879e-05
