numXbins 4
numYbins 4
xbin  ybin  z
0  0  2.19898743949247140e-03
0  1  1.49050781033730840e-03
0  2  1.17251392480145896e-03
0  3  8.48306284734489085e-04
1  0  1.49050781033730774e-03
1  1  1.02337202265171301e-03
1  2  8.08984131535090008e-04
1  3  5.81406196939559519e-04
2  0  1.17251392480145918e-03
2  1  8.08984131535090659e-04
2  2  6.42571952318105218e-04
2  3  4.58273711176192949e-04
3  0  8.48306284734489085e-04
3  1  5.81406196939559410e-04
3  2  4.58273711176193004e-04
3  3  3.33893166226484437e-04
