numXbins 4
numYbins 4
xbin  ybin  z
0  0  4.83115671579395229e-04
0  1  1.68570788008967290e-04
0  2  9.64805219746431530e-05
0  3  1.68041830654841419e-04
1  0  1.68570788008967263e-04
1  1  1.11260249308798393e-04
1  2  8.04831989479556659e-05
1  3  8.45477572091931902e-05
2  0  9.64805219746432344e-05
2  1  8.04831989479556117e-05
2  2  6.58938704496495211e-05
2  3  6.21156877866928172e-05
3  0  1.68041830654841310e-04
3  1  8.45477572091931902e-05
3  2  6.21156877866928307e-05
3  3  1.21100264945706205e-04
