numXbins 4
numYbins 4
xbin  ybin  z
0  0  5.08603686129016608e-05
0  1  -2.29385258902555926e-06
0  2  -1.35896200614983575e-06
0  3  -1.22181637947605686e-05
1  0  -2.29385258902556053e-06
1  1  1.62088264861721758e-05
1  2  1.86332146689429772e-05
1  3  1.07865505920954650e-06
2  0  -1.35896200614983490e-06
2  1  1.86332146689429772e-05
2  2  2.73539699570302733e-05
2  3  1.19700079820835027e-06
3  0  -1.22181637947605686e-05
3  1  1.07865505920954692e-06
3  2  1.19700079820835027e-06
3  3  5.74793454878891380e-06
