numXbins 4
numYbins 4
xbin  ybin  z
0  0  1.29820793086686277e-04
0  1  -3.45065114993586128e-06
0  2  -1.21387816778385373e-05
0  3  4.40948912790349660e-05
1  0  -3.45065114993584772e-06
1  1  6.78803628157900532e-06
1  2  8.62967189266824191e-06
1  3  9.38560542177409711e-06
2  0  -1.21387816778385220e-05
2  1  8.62967189266823175e-06
2  2  1.22777570122196229e-05
2  3  1.22812110060268176e-05
3  0  4.40948912790349525e-05
3  1  9.38560542177409203e-06
3  2  1.22812110060267990e-05
3  3  4.77208977081470937e-05
