numXbins 4
numYbins 4
xbin  ybin  z
0  0  1.17271803557754169e-06
0  1  -7.34509752778354382e-08
0  2  -2.56339158848157907e-07
0  3  -6.46293145601334920e-07
1  0  -7.34509752778354117e-08
1  1  1.92584958577639664e-08
1  2  2.82932552178567541e-08
1  3  7.20411420022056625e-08
2  0  -2.56339158848157854e-07
2  1  2.82932552178567938e-08
2  2  6.62494312781628024e-08
2  3  1.67621134441603273e-07
3  0  -6.46293145601335026e-07
3  1  7.20411420022056625e-08
3  2  1.67621134441603326e-07
3  3  4.24135797659740395e-07
