numXbins 4
numYbins 4
xbin  ybin  z
0  0  2.67488943831720655e-07
0  1  -1.15830056046298970e-07
0  2  -1.44039357014301286e-07
0  3  -3.30476540380817941e-07
1  0  -1.15830056046298944e-07
1  1  5.01575941476266736e-08
1  2  6.23729958959928351e-08
1  3  1.43105414548942336e-07
2  0  -1.44039357014301207e-07
2  1  6.23729958959928351e-08
2  2  7.75633417661763970e-08
2  3  1.77957367892971109e-07
3  0  -3.30476540380817994e-07
3  1  1.43105414548942283e-07
3  2  1.77957367892971029e-07
3  3  4.08296291344221870e-07
