numXbins 4
numYbins 4
xbin  ybin  z
0  0  1.17826161198472779e-05
0  1  1.62805527290822185e-06
0  2  -6.09627350821261608e-07
0  3  -4.48010894447997354e-08
1  0  1.62805527290822185e-06
1  1  2.25428802115912564e-07
1  2  -8.36294835838303024e-08
1  3  -5.69773242671235597e-09
2  0  -6.09627350821261820e-07
2  1  -8.36294835838303554e-08
2  2  3.23161107237771249e-08
2  3  2.94804791394338253e-09
3  0  -4.48010894447993979e-08
3  1  -5.69773242671234853e-09
3  2  2.94804791394330477e-09
3  3  6.83061781596430960e-10
