numXbins 4
numYbins 4
xbin  ybin  z
0  0  1.14072964198441663e-03
0  1  -2.38713156303637720e-04
0  2  -5.65399959314236405e-04
0  3  -3.36616526366542506e-04
1  0  -2.38713156303638208e-04
1  1  3.02878033888978561e-04
1  2  1.07611638195497910e-04
1  3  -1.71776515780839239e-04
2  0  -5.65399959314236947e-04
2  1  1.07611638195497666e-04
2  2  4.01855787651537587e-04
2  3  5.59325334672011786e-05
3  0  -3.36616526366542506e-04
3  1  -1.71776515780839483e-04
3  2  5.59325334672014293e-05
3  3  4.52460508680179699e-04
