numXbins 4
numYbins 4
xbin  ybin  z
0  0  1.04180651095940651e-06
0  1  2.08244278773667239e-07
0  2  6.13742495731342050e-07
0  3  4.91512366205832016e-06
1  0  2.08244278773666286e-07
1  1  1.04225322989804571e-07
1  2  2.46518300251722297e-07
1  3  1.68931772156566457e-06
2  0  6.13742495731352215e-07
2  1  2.46518300251722774e-07
2  2  6.06549235408798766e-07
2  3  4.29388946776178130e-06
3  0  4.91512366205832608e-06
3  1  1.68931772156566076e-06
3  2  4.29388946776178300e-06
3  3  3.11703175157224493e-05
