numXbins 4
numYbins 4
xbin  ybin  z
0  0  4.45396516611432211e-05
0  1  -3.95345974803860397e-06
0  2  -3.22312502814269355e-06
0  3  -1.01710326583569450e-05
1  0  -3.95345974803860397e-06
1  1  1.38965429094676693e-05
1  2  1.54286831524178092e-05
1  3  -2.33605754844786419e-07
2  0  -3.22312502814269355e-06
2  1  1.54286831524178092e-05
2  2  2.24163444745480381e-05
2  3  -6.37816054001897416e-07
3  0  -1.01710326583569450e-05
3  1  -2.33605754844786896e-07
3  2  -6.37816054001897416e-07
3  3  5.65104512247746376e-06
