numXbins 4
numYbins 4
xbin  ybin  z
0  0  1.21586804054356300e-05
0  1  1.69384161340013440e-06
0  2  -6.11501629457787079e-07
0  3  -3.48420151605586852e-08
1  0  1.69384161340013440e-06
1  1  2.35983179966117406e-07
1  2  -8.51743275185787966e-08
1  3  -4.85527941603702867e-09
2  0  -6.11501629457786444e-07
2  1  -8.51743275185787039e-08
2  2  3.07728238855982781e-08
2  3  1.75059592881756992e-09
3  0  -3.48420151605579374e-08
3  1  -4.85527941603700385e-09
3  2  1.75059592881753621e-09
3  3  1.00006638202964761e-10
