numXbins 4
numYbins 4
xbin  ybin  z
0  0  6.40757286265642035e-06
0  1  5.59161422753318395e-07
0  2  -4.92240943096248035e-07
0  3  -1.45797796172451731e-06
1  0  5.59161422753318395e-07
1  1  8.09013067344127991e-08
1  2  -1.48243340907162789e-08
1  3  -5.80370858068651124e-08
2  0  -4.92240943096248141e-07
2  1  -1.48243340907162657e-08
2  2  6.24639318825356555e-08
2  3  1.72633458438779533e-07
3  0  -1.45797796172451709e-06
3  1  -5.80370858068651058e-08
3  2  1.72633458438779559e-07
3  3  4.80876308334171071e-07
