numXbins 4
numYbins 4
xbin  ybin  z
0  0  1.74242798616963728e-04
0  1  -6.43564985590273464e-05
0  2  -2.20920548400159884e-04
0  3  -2.55263522842543280e-04
1  0  -6.43564985590273328e-05
1  1  2.37700435234793333e-05
1  2  8.15969042487028618e-05
1  3  9.42814662665145755e-05
2  0  -2.20920548400159884e-04
2  1  8.15969042487028076e-05
2  2  2.80102759441535763e-04
2  3  3.23645843045137615e-04
3  0  -2.55263522842543225e-04
3  1  9.42814662665146026e-05
3  2  3.23645843045137669e-04
3  3  3.73957871494161461e-04
