numXbins 4
numYbins 4
xbin  ybin  z
0  0  2.16441771005933615e-07
0  1  -1.00721202377278345e-07
0  2  -1.22997298426703801e-07
0  3  -2.91948344645468797e-07
1  0  -1.00721202377278358e-07
1  1  4.72363352642720010e-08
1  2  5.75737791584518947e-08
1  3  1.37140986447170530e-07
2  0  -1.22997298426703774e-07
2  1  5.75737791584518683e-08
2  2  7.02061280450073881e-08
2  3  1.67087377780764329e-07
3  0  -2.91948344645468797e-07
3  1  1.37140986447170477e-07
3  2  1.67087377780764329e-07
3  3  3.98295271939431071e-07
