numXbins 4
numYbins 4
xbin  ybin  z
0  0  6.27046069890710867e-04
0  1  -7.16760345848622427e-06
0  2  1.17857496095368378e-04
0  3  3.06289420099071748e-04
1  0  -7.16760345848672063e-06
1  1  -6.50959430770253452e-04
1  2  -4.25302375247622758e-04
1  3  7.68161444390466279e-06
2  0  1.17857496095368866e-04
2  1  -4.25302375247621782e-04
2  2  -2.53925580839799332e-04
2  3  6.48512851626916977e-05
3  0  3.06289420099071748e-04
3  1  7.68161444390491182e-06
3  2  6.48512851626916977e-05
3  3  1.49419267529490532e-04
