numXbins 4
numYbins 4
xbin  ybin  z
0  0  3.88528027793547019e-06
0  1  -3.29299300676771826e-07
0  2  -5.34795105256332898e-07
0  3  -6.44703027287287547e-07
1  0  -3.29299300676771826e-07
1  1  3.86375838825999412e-08
1  2  5.89182350296744798e-08
1  3  9.79204016611178757e-08
2  0  -5.34795105256332686e-07
2  1  5.89182350296745063e-08
2  2  9.08322053184228507e-08
2  3  1.43572375422820974e-07
3  0  -6.44703027287287547e-07
3  1  9.79204016611179154e-08
3  2  1.43572375422821053e-07
3  3  2.81574936978072926e-07
