numXbins 4
numYbins 4
xbin  ybin  z
0  0  9.68219521149759323e-07
0  1  -6.04335738849388065e-08
0  2  5.46687011118568298e-07
0  3  -2.81515038876241180e-07
1  0  -6.04335738849388065e-08
1  1  1.39374227935936563e-06
1  2  1.62580936307573781e-06
1  3  1.42382655443342608e-07
2  0  5.46687011118568298e-07
2  1  1.62580936307573781e-06
2  2  2.46150850173571999e-06
2  3  3.57232428733709928e-08
3  0  -2.81515038876241127e-07
3  1  1.42382655443342608e-07
3  2  3.57232428733709994e-08
3  3  1.70988294458630863e-07
