numXbins 4
numYbins 4
xbin  ybin  z
0  0  1.01947599248609340e+01
0  1  -3.83025554727824069e+00
0  2  2.86294517706220653e+00
0  3  -3.22511674423192929e+00
1  0  -1.24059798346920225e+00
1  1  4.46489455480986486e+00
1  2  4.57534894314624108e+00
1  3  -2.73427445549965675e+00
2  0  -2.56516733645585182e+00
2  1  2.15354956184165447e+00
2  2  8.12848905342233508e+00
2  3  -2.73545294498441161e+00
3  0  -1.46206650655426751e+00
3  1  1.47372254051165119e+00
3  2  -1.52221362986471043e-02
3  3  4.08028197233108436e+00
