numXbins 5
numYbins 5
xbin  ybin  z
0  0  5.51532514786134270e-04
0  1  8.10780580121098172e-04
0  2  7.09784147419899834e-04
0  3  8.86966566819224035e-04
0  4  1.72485139327305790e-03
1  0  8.10780580121098172e-04
1  1  1.19188829575425604e-03
1  2  1.04341845200009117e-03
1  3  1.30388553406060874e-03
1  4  2.53561843729720356e-03
2  0  7.09784147419899834e-04
2  1  1.04341845200009117e-03
2  2  9.13443038120695947e-04
2  3  1.14146454024357711e-03
2  4  2.21976428003537590e-03
3  0  8.86966566819224035e-04
3  1  1.30388553406060874e-03
3  2  1.14146454024357711e-03
3  3  1.42640672954728767e-03
3  4  2.77388091825918467e-03
4  0  1.72485139327305790e-03
4  1  2.53561843729720356e-03
4  2  2.21976428003537590e-03
4  3  2.77388091825918467e-03
4  4  5.39426461562226688e-03
