numXbins 5
numYbins 5
xbin  ybin  z
0  0  9.46178331571270042e-09
0  1  -2.10081172432617210e-07
0  2  -3.18300238604920704e-07
0  3  -3.76293304310258015e-07
0  4  -3.92748962927736618e-07
1  0  -2.10081172432618215e-07
1  1  4.76066856218235698e-06
1  2  7.20031872942738062e-06
1  3  8.51078873202457761e-06
1  4  8.87963161231351101e-06
2  0  -3.18300238604921233e-07
2  1  7.20031872942737892e-06
2  2  1.08918366255764252e-05
2  3  1.28743506035155995e-05
2  4  1.34327361824957941e-05
3  0  -3.76293304310258439e-07
3  1  8.51078873202457761e-06
3  2  1.28743506035155978e-05
3  3  1.52177385066817215e-05
3  4  1.58778091858303892e-05
4  0  -3.92748962927735718e-07
4  1  8.87963161231351101e-06
4  2  1.34327361824957958e-05
4  3  1.58778091858303858e-05
4  4  1.65666246403681810e-05
