numXbins 5
numYbins 5
xbin  ybin  z
0  0  1.48189571680958554e-04
0  1  -2.10270897126578962e-05
0  2  -8.34983791772457871e-05
0  3  -5.52532093522084555e-05
0  4  -2.43586599332540690e-04
1  0  -2.10270897126579030e-05
1  1  2.98360064590817286e-06
1  2  1.18478506274478554e-05
1  3  7.84005363388496600e-06
1  4  3.45632774213944989e-05
2  0  -8.34983791772457871e-05
2  1  1.18478506274478520e-05
2  2  4.70477054906216972e-05
2  3  3.11327806195640718e-05
2  4  1.37250455634981624e-04
3  0  -5.52532093522084487e-05
3  1  7.84005363388497108e-06
3  2  3.11327806195640515e-05
3  3  2.06014303779194646e-05
3  4  9.08224594729886199e-05
4  0  -2.43586599332540745e-04
4  1  3.45632774213944582e-05
4  2  1.37250455634981651e-04
4  3  9.08224594729885792e-05
4  4  4.00395457665094520e-04
