numXbins 5
numYbins 5
xbin  ybin  z
0  0  2.29290721935910569e-06
0  1  2.52152361426779351e-06
0  2  9.14158266708036308e-07
0  3  6.00791429808223768e-07
0  4  3.00150552312250405e-06
1  0  2.52152361426779351e-06
1  1  2.77293441427921071e-06
1  2  1.00530524620473941e-06
1  3  6.60693884480238064e-07
1  4  3.30077335489573345e-06
2  0  9.14158266708036837e-07
2  1  1.00530524620473941e-06
2  2  3.64465395518369716e-07
2  3  2.39529296034944677e-07
2  4  1.19666904241297859e-06
3  0  6.00791429808223979e-07
3  1  6.60693884480237535e-07
3  2  2.39529296034944677e-07
3  3  1.57420387132759779e-07
3  4  7.86459556491818186e-07
4  0  3.00150552312250405e-06
4  1  3.30077335489573218e-06
4  2  1.19666904241297901e-06
4  3  7.86459556491818081e-07
4  4  3.92908850793056916e-06
