numXbins 5
numYbins 5
xbin  ybin  z
0  0  2.29132607605535712e-06
0  1  2.50954931198990381e-06
0  2  9.04528243231714908e-07
0  3  5.90090069142366807e-07
0  4  3.04309339051057334e-06
1  0  2.50954931198990465e-06
1  1  2.74860166148728855e-06
1  2  9.90714720746348183e-07
1  3  6.46335578900468923e-07
1  4  3.33271878187934908e-06
2  0  9.04528243231714908e-07
2  1  9.90714720746347972e-07
2  2  3.57108687714754195e-07
2  3  2.32985539206196633e-07
2  4  1.20112562835592878e-06
3  0  5.90090069142366807e-07
3  1  6.46335578900468606e-07
3  2  2.32985539206196554e-07
3  3  1.52013396623734158e-07
3  4  7.83498027017150761e-07
4  0  3.04309339051057334e-06
4  1  3.33271878187934908e-06
4  2  1.20112562835592899e-06
4  3  7.83498027017150972e-07
4  4  4.04234303555196793e-06
