numXbins 5
numYbins 5
xbin  ybin  z
0  0  5.80707935551274005e-04
0  1  -1.17561570315568990e-04
0  2  -6.09830413267622388e-05
0  3  -4.48869447238254673e-07
0  4  -4.01714454461702709e-04
1  0  -1.17561570315568990e-04
1  1  5.54030800818783526e-04
1  2  9.51609932796275919e-05
1  3  -2.49622902382264848e-04
1  4  -2.82007321400575938e-04
2  0  -6.09830413267622388e-05
2  1  9.51609932796277817e-05
2  2  3.53728528320311909e-04
2  3  -6.08531714118672255e-05
2  4  -3.27053308861308546e-04
3  0  -4.48869447238630437e-07
3  1  -2.49622902382264089e-04
3  2  -6.08531714118674152e-05
3  3  3.82907084100347222e-04
3  4  -7.19821408589759484e-05
4  0  -4.01714454461703089e-04
4  1  -2.82007321400577402e-04
4  2  -3.27053308861309305e-04
4  3  -7.19821408589755690e-05
4  4  1.08275722558256841e-03
