numXbins 5
numYbins 5
xbin  ybin  z
0  0  -1.32740094917296197e-04
0  1  -3.46943767296175709e-04
0  2  -8.50371485846352699e-05
0  3  8.01225098804526410e-05
0  4  -7.90521741425558456e-05
1  0  -3.46943767296175709e-04
1  1  -7.33191899816017928e-04
1  2  -3.20376742331912503e-04
1  3  -1.26353126417058924e-04
1  4  -5.90975449751790483e-04
2  0  -8.50371485846354596e-05
2  1  -3.20376742331912883e-04
2  2  9.69073541498002237e-07
2  3  2.41078608213421208e-04
2  4  1.66563701180702609e-04
3  0  8.01225098804526410e-05
3  1  -1.26353126417058924e-04
3  2  2.41078608213421208e-04
3  3  6.01004167136945920e-04
3  4  7.91046750614862910e-04
4  0  -7.90521741425554661e-05
4  1  -5.90975449751789724e-04
4  2  1.66563701180704100e-04
4  3  7.91046750614863669e-04
4  4  8.03812431324228498e-04
