numXbins 5
numYbins 5
xbin  ybin  z
0  0  2.55954758818854705e-06
0  1  -1.99487365749807803e-05
0  2  -1.56921360510031100e-05
0  3  7.35827077871123494e-06
0  4  5.82444757588422614e-06
1  0  -1.99487365749807769e-05
1  1  1.55477512031575724e-04
1  2  1.22302195053839422e-04
1  3  -5.73492776962879441e-05
1  4  -4.53948857689848653e-05
2  0  -1.56921360510031100e-05
2  1  1.22302195053839395e-04
2  2  9.62057259570092330e-05
2  3  -4.51122638596362119e-05
2  4  -3.57086635952703993e-05
3  0  7.35827077871123325e-06
3  1  -5.73492776962879238e-05
3  2  -4.51122638596361983e-05
3  3  2.11537965157173310e-05
3  4  1.67443116109811770e-05
4  0  5.82444757588422784e-06
4  1  -4.53948857689848449e-05
4  2  -3.57086635952703926e-05
4  3  1.67443116109811906e-05
4  4  1.32539788362491865e-05
