numXbins 5
numYbins 5
xbin  ybin  z
0  0  1.19321295294523634e-04
0  1  2.57085789954582431e-06
0  2  -2.12736207300232404e-05
0  3  -3.55871635407691667e-05
0  4  -1.82069752380965995e-05
1  0  2.57085789954582431e-06
1  1  2.19953741433716587e-04
1  2  4.96364783305437569e-05
1  3  1.05400211350213915e-04
1  4  4.01346172158355621e-05
2  0  -2.12736207300232404e-05
2  1  4.96364783305437636e-05
2  2  1.09958346538455070e-04
2  3  1.31186407447394645e-05
2  4  -4.42962735442882583e-05
3  0  -3.55871635407691667e-05
3  1  1.05400211350213915e-04
3  2  1.31186407447394611e-05
3  3  2.28696593884100121e-04
3  4  3.02823601282526167e-05
4  0  -1.82069752380965995e-05
4  1  4.01346172158355621e-05
4  2  -4.42962735442882583e-05
4  3  3.02823601282526099e-05
4  4  2.07739310171885190e-04
