numXbins 5
numYbins 5
xbin  ybin  z
0  0  3.20706247574443899e-05
0  1  1.05881914941931112e-05
0  2  -2.04311741094675056e-06
0  3  -7.95041092856904370e-07
0  4  5.42132615570165824e-05
1  0  1.05881914941931061e-05
1  1  2.52747034574907774e-05
1  2  1.70310548047540950e-05
1  3  9.91393131853996186e-06
1  4  6.73135237203144617e-06
2  0  -2.04311741094674802e-06
2  1  1.70310548047540984e-05
2  2  2.07789395703075056e-05
2  3  1.90288789741557399e-05
2  4  5.38266037786685340e-06
3  0  -7.95041092856905323e-07
3  1  9.91393131853996356e-06
3  2  1.90288789741557399e-05
3  3  3.17124273177719508e-05
3  4  4.11135252872122235e-05
4  0  5.42132615570165959e-05
4  1  6.73135237203145803e-06
4  2  5.38266037786685764e-06
4  3  4.11135252872122303e-05
4  4  2.12688092649990457e-04
