numXbins 5
numYbins 5
xbin  ybin  z
0  0  1.63594765710550703e-05
0  1  -5.44874381176770643e-06
0  2  -7.65009435395013039e-06
0  3  -1.97664746933090431e-07
0  4  3.85232506431250601e-05
1  0  -5.44874381176770643e-06
1  1  4.34560726525740648e-06
1  2  4.07821588916602917e-06
1  3  5.50010021414706017e-07
1  4  -1.46779037742787162e-05
2  0  -7.65009435395013039e-06
2  1  4.07821588916602832e-06
2  2  4.50262727812104349e-06
2  3  3.85186095255986637e-07
2  4  -1.91313282829078567e-05
3  0  -1.97664746933091040e-07
3  1  5.50010021414706970e-07
3  2  3.85186095255987167e-07
3  3  9.50162376889266721e-08
3  4  -8.18852951141584430e-07
4  0  3.85232506431250669e-05
4  1  -1.46779037742787128e-05
4  2  -1.91313282829078567e-05
4  3  -8.18852951141581572e-07
4  4  9.20627024484537343e-05
