numXbins 5
numYbins 5
xbin  ybin  z
0  0  8.55088572539079022e-09
0  1  -1.89026319267444466e-07
0  2  -2.87007816848025980e-07
0  3  -3.39408417313593588e-07
0  4  -3.55557787203810376e-07
1  0  -1.89026319267444149e-07
1  1  4.78068749981756753e-06
1  2  7.14815557203923097e-06
1  3  8.43851075948634888e-06
1  4  8.74093762693880086e-06
2  0  -2.87007816848025292e-07
2  1  7.14815557203923690e-06
2  2  1.07057860616200698e-05
2  3  1.26407503206859310e-05
2  4  1.31099640981531358e-05
3  0  -3.39408417313594065e-07
3  1  8.43851075948635397e-06
3  2  1.26407503206859327e-05
3  3  1.49257640815541704e-05
3  4  1.54819793258406095e-05
4  0  -3.55557787203810694e-07
4  1  8.74093762693880255e-06
4  2  1.31099640981531341e-05
4  3  1.54819793258406095e-05
4  4  1.60736410796512076e-05
