numXbins 5
numYbins 5
xbin  ybin  z
0  0  8.80179060125588133e-04
0  1  3.43704384609807613e-04
0  2  5.85037578238525370e-04
0  3  1.00222737079320719e-03
0  4  1.26229173990689597e-03
1  0  3.43704384609807667e-04
1  1  7.92773455323304756e-04
1  2  7.68566224617262331e-04
1  3  8.22509293911071501e-04
1  4  1.62250104892900098e-03
2  0  5.85037578238525478e-04
2  1  7.68566224617262764e-04
2  2  1.15818229344405053e-03
2  3  1.30857133630039131e-03
2  4  2.10357094589905952e-03
3  0  1.00222737079320719e-03
3  1  8.22509293911071826e-04
3  2  1.30857133630039174e-03
3  3  2.18162138690048074e-03
3  4  3.46266316788681940e-03
4  0  1.26229173990689597e-03
4  1  1.62250104892900076e-03
4  2  2.10357094589905995e-03
4  3  3.46266316788681940e-03
4  4  7.07309496235717858e-03
