numXbins 5
numYbins 5
xbin  ybin  z
0  0  2.43337729007679898e-05
0  1  2.23780456525665065e-05
0  2  1.56921705942852885e-05
0  3  9.83212251662350286e-06
0  4  9.75042153193650263e-06
1  0  2.23780456525664964e-05
1  1  2.39108590656985448e-05
1  2  1.71950888470432891e-05
1  3  9.46505485012710717e-06
1  4  8.40491397542924429e-06
2  0  1.56921705942852918e-05
2  1  1.71950888470432789e-05
2  2  1.44943927593560530e-05
2  3  7.86736384163121559e-06
2  4  8.53343214169813887e-06
3  0  9.83212251662350116e-06
3  1  9.46505485012710717e-06
3  2  7.86736384163121728e-06
3  3  2.12442352233826236e-05
3  4  4.11850627476197963e-05
4  0  9.75042153193650941e-06
4  1  8.40491397542923921e-06
4  2  8.53343214169814396e-06
4  3  4.11850627476197760e-05
4  4  8.91866657157160830e-05
