numXbins 5
numYbins 5
xbin  ybin  z
0  0  2.04107711205869997e-04
0  1  2.98353725426417078e-04
0  2  3.48797201705305102e-04
0  3  4.45801358578465650e-04
0  4  8.71664052291148267e-04
1  0  2.98353725426417186e-04
1  1  4.46042235714964159e-04
1  2  5.18939236363665022e-04
1  3  6.62972241051614820e-04
1  4  1.29298549156482354e-03
2  0  3.48797201705304994e-04
2  1  5.18939236363664697e-04
2  2  6.09165622717192101e-04
2  3  7.75831724134732367e-04
2  4  1.51697967571398813e-03
3  0  4.45801358578465921e-04
3  1  6.62972241051614820e-04
3  2  7.75831724134732367e-04
3  3  9.96919034665519344e-04
3  4  1.94272604829795774e-03
4  0  8.71664052291148267e-04
4  1  1.29298549156482354e-03
4  2  1.51697967571398835e-03
4  3  1.94272604829795774e-03
4  4  3.80764013092413237e-03
