numXbins 5
numYbins 5
xbin  ybin  z
0  0  1.24649333901991261e-06
0  1  1.48808593305273023e-06
0  2  1.08916315408906726e-06
0  3  6.85048813506900771e-07
0  4  2.06852119601702239e-06
1  0  1.48808593305273066e-06
1  1  1.90302456455654426e-06
1  2  1.93896146228360670e-06
1  3  1.20440897737772430e-06
1  4  2.94054873544227902e-06
2  0  1.08916315408906705e-06
2  1  1.93896146228360585e-06
2  2  4.17594811365446641e-06
2  3  2.55012985148426517e-06
2  4  4.18568284035535659e-06
3  0  6.85048813506900983e-07
3  1  1.20440897737772536e-06
3  2  2.55012985148426432e-06
3  3  1.55770266226186664e-06
3  4  2.57630133433975442e-06
4  0  2.06852119601702154e-06
4  1  2.94054873544227944e-06
4  2  4.18568284035535744e-06
4  3  2.57630133433975442e-06
4  4  5.18687399525840948e-06
