numXbins 5
numYbins 5
xbin  ybin  z
0  0  3.08455948489600634e-06
0  1  3.18058590372844610e-06
0  2  1.31311770411006603e-06
0  3  -1.43560006210070277e-06
0  4  -2.05267336763906996e-07
1  0  3.18058590372844568e-06
1  1  3.28818197360118784e-06
1  2  1.35061634725560949e-06
1  3  -1.38927352168732357e-06
1  4  -3.95408625909106109e-08
2  0  1.31311770411006603e-06
2  1  1.35061634725560992e-06
2  2  5.60334866475955977e-07
2  3  -6.47004269402875271e-07
2  4  -1.55194491489092587e-07
3  0  -1.43560006210070277e-06
3  1  -1.38927352168732379e-06
3  2  -6.47004269402875165e-07
3  3  1.63367237407262934e-06
3  4  1.92134221216908043e-06
4  0  -2.05267336763906890e-07
4  1  -3.95408625909102933e-08
4  2  -1.55194491489092402e-07
4  3  1.92134221216908043e-06
4  4  3.46627055958536943e-06
