numXbins 5
numYbins 5
xbin  ybin  z
0  0  1.16632844598537082e-04
0  1  -2.86328002680698864e-05
0  2  1.28681077335012238e-04
0  3  1.25048443853146267e-04
0  4  6.30044547678930975e-05
1  0  -2.86328002680698796e-05
1  1  7.02921423217577832e-06
1  2  -3.15905832383314245e-05
1  3  -3.06987892561869053e-05
1  4  -1.54672894721660041e-05
2  0  1.28681077335012238e-04
2  1  -3.15905832383314380e-05
2  2  1.41973898699775802e-04
2  3  1.37966012313923075e-04
2  4  6.95128472973831829e-05
3  0  1.25048443853146294e-04
3  1  -3.06987892561869121e-05
3  2  1.37966012313923102e-04
3  3  1.34071267522609924e-04
3  4  6.75505176235733192e-05
4  0  6.30044547678930975e-05
4  1  -1.54672894721660041e-05
4  2  6.95128472973831693e-05
4  3  6.75505176235733192e-05
4  4  3.40346780897194724e-05
