numXbins 5
numYbins 5
xbin  ybin  z
0  0  1.15059923327595943e-06
0  1  1.35864820466968347e-06
0  2  6.38113719891035229e-07
0  3  5.88210436873914376e-07
0  4  1.91904253326929230e-06
1  0  1.35864820466968347e-06
1  1  3.69775924794108078e-06
1  2  4.77723836234995315e-06
1  3  7.12622351815650589e-06
1  4  1.15270380246792779e-05
2  0  6.38113719891035017e-07
2  1  4.77723836234995485e-06
2  2  8.08780365963672030e-06
2  3  1.26883005942692137e-05
2  4  1.88645649477846369e-05
3  0  5.88210436873914164e-07
3  1  7.12622351815650419e-06
3  2  1.26883005942692069e-05
3  3  2.00605807749551505e-05
3  4  2.94334818771835560e-05
4  0  1.91904253326928849e-06
4  1  1.15270380246792728e-05
4  2  1.88645649477846335e-05
4  3  2.94334818771835560e-05
4  4  4.41696140213243625e-05
