numXbins 5
numYbins 5
xbin  ybin  z
0  0  4.11613437131442257e-06
0  1  -1.09285126032963333e-05
0  2  -1.80777906374366215e-06
0  3  -1.78986815753942380e-05
0  4  -6.72176579168632049e-05
1  0  -1.09285126032963367e-05
1  1  2.90156678442613542e-05
1  2  4.79973064528237629e-06
1  3  4.75217642412923083e-05
1  4  1.78465753408803680e-04
2  0  -1.80777906374366342e-06
2  1  4.79973064528235511e-06
2  2  7.93964639756480563e-07
2  3  7.86098287901119443e-06
2  4  2.95215519548709188e-05
3  0  -1.78986815753942481e-05
3  1  4.75217642412923219e-05
3  2  7.86098287901120459e-06
3  3  7.78309873385048235e-05
3  4  2.92290617061055473e-04
4  0  -6.72176579168631778e-05
4  1  1.78465753408803707e-04
4  2  2.95215519548709358e-05
4  3  2.92290617061055473e-04
4  4  1.09768368285450852e-03
