numXbins 5
numYbins 5
xbin  ybin  z
0  0  6.98718428683365905e-05
0  1  2.97730044414572874e-05
0  2  1.23993876834524144e-05
0  3  1.95216714146183388e-05
0  4  1.26392296535317669e-04
1  0  2.97730044414573077e-05
1  1  5.38950338163268731e-05
1  2  4.99302900055706558e-05
1  3  4.73359945227305260e-05
1  4  6.39379251774252250e-05
2  0  1.23993876834524246e-05
2  1  4.99302900055706626e-05
2  2  8.23285196531210593e-05
2  3  9.15902920105749906e-05
2  4  1.09089028688224321e-04
3  0  1.95216714146183591e-05
3  1  4.73359945227305463e-05
3  2  9.15902920105750312e-05
3  3  1.38054518877851089e-04
3  4  2.17709456526741634e-04
4  0  1.26392296535317696e-04
4  1  6.39379251774252656e-05
4  2  1.09089028688224348e-04
4  3  2.17709456526741688e-04
4  4  6.64578391771119105e-04
