numXbins 5
numYbins 5
xbin  ybin  z
0  0  2.31229243481221370e-06
0  1  2.73068768555282841e-06
0  2  1.16678300671710018e-06
0  3  4.06401161738061486e-07
0  4  1.85526534102400598e-06
1  0  2.73068768555282799e-06
1  1  3.23979550730133980e-06
1  2  1.39746935675493058e-06
1  3  4.64001909115024549e-07
1  4  2.09736717212992718e-06
2  0  1.16678300671710060e-06
2  1  1.39746935675493058e-06
2  2  6.14264619332261772e-07
2  3  1.84295417274601491e-07
2  4  8.14143898434962074e-07
3  0  4.06401161738061539e-07
3  1  4.64001909115024654e-07
3  2  1.84295417274601491e-07
3  3  8.83488799063948198e-08
3  4  4.25464306367691922e-07
4  0  1.85526534102400598e-06
4  1  2.09736717212992718e-06
4  2  8.14143898434962180e-07
4  3  4.25464306367692240e-07
4  4  2.07234574958199960e-06
