numXbins 5
numYbins 5
xbin  ybin  z
0  0  1.64401017472195040e-08
0  1  -3.50069110493162088e-08
0  2  -2.18302118488082244e-08
0  3  -2.95696250512806475e-08
0  4  1.93927144193689852e-08
1  0  -3.50069110493162022e-08
1  1  8.75941576937680766e-08
1  2  6.00279573730471961e-08
1  3  8.89413845688055523e-08
1  4  -5.22896462099339992e-08
2  0  -2.18302118488083800e-08
2  1  6.00279573730473152e-08
2  2  4.30413749743037056e-08
2  3  6.62201324508369348e-08
2  4  -3.71607115822716452e-08
3  0  -2.95696250512808526e-08
3  1  8.89413845688056979e-08
3  2  6.62201324508366701e-08
3  3  1.04886666080057740e-07
3  4  -5.67647052664772280e-08
4  0  1.93927144193689058e-08
4  1  -5.22896462099338735e-08
4  2  -3.71607115822717246e-08
4  3  -5.67647052664771088e-08
4  4  3.21388699735201345e-08
