numXbins 8
numYbins 8
xbin  ybin  z
0  0  3.45257019599707263e-07
0  1  -1.56849827031404924e-07
0  2  -8.00623121755175610e-08
0  3  -1.79341704708419927e-08
0  4  8.17287243173105410e-09
0  5  4.07046253526186008e-08
0  6  2.08594033028808711e-08
0  7  2.00535873645344422e-08
1  0  -1.56849827031404950e-07
1  1  7.53474436149796143e-08
1  2  3.97998725531098391e-08
1  3  8.51994213217200964e-09
1  4  -5.19328795682937160e-09
1  5  -2.09765422875557802e-08
1  6  -1.11131198185740777e-08
1  7  -1.10027038909461931e-08
2  0  -8.00623121755175080e-08
2  1  3.97998725531098457e-08
2  2  2.14378547370208271e-08
2  3  4.47088395101522709e-09
2  4  -3.13562333242531560e-09
2  5  -1.15208293202092578e-08
2  6  -6.20853927288843157e-09
2  7  -6.23589977361513037e-09
3  0  -1.79341704708419860e-08
3  1  8.51994213217201625e-09
3  2  4.47088395101522295e-09
3  3  9.65493950946091920e-10
3  4  -5.59324509830248909e-10
3  5  -2.34059391053181171e-09
3  6  -1.23255537405337834e-09
3  7  -1.21397649951208824e-09
4  0  8.17287243173104583e-09
4  1  -5.19328795682936747e-09
4  2  -3.13562333242531891e-09
4  3  -5.59324509830250977e-10
4  4  7.29179114619347453e-10
4  5  1.86263592848008350e-09
4  6  1.08607507249383250e-09
4  7  1.15951980670749187e-09
5  0  4.07046253526186008e-08
5  1  -2.09765422875557736e-08
5  2  -1.15208293202092528e-08
5  3  -2.34059391053181336e-09
5  4  1.86263592848008391e-09
5  5  6.30786023379153264e-09
5  6  3.45329636577506399e-09
5  7  3.51356894089911982e-09
6  0  2.08594033028808579e-08
6  1  -1.11131198185740777e-08
6  2  -6.20853927288842909e-09
6  3  -1.23255537405337875e-09
6  4  1.08607507249383270e-09
6  5  3.45329636577506399e-09
6  6  1.91511613739388235e-09
6  7  1.96872303856679182e-09
7  0  2.00535873645344257e-08
7  1  -1.10027038909461881e-08
7  2  -6.23589977361512954e-09
7  3  -1.21397649951208865e-09
7  4  1.15951980670749166e-09
7  5  3.51356894089911982e-09
7  6  1.96872303856679182e-09
7  7  2.04018928220906385e-09
