numXbins 8
numYbins 8
xbin  ybin  z
0  0  5.83766754174251120e-05
0  1  -2.25234895047937559e-05
0  2  -3.66752372801346584e-06
0  3  3.35996822840260107e-05
0  4  3.49206783892139761e-05
0  5  2.94364194079965297e-05
0  6  1.59806832537753277e-05
0  7  1.67523881918106037e-05
1  0  -2.25234895047937491e-05
1  1  8.31518759680212403e-05
1  2  -4.66417440633549183e-05
1  3  -1.08346800982473669e-05
1  4  9.08629339922017946e-06
1  5  2.01530939017096010e-05
1  6  1.53620624217743361e-05
1  7  1.89932809972256330e-05
2  0  -3.66752372801346627e-06
2  1  -4.66417440633549115e-05
2  2  9.73918362703123200e-05
2  3  -2.95193039413398425e-05
2  4  -2.72679408204193615e-05
2  5  -1.22037334607145540e-05
2  6  -2.52852504896473011e-06
2  7  3.42679465538612144e-08
3  0  3.35996822840260107e-05
3  1  -1.08346800982473669e-05
3  2  -2.95193039413398392e-05
3  3  5.55900460719563168e-05
3  4  3.48486609242029964e-05
3  5  1.11410186023002343e-05
3  6  9.97212919602589742e-07
3  7  -2.14753502705216144e-06
4  0  3.49206783892139761e-05
4  1  9.08629339922017946e-06
4  2  -2.72679408204193581e-05
4  3  3.48486609242029964e-05
4  4  4.68234029752994532e-05
4  5  2.90303419804028463e-05
4  6  1.34536935819279610e-05
4  7  1.27223906483220245e-05
5  0  2.94364194079965297e-05
5  1  2.01530939017095942e-05
5  2  -1.22037334607145438e-05
5  3  1.11410186023002343e-05
5  4  2.90303419804028463e-05
5  5  3.72799815167725482e-05
5  6  2.37993286550586160e-05
5  7  2.72002060777965921e-05
6  0  1.59806832537753310e-05
6  1  1.53620624217743361e-05
6  2  -2.52852504896472800e-06
6  3  9.97212919602589742e-07
6  4  1.34536935819279610e-05
6  5  2.37993286550586160e-05
6  6  1.68398979174122741e-05
6  7  2.01727614021444578e-05
7  0  1.67523881918106037e-05
7  1  1.89932809972256330e-05
7  2  3.42679465538612144e-08
7  3  -2.14753502705216059e-06
7  4  1.27223906483220245e-05
7  5  2.72002060777965921e-05
7  6  2.01727614021444578e-05
7  7  2.46404908489399724e-05
