numXbins 8
numYbins 8
xbin  ybin  z
0  0  2.25292434132860972e-07
0  1  -1.09966719168319933e-07
0  2  -7.00802686245354136e-08
0  3  -3.63399792593078968e-08
0  4  -1.42119445350355151e-08
0  5  2.34503565820582269e-08
0  6  1.48255415309251160e-08
0  7  1.61114851571706495e-08
1  0  -1.09966719168319986e-07
1  1  9.14176924724427902e-08
1  2  8.14375884151874584e-08
1  3  5.37966870750738914e-08
1  4  2.36634710680471258e-08
1  5  -2.38276093073270132e-08
1  6  -1.98392263806524664e-08
1  7  -2.46456125874040279e-08
2  0  -7.00802686245353606e-08
2  1  8.14375884151875246e-08
2  2  8.09046556162807921e-08
2  3  5.64284833983635846e-08
2  4  2.53525463753232996e-08
2  5  -2.27886677934475713e-08
2  6  -2.03829216220136512e-08
2  7  -2.60122057649579667e-08
3  0  -3.63399792593078704e-08
3  1  5.37966870750738781e-08
3  2  5.64284833983635846e-08
3  3  4.03123593259272957e-08
3  4  1.82729275935662597e-08
3  5  -1.56117009952006105e-08
3  6  -1.44320759793735128e-08
3  7  -1.86318379819514838e-08
4  0  -1.42119445350355035e-08
4  1  2.36634710680471523e-08
4  2  2.53525463753232599e-08
4  3  1.82729275935662597e-08
4  4  8.30935373593339458e-09
4  5  -6.96643891081912976e-09
4  6  -6.52050658412061131e-09
4  7  -8.45353946956406430e-09
5  0  2.34503565820582402e-08
5  1  -2.38276093073270463e-08
5  2  -2.27886677934475448e-08
5  3  -1.56117009952006138e-08
5  4  -6.96643891081913058e-09
5  5  6.50261118256402087e-09
5  6  5.67751231716253823e-09
5  7  7.18218998440451084e-09
6  0  1.48255415309251193e-08
6  1  -1.98392263806524697e-08
6  2  -2.03829216220136545e-08
6  3  -1.44320759793735211e-08
6  4  -6.52050658412060965e-09
6  5  5.67751231716254072e-09
6  6  5.18389443004688631e-09
6  7  6.66386049704895328e-09
7  0  1.61114851571706594e-08
7  1  -2.46456125874040345e-08
7  2  -2.60122057649579667e-08
7  3  -1.86318379819514772e-08
7  4  -8.45353946956405769e-09
7  5  7.18218998440451663e-09
7  6  6.66386049704895328e-09
7  7  8.61382111614902174e-09
