numXbins 5
numYbins 5
xbin  ybin  z
0  0  6.09076885724922179e-04
0  1  2.64414433563972138e-04
0  2  3.96854661480053653e-04
0  3  6.00594260876231509e-04
0  4  1.09203745762834485e-03
1  0  2.64414433563972193e-04
1  1  1.22555129027027121e-04
1  2  1.72576608280193382e-04
1  3  2.60935791866102646e-04
1  4  4.78432419639280291e-04
2  0  3.96854661480053545e-04
2  1  1.72576608280193436e-04
2  2  2.60831873551233624e-04
2  3  3.90852681110829213e-04
2  4  7.09698745181418884e-04
3  0  6.00594260876231509e-04
3  1  2.60935791866102591e-04
3  2  3.90852681110829213e-04
3  3  5.94861033865310318e-04
3  4  1.07753701720906766e-03
4  0  1.09203745762834442e-03
4  1  4.78432419639280237e-04
4  2  7.09698745181418776e-04
4  3  1.07753701720906788e-03
4  4  1.96224730078376581e-03
