numXbins 8
numYbins 8
xbin  ybin  z
0  0  1.15869276971436290e-04
0  1  1.23989359231085015e-05
0  2  5.42171245738710478e-05
0  3  4.59318909503215941e-05
0  4  4.20177089694634057e-05
0  5  5.82157724741009654e-05
0  6  2.96112967250640327e-05
0  7  2.89190524596869567e-05
1  0  1.23989359231084981e-05
1  1  1.32678494285632019e-06
1  2  5.80166435052783910e-06
1  3  4.91507833315156789e-06
1  4  4.49622967162060833e-06
1  5  6.22955153848574269e-06
1  6  3.16864470281220146e-06
1  7  3.09456905037099635e-06
2  0  5.42171245738710478e-05
2  1  5.80166435052783486e-06
2  2  2.53690768932931656e-05
2  3  2.14922809450251855e-05
2  4  1.96607713541497308e-05
2  5  2.72401094655190095e-05
2  6  1.38556087109478057e-05
2  7  1.35316963283690427e-05
3  0  4.59318909503216008e-05
3  1  4.91507833315157128e-06
3  2  2.14922809450251957e-05
3  3  1.82079206966340180e-05
3  4  1.66562947211926423e-05
3  5  2.30773901655424553e-05
3  6  1.17382526897837178e-05
3  7  1.14638392392180102e-05
4  0  4.20177089694633989e-05
4  1  4.49622967162060240e-06
4  2  1.96607713541497308e-05
4  3  1.66562947211926389e-05
4  4  1.52368937926293193e-05
4  5  2.11108021831557197e-05
4  6  1.07379529804857679e-05
4  7  1.04869242450120457e-05
5  0  5.82157724741009654e-05
5  1  6.22955153848573676e-06
5  2  2.72401094655190095e-05
5  3  2.30773901655424553e-05
5  4  2.11108021831557299e-05
5  5  2.92491353475154259e-05
5  6  1.48774943442028645e-05
5  7  1.45296926170925170e-05
6  0  2.96112967250640395e-05
6  1  3.16864470281219976e-06
6  2  1.38556087109478023e-05
6  3  1.17382526897837093e-05
6  4  1.07379529804857696e-05
6  5  1.48774943442028662e-05
6  6  7.56739764550304990e-06
6  7  7.39048922867260780e-06
7  0  2.89190524596869635e-05
7  1  3.09456905037099508e-06
7  2  1.35316963283690359e-05
7  3  1.14638392392180034e-05
7  4  1.04869242450120491e-05
7  5  1.45296926170925170e-05
7  6  7.39048922867260864e-06
7  7  7.21771652525535763e-06
