numXbins 8
numYbins 8
xbin  ybin  z
0  0  4.13286833185461215e-07
0  1  -1.50911008242748945e-07
0  2  -6.49656052660996329e-08
0  3  -1.81131680664853254e-08
0  4  -3.55005223757957214e-09
0  5  2.63478905527881672e-08
0  6  1.02279717766178589e-08
0  7  6.96065335325365350e-09
1  0  -1.50911008242748945e-07
1  1  5.51049067624741305e-08
1  2  2.37220840457020093e-08
1  3  6.61399356547375021e-09
1  4  1.29629574297893816e-09
1  5  -9.62088895439492550e-09
1  6  -3.73472709302387707e-09
1  7  -2.54167113786661319e-09
2  0  -6.49656052660996197e-08
2  1  2.37220840457020027e-08
2  2  1.02121082229027175e-08
2  3  2.84725481732865002e-09
2  4  5.58041712974516911e-10
2  5  -4.14169172546251528e-09
2  6  -1.60776081829441248e-09
2  7  -1.09416275049513824e-09
3  0  -1.81131680664853221e-08
3  1  6.61399356547375104e-09
3  2  2.84725481732865044e-09
3  3  7.93847834144563080e-10
3  4  1.55588534791829081e-10
3  5  -1.15475193366697777e-09
3  6  -4.48262458160656436e-10
3  7  -3.05065329732995448e-10
4  0  -3.55005223757955973e-09
4  1  1.29629574297893899e-09
4  2  5.58041712974516807e-10
4  3  1.55588534791829262e-10
4  4  3.04942472819792133e-11
4  5  -2.26323173887451464e-10
4  6  -8.78562566622818129e-11
4  7  -5.97906369803110275e-11
5  0  2.63478905527881639e-08
5  1  -9.62088895439492054e-09
5  2  -4.14169172546251445e-09
5  3  -1.15475193366697715e-09
5  4  -2.26323173887452032e-10
5  5  1.67973252675625036e-09
5  6  6.52054358640557223e-10
5  7  4.43756050280762531e-10
6  0  1.02279717766178573e-08
6  1  -3.73472709302387376e-09
6  2  -1.60776081829441186e-09
6  3  -4.48262458160655609e-10
6  4  -8.78562566622806885e-11
6  5  6.52054358640558878e-10
6  6  2.53120589051882576e-10
6  7  1.72261394090797831e-10
7  0  6.96065335325366095e-09
7  1  -2.54167113786660988e-09
7  2  -1.09416275049513824e-09
7  3  -3.05065329732994879e-10
7  4  -5.97906369803103683e-11
7  5  4.43756050280764082e-10
7  6  1.72261394090797339e-10
7  7  1.17232612349929117e-10
