numXbins 5
numYbins 5
xbin  ybin  z
0  0  1.17795098972098518e-05
0  1  3.24884005216428516e-06
0  2  6.22085046178523998e-06
0  3  1.65199113064092196e-05
0  4  2.15218320872108260e-05
1  0  3.24884005216428516e-06
1  1  9.25063009794261004e-07
1  2  1.73482282602445225e-06
1  3  4.58684160366588913e-06
1  4  5.95716648099190932e-06
2  0  6.22085046178523998e-06
2  1  1.73482282602445204e-06
2  2  3.29783139254559674e-06
2  3  8.74440401479069089e-06
2  4  1.13798889317515425e-05
3  0  1.65199113064092162e-05
3  1  4.58684160366588828e-06
3  2  8.74440401479069428e-06
3  3  2.32002031511958725e-05
3  4  3.02053130975428362e-05
4  0  2.15218320872108260e-05
4  1  5.95716648099191017e-06
4  2  1.13798889317515476e-05
4  3  3.02053130975428395e-05
4  4  3.93373169908390203e-05
