numXbins 8
numYbins 8
xbin  ybin  z
0  0  3.70758699359307665e-05
0  1  -2.89518124298442187e-05
0  2  1.69502918190801431e-05
0  3  1.77119779340047821e-05
0  4  4.82859141482542282e-05
0  5  2.96890988584279100e-05
0  6  1.15443486324637183e-05
0  7  9.09621121969733213e-06
1  0  -2.89518124298442085e-05
1  1  2.26078968456128761e-05
1  2  -1.32361471281769156e-05
1  3  -1.38309327277548239e-05
1  4  -3.77055139053940143e-05
1  5  -2.31836292134389319e-05
1  6  -9.01475317529666200e-06
1  7  -7.10305116265669903e-06
2  0  1.69502918190801363e-05
2  1  -1.32361471281769275e-05
2  2  7.74930954414467700e-06
2  3  8.09753608460953338e-06
2  4  2.20752833845384115e-05
2  5  1.35732186558399724e-05
2  6  5.27782836976192434e-06
2  7  4.15859249933443093e-06
3  0  1.77119779340047821e-05
3  1  -1.38309327277548239e-05
3  2  8.09753608460953677e-06
3  3  8.46141069317559812e-06
3  4  2.30672684793379144e-05
3  5  1.41831510567294905e-05
3  6  5.51499529462146279e-06
3  7  4.34546492596765624e-06
4  0  4.82859141482542282e-05
4  1  -3.77055139053939940e-05
4  2  2.20752833845384013e-05
4  3  2.30672684793379076e-05
4  4  6.28853620740819848e-05
4  5  3.86657219667229605e-05
4  6  1.50348306844297612e-05
4  7  1.18464886943364371e-05
5  0  2.96890988584279066e-05
5  1  -2.31836292134389285e-05
5  2  1.35732186558399724e-05
5  3  1.41831510567294871e-05
5  4  3.86657219667229673e-05
5  5  2.37740231732576579e-05
5  6  9.24432274677974622e-06
5  7  7.28393735886470887e-06
6  0  1.15443486324637149e-05
6  1  -9.01475317529666370e-06
6  2  5.27782836976192519e-06
6  3  5.51499529462146279e-06
6  4  1.50348306844297646e-05
6  5  9.24432274677974622e-06
6  6  3.59457473494670363e-06
6  7  2.83229587697273035e-06
7  0  9.09621121969732536e-06
7  1  -7.10305116265669818e-06
7  2  4.15859249933442924e-06
7  3  4.34546492596765370e-06
7  4  1.18464886943364354e-05
7  5  7.28393735886470718e-06
7  6  2.83229587697273078e-06
7  7  2.23166870248301199e-06
