numXbins 8
numYbins 8
xbin  ybin  z
0  0  7.07221624161458152e-04
0  1  3.52515394689271631e-04
0  2  3.26861509539236826e-04
0  3  2.94741284974136088e-04
0  4  5.11422860543142913e-04
0  5  5.16512702368929297e-04
0  6  3.22270621259007661e-04
0  7  3.66039031175121319e-04
1  0  3.52515394689271685e-04
1  1  1.81255221983223021e-04
1  2  1.64571351806544610e-04
1  3  1.46156389476427524e-04
1  4  2.55504111926872649e-04
1  5  2.59572969081089532e-04
1  6  1.62294768198568073e-04
1  7  1.84517769204352864e-04
2  0  3.26861509539236664e-04
2  1  1.64571351806544583e-04
2  2  1.53704291744391562e-04
2  3  1.35694766060064022e-04
2  4  2.36232621001577402e-04
2  5  2.39415232383967982e-04
2  6  1.49566111936970527e-04
2  7  1.69979126178890775e-04
3  0  2.94741284974136088e-04
3  1  1.46156389476427524e-04
3  2  1.35694766060064022e-04
3  3  1.23698394598874972e-04
3  4  2.13639624382166039e-04
3  5  2.15264021486053880e-04
3  6  1.34190615100832723e-04
3  7  1.52349744406964701e-04
4  0  5.11422860543143021e-04
4  1  2.55504111926872703e-04
4  2  2.36232621001577402e-04
4  3  2.13639624382166093e-04
4  4  3.71498115910739123e-04
4  5  3.75421116714068663e-04
4  6  2.34349568614828415e-04
4  7  2.66243286574186844e-04
5  0  5.16512702368929297e-04
5  1  2.59572969081089640e-04
5  2  2.39415232383967982e-04
5  3  2.15264021486053934e-04
5  4  3.75421116714068717e-04
5  5  3.80471945535088224e-04
5  6  2.37783498151154451e-04
5  7  2.70299366714392138e-04
6  0  3.22270621259007661e-04
6  1  1.62294768198568073e-04
6  2  1.49566111936970554e-04
6  3  1.34190615100832723e-04
6  4  2.34349568614828415e-04
6  5  2.37783498151154424e-04
6  6  1.48696156265299068e-04
6  7  1.69079931559276778e-04
7  0  3.66039031175121210e-04
7  1  1.84517769204352918e-04
7  2  1.69979126178890748e-04
7  3  1.52349744406964701e-04
7  4  2.66243286574186844e-04
7  5  2.70299366714392138e-04
7  6  1.69079931559276806e-04
7  7  1.92286524270730787e-04
