numXbins 8
numYbins 8
xbin  ybin  z
0  0  9.82319654910663796e-07
0  1  -3.02763197633435004e-07
0  2  -1.70485196833550701e-07
0  3  8.52725323526801886e-08
0  4  1.99023885793143708e-07
0  5  4.34410453480091166e-07
0  6  2.38188279692076576e-07
0  7  2.44213944924385638e-07
1  0  -3.02763197633435163e-07
1  1  9.41637339353732885e-08
1  2  5.23018914072310632e-08
1  3  -2.43356365963796558e-08
1  4  -5.81948787312216728e-08
1  5  -1.28251507091791334e-07
1  6  -7.01685148830204607e-08
1  7  -7.18165101836069609e-08
2  0  -1.70485196833550728e-07
2  1  5.23018914072310566e-08
2  2  2.96583864690456962e-08
2  3  -1.53586887962306890e-08
2  4  -3.54455884944366228e-08
2  5  -7.70140293523126771e-08
2  6  -4.22706792906764904e-08
2  7  -4.33765687845591784e-08
3  0  8.52725323526801621e-08
3  1  -2.43356365963796657e-08
3  2  -1.53586887962306923e-08
3  3  1.18681818447927459e-08
3  4  2.44967244810914229e-08
3  5  5.06487228169993392e-08
3  6  2.81197719365738385e-08
3  7  2.91228123462689003e-08
4  0  1.99023885793143602e-07
4  1  -5.81948787312216596e-08
4  2  -3.54455884944366228e-08
4  3  2.44967244810914031e-08
4  4  5.19959589634821346e-08
4  5  1.08932118294654880e-07
4  6  6.02918953486490689e-08
4  7  6.22886935680236106e-08
5  0  4.34410453480091219e-07
5  1  -1.28251507091791334e-07
5  2  -7.70140293523126771e-08
5  3  5.06487228169993392e-08
5  4  1.08932118294654920e-07
5  5  2.29595353512059867e-07
5  6  1.26898683171523105e-07
5  7  1.30953984732222095e-07
6  0  2.38188279692076523e-07
6  1  -7.01685148830204607e-08
6  2  -4.22706792906764904e-08
6  3  2.81197719365738451e-08
6  4  6.02918953486490953e-08
6  5  1.26898683171523105e-07
6  6  7.01604529788328747e-08
6  7  7.24214882807650123e-08
7  0  2.44213944924385638e-07
7  1  -7.18165101836069742e-08
7  2  -4.33765687845591784e-08
7  3  2.91228123462688838e-08
7  4  6.22886935680236106e-08
7  5  1.30953984732222016e-07
7  6  7.24214882807649858e-08
7  7  7.47710698941938761e-08
