numXbins 5
numYbins 5
xbin  ybin  z
0  0  1.29979875061853855e-06
0  1  4.45373490187723867e-06
0  2  -1.29016900261751237e-06
0  3  -3.24258206958751619e-06
0  4  5.81586488303527836e-06
1  0  4.45373490187723867e-06
1  1  1.52606352073812686e-05
1  2  -4.42073875939899950e-06
1  3  -1.11106438043973364e-05
1  4  1.99279468470408910e-05
2  0  -1.29016900261751280e-06
2  1  -4.42073875939899950e-06
2  2  1.28061059800447125e-06
2  3  3.21855892893754738e-06
2  4  -5.77277720257321357e-06
3  0  -3.24258206958751916e-06
3  1  -1.11106438043973398e-05
3  2  3.21855892893754823e-06
3  3  8.08920494269362927e-06
3  4  -1.45087223540565031e-05
4  0  5.81586488303527751e-06
4  1  1.99279468470408910e-05
4  2  -5.77277720257321188e-06
4  3  -1.45087223540564946e-05
4  4  2.60227087628964761e-05
