numXbins 8
numYbins 8
xbin  ybin  z
0  0  2.41177029762880906e-04
0  1  -1.68366751295025846e-04
0  2  9.11323743466519477e-06
0  3  5.82417388345777672e-05
0  4  5.72128519588749099e-06
0  5  -4.72986069414314128e-05
0  6  -4.27559924193618448e-05
0  7  -5.58319405721919310e-05
1  0  -1.68366751295025738e-04
1  1  2.61444034215951848e-04
1  2  -1.17136549956552491e-04
1  3  -7.51043926448958225e-05
1  4  -2.48279939903843333e-05
1  5  3.73195709662063347e-05
1  6  3.70991680171717410e-05
1  7  4.95729146875285111e-05
2  0  9.11323743466538112e-06
2  1  -1.17136549956552559e-04
2  2  2.29985150013642934e-04
2  3  -2.67203722229539245e-05
2  4  -5.66037834565579772e-05
2  5  -2.58058369486199376e-05
2  6  -8.06188314631693210e-06
2  7  -4.76996171730707232e-06
3  0  5.82417388345778892e-05
3  1  -7.51043926448957547e-05
3  2  -2.67203722229539245e-05
3  3  1.07933389695053053e-04
3  4  3.67817588044523224e-05
3  5  -3.01377411848625046e-05
3  6  -3.04493580869847766e-05
3  7  -4.05450231943861486e-05
4  0  5.72128519588773917e-06
4  1  -2.48279939903843977e-05
4  2  -5.66037834565579772e-05
4  3  3.67817588044523901e-05
4  4  6.35231376853822959e-05
4  5  5.31123085167586396e-06
4  6  -1.05093408683053638e-05
4  7  -1.93962942221496196e-05
5  0  -4.72986069414310469e-05
5  1  3.73195709662063347e-05
5  2  -2.58058369486200020e-05
5  3  -3.01377411848625046e-05
5  4  5.31123085167561578e-06
5  5  2.55642834773695396e-05
5  6  1.64615307163212930e-05
5  7  1.85855690633410753e-05
6  0  -4.27559924193616619e-05
6  1  3.70991680171717410e-05
6  2  -8.06188314631693210e-06
6  3  -3.04493580869847156e-05
6  4  -1.05093408683053638e-05
6  5  1.64615307163213540e-05
6  6  1.63564932917373603e-05
6  7  2.18593824957385280e-05
7  0  -5.58319405721916803e-05
7  1  4.95729146875285720e-05
7  2  -4.76996171730710366e-06
7  3  -4.05450231943861486e-05
7  4  -1.93962942221496806e-05
7  5  1.85855690633410143e-05
7  6  2.18593824957384637e-05
7  7  3.05253534594269663e-05
