numXbins 8
numYbins 8
xbin  ybin  z
0  0  7.46760844962223710e-05
0  1  -3.29782841636049544e-05
0  2  8.02464920392161682e-06
0  3  3.91959505459264144e-05
0  4  3.99033122577497211e-05
0  5  2.53017354254206489e-05
0  6  1.17851555922954257e-05
0  7  1.11675939166717954e-05
1  0  -3.29782841636049544e-05
1  1  7.53007623557711632e-05
1  2  -5.18799448624745322e-05
1  3  -1.81609708829291997e-05
1  4  4.14062984510684120e-07
1  5  1.22695874994194057e-05
1  6  9.95934008344280544e-06
1  7  1.25204717935197948e-05
2  0  8.02464920392161004e-06
2  1  -5.18799448624745389e-05
2  2  1.01158886288887966e-04
2  3  -2.07904298226905648e-05
2  4  -1.84778465157315245e-05
2  5  -2.40183766666669674e-06
2  6  3.26388578130629578e-06
2  7  6.37542047988605601e-06
3  0  3.91959505459264144e-05
3  1  -1.81609708829291997e-05
3  2  -2.07904298226905648e-05
3  3  5.91265332153237245e-05
3  4  3.69078273908779019e-05
3  5  9.90044728367370692e-06
3  6  -1.51956453309365592e-07
3  7  -3.61005495895293350e-06
4  0  3.99033122577497211e-05
4  1  4.14062984510686555e-07
4  2  -1.84778465157315245e-05
4  3  3.69078273908779019e-05
4  4  4.77235611221560202e-05
4  5  2.64822467489449746e-05
4  6  1.12500416140565651e-05
4  7  9.91001772414099913e-06
5  0  2.53017354254206522e-05
5  1  1.22695874994194091e-05
5  2  -2.40183766666669674e-06
5  3  9.90044728367370523e-06
5  4  2.64822467489449746e-05
5  5  3.31896171895643182e-05
5  6  2.10750329296074397e-05
5  7  2.40299105687755657e-05
6  0  1.17851555922954257e-05
6  1  9.95934008344280544e-06
6  2  3.26388578130629578e-06
6  3  -1.51956453309366095e-07
6  4  1.12500416140565651e-05
6  5  2.10750329296074397e-05
6  6  1.51059960765928134e-05
6  7  1.81898732779779474e-05
7  0  1.11675939166717937e-05
7  1  1.25204717935197948e-05
7  2  6.37542047988605686e-06
7  3  -3.61005495895293350e-06
7  4  9.91001772414099913e-06
7  5  2.40299105687755657e-05
7  6  1.81898732779779474e-05
7  7  2.23876139537264450e-05
