numXbins 8
numYbins 8
xbin  ybin  z
0  0  4.40066666707482405e-05
0  1  1.13852893258227860e-05
0  2  1.84502761285588283e-05
0  3  1.17917048422772929e-05
0  4  2.76248931887810498e-05
0  5  2.96282049674848911e-05
0  6  1.91918724056181102e-05
0  7  2.22194084129917958e-05
1  0  1.13852893258227843e-05
1  1  4.70673773896983628e-06
1  2  6.05304129282299561e-06
1  3  3.30818248185207430e-06
1  4  8.14221915783892650e-06
1  5  9.04082618437234639e-06
1  6  6.08775575442813427e-06
1  7  7.18488646695050337e-06
2  0  1.84502761285588283e-05
2  1  6.05304129282299307e-06
2  2  9.14321905156544928e-06
2  3  5.67542968667923426e-06
2  4  1.27818192304652733e-05
2  5  1.32544751410791699e-05
2  6  8.57564541335278413e-06
2  7  9.93199755318301742e-06
3  0  1.17917048422772912e-05
3  1  3.30818248185207514e-06
3  2  5.67542968667923256e-06
3  3  4.07867862170970251e-06
3  4  8.43745634064515505e-06
3  5  8.02678183940569727e-06
3  6  4.97636735082977449e-06
3  7  5.64521396605086752e-06
4  0  2.76248931887810498e-05
4  1  8.14221915783892820e-06
4  2  1.27818192304652733e-05
4  3  8.43745634064515844e-06
4  4  1.89237826365613610e-05
4  5  1.94072378936402650e-05
4  6  1.24548797256043072e-05
4  7  1.43667331910298865e-05
5  0  2.96282049674848978e-05
5  1  9.04082618437234300e-06
5  2  1.32544751410791733e-05
5  3  8.02678183940569558e-06
5  4  1.94072378936402684e-05
5  5  2.12970112979225953e-05
5  6  1.40196898563954046e-05
5  7  1.63599473116294565e-05
6  0  1.91918724056181136e-05
6  1  6.08775575442813512e-06
6  2  8.57564541335278413e-06
6  3  4.97636735082977449e-06
6  4  1.24548797256043089e-05
6  5  1.40196898563954063e-05
6  6  9.33521614656368001e-06
6  7  1.09508953328328994e-05
7  0  2.22194084129917992e-05
7  1  7.18488646695050337e-06
7  2  9.93199755318302081e-06
7  3  5.64521396605086583e-06
7  4  1.43667331910298882e-05
7  5  1.63599473116294531e-05
7  6  1.09508953328328994e-05
7  7  1.28770218057344834e-05
