numXbins 8
numYbins 8
xbin  ybin  z
0  0  9.26951257780870442e-07
0  1  -2.49376323707999453e-07
0  2  -2.04282610683401632e-08
0  3  1.92747594779056046e-09
0  4  -2.38613307162078222e-08
0  5  -4.88123810818677589e-08
0  6  -3.68121775512803683e-08
0  7  -4.53130693144425544e-08
1  0  -2.49376323707999453e-07
1  1  1.46385553062834139e-07
1  2  -8.21490524300797812e-08
1  3  -1.39477249685093716e-08
1  4  2.03975227847984545e-09
1  5  7.45051161757013661e-09
1  6  5.86120244772700150e-09
1  7  7.32602674302697081e-09
2  0  -2.04282610683401566e-08
2  1  -8.21490524300797812e-08
2  2  1.33752906125319050e-07
2  3  -1.04065166119506157e-08
2  4  -1.64185289199483208e-08
2  5  -6.54317839946275617e-09
2  6  -1.18184208867006845e-09
2  7  2.70185477732086966e-10
3  0  1.92747594779056046e-09
3  1  -1.39477249685093716e-08
3  2  -1.04065166119506157e-08
3  3  4.10990167927410286e-08
3  4  3.17856911534367245e-08
3  5  1.17147569693140507e-08
3  6  3.13267354086962423e-09
3  7  1.34345980577799965e-09
4  0  -2.38613307162078222e-08
4  1  2.03975227847984587e-09
4  2  -1.64185289199483208e-08
4  3  3.17856911534367245e-08
4  4  4.31157007401792421e-08
4  5  1.80439458683756513e-08
4  6  6.29965361114132355e-09
4  7  4.57509115652721079e-09
5  0  -4.88123810818677589e-08
5  1  7.45051161757013661e-09
5  2  -6.54317839946275451e-09
5  3  1.17147569693140507e-08
5  4  1.80439458683756513e-08
5  5  1.13900485676687395e-08
5  6  5.72410793355162949e-09
5  7  5.77648455909083042e-09
6  0  -3.68121775512803683e-08
6  1  5.86120244772700150e-09
6  2  -1.18184208867006928e-09
6  3  3.13267354086962423e-09
6  4  6.29965361114132107e-09
6  5  5.72410793355162949e-09
6  6  3.42145855994840635e-09
6  7  3.80576216400991643e-09
7  0  -4.53130693144425544e-08
7  1  7.32602674302697164e-09
7  2  2.70185477732086966e-10
7  3  1.34345980577799965e-09
7  4  4.57509115652721079e-09
7  5  5.77648455909082959e-09
7  6  3.80576216400991643e-09
7  7  4.42584052914303197e-09
