numXbins 8
numYbins 8
xbin  ybin  z
0  0  1.08681194857561587e-03
0  1  2.66747598293752552e-04
0  2  4.06789972642225669e-04
0  3  4.86774712868360464e-04
0  4  7.44197586754889403e-04
0  5  6.93686169061592957e-04
0  6  4.10117550343597182e-04
0  7  4.52612529169931258e-04
1  0  2.66747598293752444e-04
1  1  4.48012317180505350e-04
1  2  1.33720828092943813e-04
1  3  9.85687866291240576e-05
1  4  2.76053038156180155e-04
1  5  3.36588207451041829e-04
1  6  2.16336844505177184e-04
1  7  2.48485331239190702e-04
2  0  4.06789972642225724e-04
2  1  1.33720828092943867e-04
2  2  4.04701021914935348e-04
2  3  1.42264537250671406e-04
2  4  2.53946329243360776e-04
2  5  2.93955470850583607e-04
2  6  1.87548475215624041e-04
2  7  2.14795734428892125e-04
3  0  4.86774712868360410e-04
3  1  9.85687866291240440e-05
3  2  1.42264537250671433e-04
3  3  2.79715240990228520e-04
3  4  3.65569665583008842e-04
3  5  2.97898487861635204e-04
3  6  1.65732217122338478e-04
3  7  1.76966149798317494e-04
4  0  7.44197586754889403e-04
4  1  2.76053038156180046e-04
4  2  2.53946329243360776e-04
4  3  3.65569665583008788e-04
4  4  6.30917850819951104e-04
4  5  5.61941450065312322e-04
4  6  3.23841364510716809e-04
4  7  3.52465908573264470e-04
5  0  6.93686169061593174e-04
5  1  3.36588207451041720e-04
5  2  2.93955470850583661e-04
5  3  2.97898487861635096e-04
5  4  5.61941450065312322e-04
5  5  5.67274428906242652e-04
5  6  3.41234146974097273e-04
5  7  3.79488426183422953e-04
6  0  4.10117550343597236e-04
6  1  2.16336844505177184e-04
6  2  1.87548475215624041e-04
6  3  1.65732217122338424e-04
6  4  3.23841364510716863e-04
6  5  3.41234146974097273e-04
6  6  2.10769038339025206e-04
6  7  2.37724958073254902e-04
7  0  4.52612529169931258e-04
7  1  2.48485331239190594e-04
7  2  2.14795734428892152e-04
7  3  1.76966149798317413e-04
7  4  3.52465908573264470e-04
7  5  3.79488426183422953e-04
7  6  2.37724958073254930e-04
7  7  2.70108227883096423e-04
