numXbins 8
numYbins 8
xbin  ybin  z
0  0  4.20325610315012416e-07
0  1  -1.52227001383451479e-07
0  2  -6.43782631274370436e-08
0  3  -1.47925195869060365e-08
0  4  7.57255096938253516e-09
0  5  2.84407210525284869e-08
0  6  9.92889757372173046e-09
0  7  5.81139521577050374e-09
1  0  -1.52227001383451452e-07
1  1  5.51348302241162779e-08
1  2  2.33204070516470270e-08
1  3  5.36779723120961752e-09
1  4  -2.71023906909183317e-09
1  5  -1.02954744381942967e-08
1  6  -3.59725957965653955e-09
1  7  -2.10833924134118455e-09
2  0  -6.43782631274370436e-08
2  1  2.33204070516470270e-08
2  2  9.86695806150723274e-09
2  3  2.27980687155395528e-09
2  4  -1.11625345505192640e-09
2  5  -4.34965457000814572e-09
2  6  -1.52258243466854699e-09
2  7  -8.95030369989722750e-10
3  0  -1.47925195869060332e-08
3  1  5.36779723120961834e-09
3  2  2.27980687155395569e-09
3  3  5.50895364588119849e-10
3  4  -1.73125562781146704e-10
3  5  -9.87186632096257095e-10
3  6  -3.53379355201698630e-10
3  7  -2.15106240506020368e-10
4  0  7.57255096938253020e-09
4  1  -2.71023906909183317e-09
4  2  -1.11625345505192702e-09
4  3  -1.73125562781146652e-10
4  4  4.24159049792806630e-10
4  5  5.54687057668804864e-10
4  6  1.66701299269332602e-10
4  7  7.20778150119210526e-11
5  0  2.84407210525284803e-08
5  1  -1.02954744381942951e-08
5  2  -4.34965457000814572e-09
5  3  -9.87186632096257095e-10
5  4  5.54687057668804037e-10
5  5  1.93061902353410753e-09
5  6  6.70034210522061549e-10
5  7  3.88423959951218315e-10
6  0  9.92889757372172054e-09
6  1  -3.59725957965653707e-09
6  2  -1.52258243466854658e-09
6  3  -3.53379355201697906e-10
6  4  1.66701299269333430e-10
6  5  6.70034210522062997e-10
6  6  2.35054943211809363e-10
6  7  1.38656782411260274e-10
7  0  5.81139521577050209e-09
7  1  -2.10833924134118290e-09
7  2  -8.95030369989722750e-10
7  3  -2.15106240506020316e-10
7  4  7.20778150119205744e-11
7  5  3.88423959951218212e-10
7  6  1.38656782411259214e-10
7  7  8.40460363716126311e-11
