numXbins 5
numYbins 5
xbin  ybin  z
0  0  3.84634079373442379e-05
0  1  1.01322792288892431e-05
0  2  6.51380189025676745e-05
0  3  3.30824348791193277e-05
0  4  4.09834029096649183e-05
1  0  1.01322792288892431e-05
1  1  2.66911040590619136e-06
1  2  1.71590774538906179e-05
1  3  8.71478856769045690e-06
1  4  1.07961125729481722e-05
2  0  6.51380189025676609e-05
2  1  1.71590774538906213e-05
2  2  1.10311637321969038e-04
2  3  5.60253077940817663e-05
2  4  6.94056459523805912e-05
3  0  3.30824348791193345e-05
3  1  8.71478856769045352e-06
3  2  5.60253077940817799e-05
3  3  2.84542518778885675e-05
3  4  3.52498863359249908e-05
4  0  4.09834029096649115e-05
4  1  1.07961125729481756e-05
4  2  6.94056459523805912e-05
4  3  3.52498863359249840e-05
4  4  4.36684995981638806e-05
