numXbins 5
numYbins 5
xbin  ybin  z
0  0  2.56641346623167558e-04
0  1  -7.36253741405167863e-05
0  2  2.46823255829436918e-04
0  3  2.55378680543116984e-04
0  4  2.90747604736883453e-04
1  0  -7.36253741405167863e-05
1  1  1.73364767649295817e-04
1  2  -7.58013315807450538e-05
1  3  -1.35747376594614976e-04
1  4  1.55500036433774785e-05
2  0  2.46823255829436972e-04
2  1  -7.58013315807450538e-05
2  2  3.29030108039423286e-04
2  3  1.81049527542094854e-04
2  4  1.97414098041076970e-04
3  0  2.55378680543116984e-04
3  1  -1.35747376594614949e-04
3  2  1.81049527542094827e-04
3  3  3.79123155540271996e-04
3  4  3.20625874773320947e-04
4  0  2.90747604736883399e-04
4  1  1.55500036433775090e-05
4  2  1.97414098041076889e-04
4  3  3.20625874773320947e-04
4  4  4.67395807113414467e-04
