numXbins 8
numYbins 8
xbin  ybin  z
0  0  1.27670608829629319e-04
0  1  5.02719062785260615e-05
0  2  4.54389040279509968e-05
0  3  4.74517688125752991e-05
0  4  7.63721075858961313e-05
0  5  6.83006528748419776e-05
0  6  4.00143838233738816e-05
0  7  4.39860812666593111e-05
1  0  5.02719062785260480e-05
1  1  2.31971273330007769e-05
1  2  1.69698419954184899e-05
1  3  1.91263653746881020e-05
1  4  3.14771704128727071e-05
1  5  2.82803532739305323e-05
1  6  1.66863092315347327e-05
1  7  1.84184874924534200e-05
2  0  4.54389040279509968e-05
2  1  1.69698419954184797e-05
2  2  2.10563777545588106e-05
2  3  1.61913888432007019e-05
2  4  2.80548542475778394e-05
2  5  2.69464313137773429e-05
2  6  1.64207278838517490e-05
2  7  1.84312035523344391e-05
3  0  4.74517688125752991e-05
3  1  1.91263653746880986e-05
3  2  1.61913888432007053e-05
3  3  1.86072850626447775e-05
3  4  2.90026196197144927e-05
3  5  2.52688061337068010e-05
3  6  1.46467658266434575e-05
3  7  1.60113210944956235e-05
4  0  7.63721075858961177e-05
4  1  3.14771704128727003e-05
4  2  2.80548542475778461e-05
4  3  2.90026196197144927e-05
4  4  4.83582670769149595e-05
4  5  4.37943124855640913e-05
4  6  2.59732860876024031e-05
4  7  2.87509950442437895e-05
5  0  6.83006528748419912e-05
5  1  2.82803532739305323e-05
5  2  2.69464313137773497e-05
5  3  2.52688061337067909e-05
5  4  4.37943124855640846e-05
5  5  4.12954546584664171e-05
5  6  2.49565534005281001e-05
5  7  2.78947165988244292e-05
6  0  4.00143838233738884e-05
6  1  1.66863092315347327e-05
6  2  1.64207278838517490e-05
6  3  1.46467658266434575e-05
6  4  2.59732860876023997e-05
6  5  2.49565534005281001e-05
6  6  1.52359004647381512e-05
6  7  1.71191996686211246e-05
7  0  4.39860812666593111e-05
7  1  1.84184874924534200e-05
7  2  1.84312035523344425e-05
7  3  1.60113210944956168e-05
7  4  2.87509950442437794e-05
7  5  2.78947165988244360e-05
7  6  1.71191996686211246e-05
7  7  1.92871500911497513e-05
