numXbins 8
numYbins 8
xbin  ybin  z
0  0  2.03587572480252549e-05
0  1  6.62849942072284453e-06
0  2  8.91668415413285586e-06
0  3  4.30534041272628559e-06
0  4  1.18554634328184597e-05
0  5  1.43338481901092499e-05
0  6  9.48916775372311028e-06
0  7  1.10769138698169472e-05
1  0  6.62849942072284537e-06
1  1  2.25639537165082491e-06
1  2  2.99873350276590578e-06
1  3  1.44280110406716141e-06
1  4  3.96914307910428662e-06
1  5  4.79374767192030826e-06
1  6  3.17685593898113908e-06
1  7  3.71053844858772272e-06
2  0  8.91668415413285417e-06
2  1  2.99873350276590578e-06
2  2  3.99831990762144924e-06
2  3  1.92558070349455101e-06
2  4  5.29866030736279765e-06
2  5  6.40133975714787007e-06
2  6  4.24100942337228169e-06
2  7  4.95269066061095770e-06
3  0  4.30534041272628559e-06
3  1  1.44280110406716099e-06
3  2  1.92558070349455016e-06
3  3  9.27614370433472131e-07
3  4  2.55273161819902464e-06
3  5  3.08423088542232360e-06
3  6  2.04319123102991068e-06
3  7  2.38594962819174362e-06
4  0  1.18554634328184597e-05
4  1  3.96914307910428662e-06
4  2  5.29866030736279680e-06
4  3  2.55273161819902549e-06
4  4  7.02509153764772439e-06
4  5  8.48796997673054667e-06
4  6  5.62284403880191537e-06
4  7  6.56603038132309595e-06
5  0  1.43338481901092482e-05
5  1  4.79374767192030910e-06
5  2  6.40133975714787007e-06
5  3  3.08423088542232317e-06
5  4  8.48796997673054498e-06
5  5  1.02557374103342374e-05
5  6  6.79372709352558456e-06
5  7  7.93321020941978508e-06
6  0  9.48916775372311028e-06
6  1  3.17685593898113951e-06
6  2  4.24100942337228084e-06
6  3  2.04319123102991068e-06
6  4  5.62284403880191537e-06
6  5  6.79372709352558372e-06
6  6  4.50049301249491288e-06
6  7  5.25541272984899512e-06
7  0  1.10769138698169455e-05
7  1  3.71053844858772229e-06
7  2  4.95269066061095770e-06
7  3  2.38594962819174446e-06
7  4  6.56603038132309764e-06
7  5  7.93321020941978677e-06
7  6  5.25541272984899681e-06
7  7  6.13700901221844889e-06
