numXbins 8
numYbins 8
xbin  ybin  z
0  0  7.97563006069191042e-06
0  1  -3.39029142973945140e-06
0  2  9.21421912190027979e-07
0  3  3.21773745531420236e-06
0  4  3.49446398939091744e-06
0  5  2.32975902224333427e-06
0  6  1.11007479039065837e-06
0  7  1.06856200665674621e-06
1  0  -3.39029142973945140e-06
1  1  7.16484023543496660e-06
1  2  -4.95056506226368494e-06
1  3  -1.53352012309805577e-06
1  4  4.96371950738960368e-08
1  5  1.08007464234806274e-06
1  6  8.72484366449613926e-07
1  7  1.09496780627381589e-06
2  0  9.21421912190027979e-07
2  1  -4.95056506226368409e-06
2  2  9.24176527752932138e-06
2  3  -1.61184481593282109e-06
2  4  -1.53104132693805301e-06
2  5  -1.72140670825559974e-07
2  6  3.04695235208901772e-07
2  7  5.77577445601325535e-07
3  0  3.21773745531420236e-06
3  1  -1.53352012309805577e-06
3  2  -1.61184481593282066e-06
3  3  4.58577603802041169e-06
3  4  3.06162007119562788e-06
3  5  9.36965251922122137e-07
3  6  7.27739464408093689e-08
3  7  -1.96433869518834810e-07
4  0  3.49446398939091786e-06
4  1  4.96371950738960235e-08
4  2  -1.53104132693805322e-06
4  3  3.06162007119562830e-06
4  4  4.24448232162279401e-06
4  5  2.48588188003060892e-06
4  6  1.09629924721644689e-06
4  7  9.96427592559855780e-07
5  0  2.32975902224333427e-06
5  1  1.08007464234806253e-06
5  2  -1.72140670825560080e-07
5  3  9.36965251922121819e-07
5  4  2.48588188003060808e-06
5  5  3.12932329841648723e-06
5  6  1.97922812658056168e-06
5  7  2.25152223368441282e-06
6  0  1.11007479039065837e-06
6  1  8.72484366449613926e-07
6  2  3.04695235208901772e-07
6  3  7.27739464408094086e-08
6  4  1.09629924721644668e-06
6  5  1.97922812658056168e-06
6  6  1.40426981377357711e-06
6  7  1.68365049628591710e-06
7  0  1.06856200665674578e-06
7  1  1.09496780627381589e-06
7  2  5.77577445601325640e-07
7  3  -1.96433869518834863e-07
7  4  9.96427592559855992e-07
7  5  2.25152223368441282e-06
7  6  1.68365049628591710e-06
7  7  2.06248375959186068e-06
