numXbins 5
numYbins 5
xbin  ybin  z
0  0  9.03577999741344007e-02
0  1  -5.59203881874581388e+00
0  2  2.90635961629106454e+00
0  3  -1.35859165085137290e-01
0  4  3.01860470116111701e+00
1  0  -1.14479899016467290e+00
1  1  6.10084243898779821e+00
1  2  -3.04172838303379844e+00
1  3  -4.31064284523935637e-01
1  4  1.27043928041096499e+00
2  0  -5.45394511790048830e-01
2  1  -5.13827012161418128e+00
2  2  7.87465411714604002e+00
2  3  -8.48829786959286903e-01
2  4  9.16860296052032564e-01
3  0  -5.29736877661265759e-01
3  1  -3.44296591602695612e+00
3  2  -7.28721787325492976e-01
3  3  5.60855597259166672e+00
3  4  1.53849256863652761e+00
4  0  -7.57286216663563105e-01
4  1  -3.39866276733178907e+00
4  2  -2.24139552443132439e+00
4  3  7.93172444667930132e-01
4  4  6.17545114467383804e+00
