numXbins 5
numYbins 5
xbin  ybin  z
0  0  4.21431300373930760e-06
0  1  1.30630515541465169e-06
0  2  1.20215184223186819e-05
0  3  4.04395443475063441e-05
0  4  -9.42849432717522897e-06
1  0  1.30630515541464873e-06
1  1  4.04913720824436000e-07
1  2  3.72629452939383068e-06
1  3  1.25349932994760323e-05
1  4  -2.92253820170892333e-06
2  0  1.20215184223186785e-05
2  1  3.72629452939383450e-06
2  2  3.42919249353143278e-05
2  3  1.15355629003439106e-04
2  4  -2.68952064424960520e-05
3  0  4.04395443475063374e-05
3  1  1.25349932994760357e-05
3  2  1.15355629003439120e-04
3  3  3.88048240741231145e-04
3  4  -9.04735870676207934e-05
4  0  -9.42849432717523236e-06
4  1  -2.92253820170892333e-06
4  2  -2.68952064424960351e-05
4  3  -9.04735870676207527e-05
4  4  2.10939494049679654e-05
