numXbins 5
numYbins 5
xbin  ybin  z
0  0  5.34231153511862241e-05
0  1  1.79865756323918201e-05
0  2  4.57152627773230524e-05
0  3  9.38291761236334987e-05
0  4  9.19398348344562053e-05
1  0  1.79865756323918201e-05
1  1  6.05574760762369905e-06
1  2  1.53914841186948789e-05
1  3  3.15905495547869590e-05
1  4  3.09544432594165530e-05
2  0  4.57152627773230592e-05
2  1  1.53914841186948789e-05
2  2  3.91194941938797843e-05
2  3  8.02915632020773356e-05
2  4  7.86748148536702289e-05
3  0  9.38291761236335122e-05
3  1  3.15905495547869387e-05
3  2  8.02915632020773491e-05
3  3  1.64795973319147959e-04
3  4  1.61477646871606830e-04
4  0  9.19398348344562053e-05
4  1  3.09544432594165665e-05
4  2  7.86748148536703374e-05
4  3  1.61477646871606911e-04
4  4  1.58226138139272589e-04
