numXbins 5
numYbins 5
xbin  ybin  z
0  0  2.97197690353038911e-07
0  1  -1.50711268050224499e-06
0  2  -3.76632793296248221e-06
0  3  -3.52989101515956829e-06
0  4  -1.90005597969453706e-06
1  0  -1.50711268050224499e-06
1  1  7.64268601492998287e-06
1  2  1.90993428648612460e-05
1  3  1.79003528036116677e-05
1  4  9.63533214965467721e-06
2  0  -3.76632793296247628e-06
2  1  1.90993428648612460e-05
2  2  4.77299338422276028e-05
2  3  4.47336152408050523e-05
2  4  2.40790360854254237e-05
3  0  -3.52989101515957210e-06
3  1  1.79003528036116677e-05
3  2  4.47336152408050455e-05
3  3  4.19253950597764464e-05
3  4  2.25674382699837872e-05
4  0  -1.90005597969453748e-06
4  1  9.63533214965467551e-06
4  2  2.40790360854254135e-05
4  3  2.25674382699837872e-05
4  4  1.21475127269139256e-05
