numXbins 5
numYbins 5
xbin  ybin  z
0  0  1.24507969078922427e-05
0  1  9.24824628061800200e-06
0  2  2.05394320093194591e-05
0  3  2.53034990456274184e-05
0  4  2.10124771624308864e-05
1  0  9.24824628061800200e-06
1  1  9.73921654742259645e-06
1  2  2.31815117217319207e-05
1  3  2.80785476017940400e-05
1  4  1.48073242845995944e-05
2  0  2.05394320093194659e-05
2  1  2.31815117217319207e-05
2  2  5.60619400643046632e-05
2  3  6.85481122373013163e-05
2  4  3.29509006613937404e-05
3  0  2.53034990456274319e-05
3  1  2.80785476017940400e-05
3  2  6.85481122373013163e-05
3  3  8.61864266353945112e-05
3  4  4.27422006989423134e-05
4  0  2.10124771624308797e-05
4  1  1.48073242845995910e-05
4  2  3.29509006613937336e-05
4  3  4.27422006989423134e-05
4  4  4.34531960596677062e-05
