numXbins 5
numYbins 5
xbin  ybin  z
0  0  2.21016461707460824e-04
0  1  1.17606904114390747e-04
0  2  2.04140692915720387e-04
0  3  1.55251447177676935e-04
0  4  2.44660410961661896e-04
1  0  1.17606904114390693e-04
1  1  6.25807860125768034e-05
1  2  1.08626998695518197e-04
1  3  8.26121363123291961e-05
1  4  1.30188282222347591e-04
2  0  2.04140692915720387e-04
2  1  1.08626998695518224e-04
2  2  1.88553477791485625e-04
2  3  1.43397182988879010e-04
2  4  2.25979302342041552e-04
3  0  1.55251447177676962e-04
3  1  8.26121363123291961e-05
3  2  1.43397182988879010e-04
3  3  1.09055278799395305e-04
3  4  1.71859971766080238e-04
4  0  2.44660410961661842e-04
4  1  1.30188282222347537e-04
4  2  2.25979302342041552e-04
4  3  1.71859971766080238e-04
4  4  2.70833747990947122e-04
