numXbins 5
numYbins 5
xbin  ybin  z
0  0  7.78564950027539861e-07
0  1  -1.06018255186754835e-08
0  2  -2.39464453778080927e-07
0  3  -7.06568033467465643e-08
0  4  -4.44788317222190557e-08
1  0  -1.06018255186754868e-08
1  1  6.53877829349537161e-08
1  2  1.98541660413220539e-07
1  3  2.69122311705115365e-07
1  4  -1.12528286121831414e-07
2  0  -2.39464453778081032e-07
2  1  1.98541660413220539e-07
2  2  7.34272851527810782e-07
2  3  1.14328928164516266e-06
2  4  -2.23583682220340993e-07
3  0  -7.06568033467465776e-08
3  1  2.69122311705115365e-07
3  2  1.14328928164516266e-06
3  3  2.45881493708757637e-06
3  4  1.09392042708472874e-07
4  0  -4.44788317222190623e-08
4  1  -1.12528286121831414e-07
4  2  -2.23583682220340993e-07
4  3  1.09392042708472874e-07
4  4  2.00528312286651816e-06
