numXbins 5
numYbins 5
xbin  ybin  z
0  0  1.21786904260321531e-06
0  1  -3.81026990979070332e-06
0  2  -9.79545307605628375e-06
0  3  -8.48164508484191675e-06
0  4  2.20257663562519379e-07
1  0  -3.81026990979070459e-06
1  1  1.19209506749786952e-05
1  2  3.06464150108330427e-05
1  3  2.65359869754292132e-05
1  4  -6.89106232702309055e-07
2  0  -9.79545307605628375e-06
2  1  3.06464150108330495e-05
2  2  7.87858937280512946e-05
2  3  6.82187932610095493e-05
2  4  -1.77155632715378220e-06
3  0  -8.48164508484191506e-06
3  1  2.65359869754292132e-05
3  2  6.82187932610095493e-05
3  3  5.90689974280434157e-05
3  4  -1.53394762835961929e-06
4  0  2.20257663562518506e-07
4  1  -6.89106232702309902e-07
4  2  -1.77155632715378559e-06
4  3  -1.53394762835961717e-06
4  4  3.98346921228254949e-08
