numXbins 5
numYbins 5
xbin  ybin  z
0  0  5.36624323391937717e-07
0  1  -1.71023674546925381e-07
0  2  -6.41413506889663464e-07
0  3  -5.41302371370025636e-07
0  4  1.85872849607541316e-06
1  0  -1.71023674546925328e-07
1  1  5.90751677479305413e-07
1  2  2.09260302722497635e-06
1  3  3.62480461743661978e-06
1  4  5.07536727775081988e-07
2  0  -6.41413506889663358e-07
2  1  2.09260302722497677e-06
2  2  7.41517071011813782e-06
2  3  1.28029093402450884e-05
2  4  1.65124710484201337e-06
3  0  -5.41302371370025636e-07
3  1  3.62480461743662105e-06
3  2  1.28029093402450918e-05
3  3  2.27714690837479896e-05
3  4  5.20621860255266078e-06
4  0  1.85872849607541274e-06
4  1  5.07536727775081988e-07
4  2  1.65124710484201189e-06
4  3  5.20621860255265909e-06
4  4  8.69425073177162163e-06
