numXbins 5
numYbins 5
xbin  ybin  z
0  0  1.06016055768299612e-06
0  1  -2.18800414031773946e-07
0  2  -8.47834789662997619e-07
0  3  -3.02663080994409468e-07
0  4  3.91441048538997987e-06
1  0  -2.18800414031773893e-07
1  1  4.51569536647397509e-08
1  2  1.74979725159965009e-07
1  3  6.24648851098936081e-08
1  4  -8.07872570514685646e-07
2  0  -8.47834789662997619e-07
2  1  1.74979725159965009e-07
2  2  6.78032987884311423e-07
2  3  2.42046629403448967e-07
2  4  -3.13044412611283824e-06
3  0  -3.02663080994409256e-07
3  1  6.24648851098936214e-08
3  2  2.42046629403449073e-07
3  3  8.64066673044628931e-08
3  4  -1.11751708663284313e-06
4  0  3.91441048538997903e-06
4  1  -8.07872570514685646e-07
4  2  -3.13044412611283866e-06
4  3  -1.11751708663284355e-06
4  4  1.44531027277782429e-05
