numXbins 5
numYbins 5
xbin  ybin  z
0  0  1.42156094651805999e-03
0  1  1.01658049453620864e-03
0  2  2.23550512553533217e-03
0  3  2.69726836930613261e-03
0  4  1.78856237281821927e-03
1  0  1.01658049453620864e-03
1  1  9.74700455329934783e-04
1  2  2.22931455251836183e-03
1  3  2.55064637258310212e-03
1  4  1.47696515119815903e-03
2  0  2.23550512553533261e-03
2  1  2.22931455251836226e-03
2  2  5.21272200808515791e-03
2  3  6.19232454382935907e-03
2  4  3.34890968698927467e-03
3  0  2.69726836930613261e-03
3  1  2.55064637258310212e-03
3  2  6.19232454382935907e-03
3  3  8.16618399064936683e-03
3  4  4.06838649482444727e-03
4  0  1.78856237281821884e-03
4  1  1.47696515119815903e-03
4  2  3.34890968698927510e-03
4  3  4.06838649482444727e-03
4  4  3.00495534098264979e-03
