numXbins 5
numYbins 5
xbin  ybin  z
0  0  2.71649985257911732e-06
0  1  5.25410636716042903e-06
0  2  1.27804664428552059e-05
0  3  1.33693677060148136e-05
0  4  6.43069328583792417e-07
1  0  5.25410636716042987e-06
1  1  1.01622913434027927e-05
1  2  2.47188725313586873e-05
1  3  2.58558314583271684e-05
1  4  1.24177135649163844e-06
2  0  1.27804664428552059e-05
2  1  2.47188725313586805e-05
2  2  6.01309663020270643e-05
2  3  6.29116459661079909e-05
2  4  3.03531524821317174e-06
3  0  1.33693677060148170e-05
3  1  2.58558314583271650e-05
3  2  6.29116459661079773e-05
3  3  6.58703752981251012e-05
3  4  3.22404484687718881e-06
4  0  6.43069328583792417e-07
4  1  1.24177135649163653e-06
4  2  3.03531524821317174e-06
4  3  3.22404484687718839e-06
4  4  2.00512088605083165e-07
