numXbins 5
numYbins 5
xbin  ybin  z
0  0  1.09426739025927925e-06
0  1  -1.96438425110363610e-07
0  2  -8.08451050126675750e-07
0  3  -2.73046520864480664e-07
0  4  4.00231555131321497e-06
1  0  -1.96438425110363610e-07
1  1  3.60060281814681407e-08
1  2  1.46812600510207871e-07
1  3  5.00096439340246317e-08
1  4  -7.19439339946878676e-07
2  0  -8.08451050126675538e-07
2  1  1.46812600510207871e-07
2  2  6.01103537517269861e-07
2  3  2.03980733185095694e-07
2  4  -2.95911023692587312e-06
3  0  -2.73046520864480611e-07
3  1  5.00096439340246184e-08
3  2  2.03980733185095879e-07
3  3  6.94615308814768465e-08
3  4  -9.99960683572431382e-07
4  0  4.00231555131321497e-06
4  1  -7.19439339946878782e-07
4  2  -2.95911023692587312e-06
4  3  -9.99960683572430958e-07
4  4  1.46398298485856715e-05
