numXbins 5
numYbins 5
xbin  ybin  z
0  0  3.43838652143520782e-04
0  1  1.64777524978227832e-05
0  2  -1.30159796390898322e-04
0  3  -2.83728659445515736e-04
0  4  5.35720511950708958e-05
1  0  1.64777524978231593e-05
1  1  6.30393234439968639e-05
1  2  9.18813230877528508e-05
1  3  -1.07334050370645886e-04
1  4  -6.40643486589256801e-05
2  0  -1.30159796390897942e-04
2  1  9.18813230877528508e-05
2  2  2.23869626841295552e-04
2  3  3.06750699685828484e-05
2  4  -2.16266223506729189e-04
3  0  -2.83728659445514977e-04
3  1  -1.07334050370646252e-04
3  2  3.06750699685828484e-05
3  3  6.35596151995459395e-04
3  4  -2.75208512147876068e-04
4  0  5.35720511950708958e-05
4  1  -6.40643486589258698e-05
4  2  -2.16266223506728431e-04
4  3  -2.75208512147876068e-04
4  4  5.01967033118462698e-04
