numXbins 5
numYbins 5
xbin  ybin  z
0  0  1.03441234415421510e-04
0  1  7.54243947538472471e-05
0  2  1.93875492644804030e-04
0  3  3.23453545239817889e-04
0  4  2.10692383699165033e-04
1  0  7.54243947538472335e-05
1  1  5.49958568856372728e-05
1  2  1.41364725324258605e-04
1  3  2.35846836308270985e-04
1  4  1.53626796988278348e-04
2  0  1.93875492644804030e-04
2  1  1.41364725324258605e-04
2  2  3.63372564729000586e-04
2  3  6.06235180636330870e-04
2  4  3.94891746188344699e-04
3  0  3.23453545239817781e-04
3  1  2.35846836308270985e-04
3  2  6.06235180636330870e-04
3  3  1.01141673839701693e-03
3  4  6.58820429277117391e-04
4  0  2.10692383699165005e-04
4  1  1.53626796988278348e-04
4  2  3.94891746188344754e-04
4  3  6.58820429277117391e-04
4  4  4.29144922715830564e-04
