numXbins 5
numYbins 5
xbin  ybin  z
0  0  4.02202151744705610e-04
0  1  2.07564678353031902e-04
0  2  4.58511840237313091e-04
0  3  6.89053440286084735e-04
0  4  5.52985707754188567e-04
1  0  2.07564678353031875e-04
1  1  1.52325028298775191e-04
1  2  3.49925299783806728e-04
1  3  4.63152267223777652e-04
1  4  3.40918457863740850e-04
2  0  4.58511840237313091e-04
2  1  3.49925299783806782e-04
2  2  8.73578551201766701e-04
2  3  1.32341231948909484e-03
2  4  7.78616483966925116e-04
3  0  6.89053440286084519e-04
3  1  4.63152267223777652e-04
3  2  1.32341231948909484e-03
3  3  2.52026948790221896e-03
3  4  1.12285497727147290e-03
4  0  5.52985707754188567e-04
4  1  3.40918457863740904e-04
4  2  7.78616483966925116e-04
4  3  1.12285497727147268e-03
4  4  9.50883424700382633e-04
