numXbins 5
numYbins 5
xbin  ybin  z
0  0  2.87276625725634120e-05
0  1  4.47479068469320880e-06
0  2  -8.27038380449094141e-08
0  3  -3.52848476932082039e-06
0  4  1.89172069413099865e-05
1  0  4.47479068469320965e-06
1  1  7.67848263182369405e-07
1  2  1.42962280848162297e-07
1  3  -5.17804524877756570e-07
1  4  2.35331731543422996e-06
2  0  -8.27038380449102876e-08
2  1  1.42962280848162614e-07
2  2  3.43145454011222047e-07
2  3  8.01570286131919163e-08
2  4  -1.35999232234991058e-06
3  0  -3.52848476932082251e-06
3  1  -5.17804524877756464e-07
3  2  8.01570286131915987e-08
3  3  4.47676448125351164e-07
3  4  -2.59001512058985933e-06
4  0  1.89172069413099831e-05
4  1  2.35331731543423081e-06
4  2  -1.35999232234991058e-06
4  3  -2.59001512058985848e-06
4  4  1.74274847141595817e-05
