numXbins 5
numYbins 5
xbin  ybin  z
0  0  2.03559982443629930e-06
0  1  6.46877482264380322e-07
0  2  1.36847188237003161e-06
0  3  3.02838709974786655e-06
0  4  5.47081848843485267e-06
1  0  6.46877482264380428e-07
1  1  4.02484499956853419e-07
1  2  9.87872740251061099e-07
1  3  1.62852174566782444e-06
1  4  1.36108052524367842e-06
2  0  1.36847188237003139e-06
2  1  9.87872740251061311e-07
2  2  2.47293719289778747e-06
2  3  3.90662251995243948e-06
2  4  2.61789380835478350e-06
3  0  3.02838709974786570e-06
3  1  1.62852174566782444e-06
3  2  3.90662251995243778e-06
3  3  6.75889869656262313e-06
3  4  6.86213583482801630e-06
4  0  5.47081848843485267e-06
4  1  1.36108052524367863e-06
4  2  2.61789380835478393e-06
4  3  6.86213583482801545e-06
4  4  1.54266960094780021e-05
