numXbins 5
numYbins 5
xbin  ybin  z
0  0  4.08019419799215299e+00
0  1  1.72847192738196931e+00
0  2  -8.46684872677916811e-01
0  3  4.21835213826732669e-01
0  4  -1.50005161636649120e-01
1  0  -1.60717905600199940e-01
1  1  2.57751938780890644e+00
1  2  6.04337408993066982e-01
1  3  3.01042252025447432e-01
1  4  -3.10078279752554975e-01
2  0  -1.82265077031778056e+00
2  1  5.27038781199388673e+00
2  2  1.63968597665025939e+00
2  3  1.34168673916496850e+00
2  4  -8.09265029255198165e-01
3  0  -1.91282813766124105e+00
3  1  3.43406158554716257e+00
3  2  7.56121234292955746e-01
3  3  3.57195187849490514e+00
3  4  -6.51432793499339802e-01
4  0  -4.82391074095320671e-01
4  1  2.58689100044536513e+00
4  2  -1.15857385428366677e+00
4  3  5.97876223262070461e-01
4  4  4.23159215102658504e+00
