numXbins 6
numYbins 6
xbin  ybin  z
0  0  4.21572510618716478e-01
0  1  3.19177709519863129e-01
0  2  1.86934337019920349e-01
0  3  2.46615135110914707e-01
0  4  1.07145387853961438e-01
0  5  -3.26226972829317674e-02
1  0  1.14821827271953225e-01
1  1  1.25183276832103729e-01
1  2  1.29100480116903782e-01
1  3  1.01414457662031054e-01
1  4  2.68612244690302759e-02
1  5  -1.03422830325143877e-02
2  0  1.02039194898679852e-01
2  1  1.18788164108991623e-01
2  2  1.37069345451891422e-01
2  3  1.08921106671914458e-01
2  4  2.42169525299686939e-02
2  5  -9.53009486693190411e-03
3  0  1.63763833697885275e-01
3  1  1.74628445878624916e-01
3  2  2.10609829053282738e-01
3  3  2.03266369644552469e-01
3  4  4.58179397683124989e-02
3  5  -1.47222594896447845e-02
4  0  3.40292943641543388e-01
4  1  2.28198073804378510e-01
4  2  7.96885043382644653e-02
4  3  2.21913135610520840e-01
4  4  1.90865564974956214e-01
4  5  -2.07227609207620844e-02
5  0  -2.91998364031314850e-01
5  1  -2.04544484615325928e-01
5  2  -1.65392965078353882e-01
5  3  -1.04032568633556366e-01
5  4  2.54458846058696508e-01
5  5  4.79850388306658715e-01
