numXbins 6
numYbins 6
xbin  ybin  z
0  0  1.17310011611500070e-03
0  1  4.59868644306412472e-04
0  2  4.54516257410392233e-04
0  3  7.36420154873064677e-04
0  4  9.49037577630017725e-04
0  5  2.55355953872114078e-04
1  0  4.59868644306412580e-04
1  1  1.81427615663560426e-04
1  2  1.79511542814614041e-04
1  3  2.90602834071260348e-04
1  4  3.70267956321461281e-04
1  5  1.03607123755112629e-04
2  0  4.54516257410392179e-04
2  1  1.79511542814614041e-04
2  2  1.77661532259055886e-04
2  3  2.87608388757393371e-04
2  4  3.65594180820255480e-04
2  5  1.02951270658966563e-04
3  0  7.36420154873064677e-04
3  1  2.90602834071260457e-04
3  2  2.87608388757393263e-04
3  3  4.65786591780422451e-04
3  4  5.92546999006667648e-04
3  5  1.65951177133004103e-04
4  0  9.49037577630017291e-04
4  1  3.70267956321461119e-04
4  2  3.65594180820255480e-04
4  3  5.92546999006667539e-04
4  4  7.71910006733757541e-04
4  5  2.02645335229357615e-04
5  0  2.55355953872114891e-04
5  1  1.03607123755112562e-04
5  2  1.02951270658966862e-04
5  3  1.65951177133004130e-04
5  4  2.02645335229357669e-04
5  5  1.16001274170519569e-04
