numXbins 6
numYbins 6
xbin  ybin  z
0  0  3.85794894704983034e-05
0  1  1.44473537380728970e-05
0  2  1.40747689967930737e-05
0  3  2.24741724264728041e-05
0  4  2.70872796991331680e-05
0  5  -8.82391049677792806e-05
1  0  1.44473537380729004e-05
1  1  5.85858249527674497e-06
1  2  5.84945343138668220e-06
1  3  9.44953640382629158e-06
1  4  9.08119935490060393e-06
1  5  -3.23741510988603985e-05
2  0  1.40747689967930720e-05
2  1  5.84945343138668136e-06
2  2  5.89285556482582843e-06
2  3  9.58891984880573395e-06
2  4  8.52444000449286637e-06
2  5  -3.06941696451356209e-05
3  0  2.24741724264728075e-05
3  1  9.44953640382629327e-06
3  2  9.58891984880573565e-06
3  3  1.57609509032228195e-05
3  4  1.35078207691546944e-05
3  5  -4.64732151625608982e-05
4  0  2.70872796991331680e-05
4  1  9.08119935490060393e-06
4  2  8.52444000449286637e-06
4  3  1.35078207691546944e-05
4  4  2.49707176224995540e-05
4  5  -5.73046680856058045e-05
5  0  -8.82391049677792942e-05
5  1  -3.23741510988603985e-05
5  2  -3.06941696451356073e-05
5  3  -4.64732151625609050e-05
5  4  -5.73046680856057909e-05
5  5  2.80868172638484869e-04
