numXbins 6
numYbins 6
xbin  ybin  z
0  0  4.81589355504450263e-07
0  1  -1.00533954206030399e-07
0  2  -1.83542083322722676e-07
0  3  -3.40024922463519362e-07
0  4  1.31130467787791743e-06
0  5  2.41406539907863923e-06
1  0  -1.00533954206030293e-07
1  1  2.16198017480033083e-08
1  2  3.94422312124604810e-08
1  3  7.40712650459185532e-08
1  4  -2.72966233256042107e-07
1  5  -5.75858002688105612e-07
2  0  -1.83542083322722332e-07
2  1  3.94422312124604678e-08
2  2  7.19579419697113752e-08
2  3  1.35091004098258988e-07
2  4  -4.98381782218382827e-07
2  5  -1.04809578825703484e-06
3  0  -3.40024922463519415e-07
3  1  7.40712650459182885e-08
3  2  1.35091004098258723e-07
3  3  2.55155729817834644e-07
3  4  -9.22062227425968758e-07
3  5  -2.05548930011506074e-06
4  0  1.31130467787791828e-06
4  1  -2.72966233256041843e-07
4  2  -4.98381782218383145e-07
4  3  -9.22062227425968758e-07
4  4  3.57145863470649335e-06
4  5  6.48517673115319157e-06
5  0  2.41406539907863923e-06
5  1  -5.75858002688104977e-07
5  2  -1.04809578825703463e-06
5  3  -2.05548930011506158e-06
5  4  6.48517673115319242e-06
5  5  2.02718149336204121e-05
