numXbins 6
numYbins 6
xbin  ybin  z
0  0  2.84391767713217384e-07
0  1  -1.63067302116487176e-06
0  2  -2.26356881923634452e-06
0  3  -4.48561011179571781e-06
0  4  3.90800381805241925e-06
0  5  -3.39685075647549266e-06
1  0  -1.63067302116486753e-06
1  1  9.35011067070150889e-06
1  2  1.29790698048649631e-05
1  3  2.57200250611535692e-05
1  4  -2.24080902339400976e-05
1  5  1.94771913759954816e-05
2  0  -2.26356881923633436e-06
2  1  1.29790698048649715e-05
2  2  1.80164982995777494e-05
2  3  3.57024651801841181e-05
2  4  -3.11051042691242198e-05
2  5  2.70366667705755540e-05
3  0  -4.48561011179568309e-06
3  1  2.57200250611535692e-05
3  2  3.57024651801841114e-05
3  3  7.07499314654353513e-05
3  4  -6.16395530157173095e-05
3  5  5.35773177403367666e-05
4  0  3.90800381805241925e-06
4  1  -2.24080902339400772e-05
4  2  -3.11051042691242537e-05
4  3  -6.16395530157173773e-05
4  4  5.37023063808001944e-05
4  5  -4.66782348603242251e-05
5  0  -3.39685075647540161e-06
5  1  1.94771913759954850e-05
5  2  2.70366667705755777e-05
5  3  5.35773177403368005e-05
5  4  -4.66782348603240422e-05
5  5  4.05728870232391860e-05
