numXbins 6
numYbins 6
xbin  ybin  z
0  0  5.53474049888815728e-05
0  1  2.02510808709762091e-05
0  2  1.98656331743680293e-05
0  3  3.21750029226092196e-05
0  4  2.63556010732233335e-05
0  5  -8.98568630144980555e-05
1  0  2.02510808709762125e-05
1  1  7.40967488042488518e-06
1  2  7.26864329137184808e-06
1  3  1.17725227829660193e-05
1  4  9.64325985733660245e-06
1  5  -3.28777582270457016e-05
2  0  1.98656331743680259e-05
2  1  7.26864329137184892e-06
2  2  7.13029601835586046e-06
2  3  1.15484511979048475e-05
2  4  9.45971546662056198e-06
2  5  -3.22519814470804392e-05
3  0  3.21750029226092264e-05
3  1  1.17725227829660176e-05
3  2  1.15484511979048442e-05
3  3  1.87042339794950392e-05
3  4  1.53212520393400832e-05
3  5  -5.22363212997747016e-05
4  0  2.63556010732233335e-05
4  1  9.64325985733659907e-06
4  2  9.45971546662056029e-06
4  3  1.53212520393400832e-05
4  4  1.25501404821134588e-05
4  5  -4.27884854904602566e-05
5  0  -8.98568630144980419e-05
5  1  -3.28777582270457016e-05
5  2  -3.22519814470804392e-05
5  3  -5.22363212997747084e-05
5  4  -4.27884854904602498e-05
5  5  1.45883186979195472e-04
