numXbins 6
numYbins 6
xbin  ybin  z
0  0  5.53393652694712302e-04
0  1  9.45002230136599003e-05
0  2  7.35375842699225070e-05
0  3  1.49534120173117573e-04
0  4  6.73907884804756004e-04
0  5  -7.82959217023474776e-04
1  0  9.45002230136599139e-05
1  1  4.41105254214130594e-05
1  2  4.65601585309495658e-05
1  3  7.97032109553701758e-05
1  4  5.84062230419433567e-05
1  5  -2.15224114999210619e-04
2  0  7.35375842699225070e-05
2  1  4.65601585309495725e-05
2  2  5.18880208097896641e-05
2  3  8.94729266817645403e-05
2  4  1.45979042744129528e-05
2  5  -2.00784127470088867e-04
3  0  1.49534120173117573e-04
3  1  7.97032109553701758e-05
3  2  8.94729266817645538e-05
3  3  1.63388673648567255e-04
3  4  4.59799963835155181e-05
3  5  -3.61004541011237222e-04
4  0  6.73907884804756004e-04
4  1  5.84062230419433567e-05
4  2  1.45979042744129562e-05
4  3  4.59799963835155114e-05
4  4  1.06867827509138911e-03
4  5  -8.97364592534088306e-04
5  0  -7.82959217023474776e-04
5  1  -2.15224114999210619e-04
5  2  -2.00784127470088894e-04
5  3  -3.61004541011237167e-04
5  4  -8.97364592534088306e-04
5  5  1.81391671633493261e-03
