numXbins 6
numYbins 6
xbin  ybin  z
0  0  4.44638572476806893e-06
0  1  1.72759010651879422e-06
0  2  1.79260816472440499e-06
0  3  3.21071685318063196e-06
0  4  3.72778128184494827e-06
0  5  4.61887591607063093e-06
1  0  1.72759010651879464e-06
1  1  7.41671255054495396e-07
1  2  7.86606310446360247e-07
1  3  1.40324009174228464e-06
1  4  1.20389265682136093e-06
1  5  1.86979625041641117e-06
2  0  1.79260816472440457e-06
2  1  7.86606310446360352e-07
2  2  8.37986814326446165e-07
2  3  1.49369174781450563e-06
2  4  1.19011581239329605e-06
2  5  1.95833643435400533e-06
3  0  3.21071685318063069e-06
3  1  1.40324009174228401e-06
3  2  1.49369174781450436e-06
3  3  2.66285983309417634e-06
3  4  2.15117804465931120e-06
3  5  3.50153009033985582e-06
4  0  3.72778128184494658e-06
4  1  1.20389265682135966e-06
4  2  1.19011581239329478e-06
4  3  2.15117804465930866e-06
4  4  3.97396911097873847e-06
4  5  3.61141306014494195e-06
5  0  4.61887591607063093e-06
5  1  1.86979625041641117e-06
5  2  1.95833643435400575e-06
5  3  3.50153009033985455e-06
5  4  3.61141306014493814e-06
5  5  4.87831549624291956e-06
