numXbins 6
numYbins 6
xbin  ybin  z
0  0  2.98165634149602420e-05
0  1  -2.28275039990705438e-07
0  2  -1.41421535823077557e-06
0  3  3.21709426663283169e-06
0  4  4.62507645675601955e-05
0  5  -2.18174396327586318e-05
1  0  -2.28275039990705756e-07
1  1  1.74766934597888006e-09
1  2  1.08272057702540568e-08
1  3  -2.46300122569125376e-08
1  4  -3.54094970111920626e-07
1  5  1.67033901102227662e-07
2  0  -1.41421535823077578e-06
2  1  1.08272057702540866e-08
2  2  6.70769817306416301e-08
2  3  -1.52588481020772703e-07
2  4  -2.19369820294384447e-06
2  5  1.03481269040009485e-06
3  0  3.21709426663283042e-06
3  1  -2.46300122569122497e-08
3  2  -1.52588481020772438e-07
3  3  3.47112287099087688e-07
3  4  4.99028232888257249e-06
3  5  -2.35401910603617878e-06
4  0  4.62507645675601888e-05
4  1  -3.54094970111920097e-07
4  2  -2.19369820294384278e-06
4  3  4.99028232888257588e-06
4  4  7.17431178541047787e-05
4  5  -3.38427084932055289e-05
5  0  -2.18174396327586318e-05
5  1  1.67033901102227450e-07
5  2  1.03481269040009506e-06
5  3  -2.35401910603617793e-06
5  4  -3.38427084932055289e-05
5  5  1.59643036490998573e-05
