numXbins 6
numYbins 6
xbin  ybin  z
0  0  3.27476805468359002e-07
0  1  -3.11219185350374859e-08
0  2  -8.08787597831036435e-08
0  3  -1.62414332870633377e-07
0  4  9.23654867362430167e-07
0  5  1.52049617337124091e-07
1  0  -3.11219185350374727e-08
1  1  6.38386875824544286e-09
1  2  1.06013308208408880e-08
1  3  1.60787887982855922e-08
1  4  -8.55221553455745627e-08
1  5  -1.35100820304418839e-08
2  0  -8.08787597831036700e-08
2  1  1.06013308208409045e-08
2  2  2.24551238682693249e-08
2  3  4.06599923817605011e-08
2  4  -2.26199200142049844e-07
2  5  -3.67527649584009144e-08
3  0  -1.62414332870633351e-07
3  1  1.60787887982856120e-08
3  2  4.06599923817604945e-08
3  3  8.06714074787892667e-08
3  4  -4.57668697324065203e-07
3  5  -7.52334351163973874e-08
4  0  9.23654867362430273e-07
4  1  -8.55221553455745759e-08
4  2  -2.26199200142049844e-07
4  3  -4.57668697324065203e-07
4  4  2.60667489631672802e-06
4  5  4.29478454841278161e-07
5  0  1.52049617337124038e-07
5  1  -1.35100820304418674e-08
5  2  -3.67527649584008813e-08
5  3  -7.52334351163973609e-08
5  4  4.29478454841277896e-07
5  5  7.08555409983339774e-08
