numXbins 6
numYbins 6
xbin  ybin  z
0  0  4.93830837092165325e-07
0  1  -6.96257251266819822e-08
0  2  -1.35735243975133180e-07
0  3  -2.23658052423045874e-07
0  4  1.30506909281379804e-06
0  5  1.80758976078937624e-07
1  0  -6.96257251266819292e-08
1  1  1.01079875494597406e-08
1  2  1.95039261161316251e-08
1  3  3.21350694015664900e-08
1  4  -1.85370645189083385e-07
1  5  -2.63112879509029386e-08
2  0  -1.35735243975133074e-07
2  1  1.95039261161316284e-08
2  2  3.77693474879908749e-08
2  3  6.22312964887489011e-08
2  4  -3.60433684383758417e-07
2  5  -5.07224618797314239e-08
3  0  -2.23658052423045821e-07
3  1  3.21350694015664900e-08
3  2  6.22312964887489011e-08
3  3  1.02536457868089170e-07
3  4  -5.93893355742417152e-07
3  5  -8.35707699565382900e-08
4  0  1.30506909281379804e-06
4  1  -1.85370645189083465e-07
4  2  -3.60433684383758469e-07
4  3  -5.93893355742417258e-07
4  4  3.45538383387899287e-06
4  5  4.81576191026826912e-07
5  0  1.80758976078937545e-07
5  1  -2.63112879509029286e-08
5  2  -5.07224618797313908e-08
5  3  -8.35707699565382900e-08
5  4  4.81576191026826806e-07
5  5  6.85048530622509525e-08
