numXbins 6
numYbins 6
xbin  ybin  z
0  0  1.38006052044169027e-06
0  1  3.04682097831225654e-07
0  2  2.36311692877881940e-07
0  3  3.50599593297044325e-07
0  4  1.52264892833101187e-06
0  5  7.16262700858714733e-07
1  0  3.04682097831225919e-07
1  1  1.06062887938137841e-07
1  2  1.00077850748110236e-07
1  3  1.53508644208184797e-07
1  4  1.69819656428642973e-07
1  5  1.65536702902940337e-07
2  0  2.36311692877882311e-07
2  1  1.00077850748110262e-07
2  2  9.96188559282363981e-08
2  3  1.54008681521431517e-07
2  4  5.53284594063659109e-08
2  5  1.31790390189888749e-07
3  0  3.50599593297044537e-07
3  1  1.53508644208184797e-07
3  2  1.54008681521431491e-07
3  3  2.38359108355016143e-07
3  4  6.05211050813953930e-08
3  5  1.96488383067684648e-07
4  0  1.52264892833101123e-06
4  1  1.69819656428643052e-07
4  2  5.53284594063658844e-08
4  3  6.05211050813955518e-08
4  4  2.39316554898552684e-06
4  5  7.58521593688149790e-07
5  0  7.16262700858713991e-07
5  1  1.65536702902940126e-07
5  2  1.31790390189888431e-07
5  3  1.96488383067684118e-07
5  4  7.58521593688149895e-07
5  5  3.73159259125325459e-07
