numXbins 6
numYbins 6
xbin  ybin  z
0  0  4.97104092636725496e-04
0  1  7.40442706503613462e-05
0  2  4.45527840327086526e-05
0  3  7.02180572789033925e-05
0  4  5.88473514623405036e-04
0  5  -9.31538803607336258e-04
1  0  7.40442706503612920e-05
1  1  7.55503871070549140e-05
1  2  7.79532023659003132e-05
1  3  1.00564301494372851e-04
1  4  -1.40117436145602548e-05
1  5  -3.53296053156456843e-05
2  0  4.45527840327087474e-05
2  1  7.79532023659003267e-05
2  2  8.71760113520052125e-05
2  3  1.27012218130923910e-04
2  4  -8.42465385445104929e-05
2  5  5.92807589011790423e-05
3  0  7.02180572789031892e-05
3  1  1.00564301494372851e-04
3  2  1.27012218130923829e-04
3  3  2.38255058273810624e-04
3  4  -1.77141584231948400e-04
3  5  1.52358395555425851e-04
4  0  5.88473514623405252e-04
4  1  -1.40117436145601904e-05
4  2  -8.42465385445106014e-05
4  3  -1.77141584231948237e-04
4  4  1.03026956035584625e-03
4  5  -1.37370857736331142e-03
5  0  -9.31538803607335716e-04
5  1  -3.53296053156456437e-05
5  2  5.92807589011792998e-05
5  3  1.52358395555425932e-04
5  4  -1.37370857736331098e-03
5  5  5.16712898615871372e-03
