numXbins 6
numYbins 6
xbin  ybin  z
0  0  4.13199158572019690e-05
0  1  8.00239504945596288e-06
0  2  6.99350473771878344e-06
0  3  1.49941361359768412e-05
0  4  5.53631433259428008e-05
0  5  2.22545773733204702e-05
1  0  8.00239504945596288e-06
1  1  2.20670264350361565e-06
1  2  2.19503276583585625e-06
1  3  4.35433225829096925e-06
1  4  8.33363296032662125e-06
1  5  4.02112733494348859e-06
2  0  6.99350473771878599e-06
2  1  2.19503276583585455e-06
2  2  2.26568723169495805e-06
2  3  4.42485320636903326e-06
2  4  6.29120700810092738e-06
2  5  3.23787124391052900e-06
3  0  1.49941361359768446e-05
3  1  4.35433225829096586e-06
3  2  4.42485320636903411e-06
3  3  8.79615718911527714e-06
3  4  1.47202405026115068e-05
3  5  6.63736835722438206e-06
4  0  5.53631433259427737e-05
4  1  8.33363296032661278e-06
4  2  6.29120700810092484e-06
4  3  1.47202405026114916e-05
4  4  8.34200290277285419e-05
4  5  3.08277541624932665e-05
5  0  2.22545773733204769e-05
5  1  4.02112733494349621e-06
5  2  3.23787124391052816e-06
5  3  6.63736835722438629e-06
5  4  3.08277541624932461e-05
5  5  3.17283247854947210e-05
