numXbins 6
numYbins 6
xbin  ybin  z
0  0  8.44573369748395104e-07
0  1  4.70940721715106112e-06
0  2  4.67338164776871123e-06
0  3  4.15175225120913954e-06
0  4  -6.59564471572914852e-06
0  5  -4.83466346860868602e-06
1  0  4.70940721715105095e-06
1  1  2.62600232630618388e-05
1  2  2.60591418683503759e-05
1  3  2.31504955235483993e-05
1  4  -3.67778311969202019e-05
1  5  -2.69584619253932623e-05
2  0  4.67338164776869768e-06
2  1  2.60591418683503726e-05
2  2  2.58597971567688895e-05
2  3  2.29734010944062422e-05
2  4  -3.64964916889049071e-05
2  5  -2.67522376819263365e-05
3  0  4.15175225120915224e-06
3  1  2.31504955235484060e-05
3  2  2.29734010944062422e-05
3  3  2.04091762454648003e-05
3  4  -3.24228584247966345e-05
3  5  -2.37662299790666157e-05
4  0  -6.59564471572913327e-06
4  1  -3.67778311969201884e-05
4  2  -3.64964916889048936e-05
4  3  -3.24228584247966548e-05
4  4  5.15082890064221219e-05
4  5  3.77560123267427309e-05
5  0  -4.83466346860867840e-06
5  1  -2.69584619253932725e-05
5  2  -2.67522376819263432e-05
5  3  -2.37662299790666124e-05
5  4  3.77560123267427309e-05
5  5  2.76754769827321322e-05
