numXbins 6
numYbins 6
xbin  ybin  z
0  0  4.77216714252780343e-06
0  1  1.79473583841683691e-06
0  2  1.75946128542723062e-06
0  3  2.86232404201309753e-06
0  4  3.99375892233222967e-06
0  5  7.27196670802988813e-07
1  0  1.79473583841683691e-06
1  1  6.74971482241837638e-07
1  2  6.61705286288557510e-07
1  3  1.07647435346154552e-06
1  4  1.50198893999968478e-06
1  5  2.73487052671883788e-07
2  0  1.75946128542722977e-06
2  1  6.61705286288557192e-07
2  2  6.48699830173479280e-07
2  3  1.05531683779248346e-06
2  4  1.47246816746050293e-06
2  5  2.68111813973828058e-07
3  0  2.86232404201309838e-06
3  1  1.07647435346154531e-06
3  2  1.05531683779248304e-06
3  3  1.71680887881610252e-06
3  4  2.39543834907271699e-06
3  5  4.36169239665132158e-07
4  0  3.99375892233223306e-06
4  1  1.50198893999968457e-06
4  2  1.47246816746050314e-06
4  3  2.39543834907271615e-06
4  4  3.34232013534621756e-06
4  5  6.08580568444080114e-07
5  0  7.27196670802986590e-07
5  1  2.73487052671884423e-07
5  2  2.68111813973828110e-07
5  3  4.36169239665132158e-07
5  4  6.08580568444080855e-07
5  5  1.10812337923865034e-07
