numXbins 6
numYbins 6
xbin  ybin  z
0  0  2.20823161267342128e-04
0  1  6.68073440053048049e-05
0  2  6.33693981595870835e-05
0  3  1.09442800845402065e-04
0  4  2.15037389928713593e-04
0  5  7.63931087591813198e-05
1  0  6.68073440053047643e-05
1  1  2.27382038089970244e-05
1  2  2.21985078599079329e-05
1  3  3.77404689808419485e-05
1  4  5.86620441752615883e-05
1  5  1.89202655099646325e-05
2  0  6.33693981595870971e-05
2  1  2.21985078599079295e-05
2  2  2.18507413181340345e-05
2  3  3.71496132074881233e-05
2  4  5.39969886585649574e-05
2  5  1.62284650275360109e-05
3  0  1.09442800845402092e-04
3  1  3.77404689808419621e-05
3  2  3.71496132074881233e-05
3  3  6.37121554166537651e-05
3  4  9.48761553579806485e-05
3  5  2.69840543273910062e-05
4  0  2.15037389928713539e-04
4  1  5.86620441752616289e-05
4  2  5.39969886585649642e-05
4  3  9.48761553579806078e-05
4  4  2.34293027166976460e-04
4  5  9.05983108908755321e-05
5  0  7.63931087591813876e-05
5  1  1.89202655099646495e-05
5  2  1.62284650275360584e-05
5  3  2.69840543273910706e-05
5  4  9.05983108908756270e-05
5  5  2.06464482334789358e-04
