numXbins 6
numYbins 6
xbin  ybin  z
0  0  3.31118417158986428e-05
0  1  6.22986341711917925e-06
0  2  5.54472232369793505e-06
0  3  1.24586694492968379e-05
0  4  4.41047296502871132e-05
0  5  1.38294182667809543e-05
1  0  6.22986341711918179e-06
1  1  1.19977891924543797e-06
1  2  1.08019765222665819e-06
1  3  2.41274384181167091e-06
1  4  8.18648214911581633e-06
1  5  2.59989793547719857e-06
2  0  5.54472232369793505e-06
2  1  1.08019765222665734e-06
2  2  9.77937727397703509e-07
2  3  2.17811671181655385e-06
2  4  7.23622982568721259e-06
2  5  2.31305114397151571e-06
3  0  1.24586694492968413e-05
3  1  2.41274384181167049e-06
3  2  2.17811671181655766e-06
3  3  4.85833811904055046e-06
3  4  1.63175165417132380e-05
3  5  5.19836059006588947e-06
4  0  4.41047296502871267e-05
4  1  8.18648214911581803e-06
4  2  7.23622982568721513e-06
4  3  1.63175165417132481e-05
4  4  5.91979428792411441e-05
4  5  1.84289719741526669e-05
5  0  1.38294182667809526e-05
5  1  2.59989793547719815e-06
5  2  2.31305114397151274e-06
5  3  5.19836059006589031e-06
5  4  1.84289719741526636e-05
5  5  5.77611652383673850e-06
