numXbins 6
numYbins 6
xbin  ybin  z
0  0  1.33265528537889985e-03
0  1  5.44080914948492250e-04
0  2  5.55466333490972370e-04
0  3  9.36618353817589115e-04
0  4  8.25611064376837378e-04
0  5  1.34982296542336807e-03
1  0  5.44080914948492250e-04
1  1  2.22130993107511038e-04
1  2  2.26779298641303153e-04
1  3  3.82391588052522088e-04
1  4  3.37070830113454453e-04
1  5  5.51089934586666570e-04
2  0  5.55466333490972370e-04
2  1  2.26779298641303153e-04
2  2  2.31524874457072658e-04
2  3  3.90393501292786525e-04
2  4  3.44124362729400350e-04
2  5  5.62622023633405381e-04
3  0  9.36618353817589115e-04
3  1  3.82391588052522088e-04
3  2  3.90393501292786525e-04
3  3  6.58275212151767991e-04
3  4  5.80256938530328021e-04
3  5  9.48684162882042692e-04
4  0  8.25611064376837378e-04
4  1  3.37070830113454453e-04
4  2  3.44124362729400350e-04
4  3  5.80256938530328021e-04
4  4  5.11485330902847007e-04
4  5  8.36246842998587077e-04
5  0  1.34982296542336807e-03
5  1  5.51089934586666570e-04
5  2  5.62622023633405381e-04
5  3  9.48684162882042692e-04
5  4  8.36246842998587077e-04
5  5  1.36721180486392563e-03
