numXbins 6
numYbins 6
xbin  ybin  z
0  0  4.31882293126897215e-07
0  1  -7.27923743972980124e-08
0  2  -1.33675593766232057e-07
0  3  -2.20159352759574346e-07
0  4  1.19721070176654609e-06
0  5  1.91815132275804598e-07
1  0  -7.27923743972979727e-08
1  1  1.22689210804007497e-08
1  2  2.25305923027356111e-08
1  3  3.71071523148390543e-08
1  4  -2.01786021382071814e-07
1  5  -3.23298249219609416e-08
2  0  -1.33675593766232031e-07
2  1  2.25305923027356244e-08
2  2  4.13750798611794830e-08
2  3  6.81434100718693643e-08
2  4  -3.70558955458049979e-07
2  5  -5.93703472181541525e-08
3  0  -2.20159352759574240e-07
3  1  3.71071523148390345e-08
3  2  6.81434100718693246e-08
3  3  1.12229978813400941e-07
3  4  -6.10298540626469489e-07
3  5  -9.77810297930531719e-08
4  0  1.19721070176654630e-06
4  1  -2.01786021382071841e-07
4  2  -3.70558955458050032e-07
4  3  -6.10298540626469700e-07
4  4  3.31875950284260523e-06
4  5  5.31726196641926860e-07
5  0  1.91815132275804545e-07
5  1  -3.23298249219609482e-08
5  2  -5.93703472181541525e-08
5  3  -9.77810297930531984e-08
5  4  5.31726196641926860e-07
5  5  8.51922978911611187e-08
