numXbins 6
numYbins 6
xbin  ybin  z
0  0  1.58883004140250171e-04
0  1  5.08355913626448849e-05
0  2  4.83813079760115719e-05
0  3  8.11883540803481403e-05
0  4  1.48622688530592405e-04
0  5  7.35837836825008413e-05
1  0  5.08355913626448713e-05
1  1  1.74512317488584419e-05
1  2  1.69133941763132351e-05
1  3  2.82607362973246010e-05
1  4  4.60576735502844043e-05
1  5  2.24161442530668147e-05
2  0  4.83813079760115719e-05
2  1  1.69133941763132385e-05
2  2  1.64851159697364712e-05
2  3  2.75830092516786265e-05
2  4  4.34216422108407097e-05
2  5  2.05318156564663328e-05
3  0  8.11883540803481132e-05
3  1  2.82607362973246010e-05
3  2  2.75830092516786367e-05
3  3  4.63875696455389317e-05
3  4  7.30499825210129518e-05
3  5  3.28550362577392321e-05
4  0  1.48622688530592487e-04
4  1  4.60576735502844043e-05
4  2  4.34216422108407097e-05
4  3  7.30499825210129789e-05
4  4  1.44948881632907354e-04
4  5  7.01889535149336359e-05
5  0  7.35837836825009361e-05
5  1  2.24161442530668181e-05
5  2  2.05318156564663464e-05
5  3  3.28550362577392592e-05
5  4  7.01889535149337443e-05
5  5  1.56386642187243056e-04
