numXbins 6
numYbins 6
xbin  ybin  z
0  0  1.78889301708571096e-06
0  1  -7.26569824335493813e-08
0  2  -1.54368811705570398e-07
0  3  6.53461341034361609e-08
0  4  2.13068445489131829e-06
0  5  -1.94681581564847363e-06
1  0  -7.26569824335493945e-08
1  1  1.39281941230977534e-07
1  2  1.67582465884091635e-07
1  3  2.43735666666198546e-07
1  4  -2.21055822560176962e-07
1  5  -4.29921774091770571e-07
2  0  -1.54368811705570345e-07
2  1  1.67582465884091635e-07
2  2  2.05134185875537113e-07
2  3  2.90539528348985186e-07
2  4  -3.45853995100175493e-07
2  5  -4.24253836384951006e-07
3  0  6.53461341034361609e-08
3  1  2.43735666666198546e-07
3  2  2.90539528348985186e-07
3  3  4.70581113436145612e-07
3  4  -1.78444003189978549e-07
3  5  -9.42482629475599643e-07
4  0  2.13068445489131787e-06
4  1  -2.21055822560176962e-07
4  2  -3.45853995100175387e-07
4  3  -1.78444003189978469e-07
4  4  2.70284271250386191e-06
4  5  -1.87061859588216569e-06
5  0  -1.94681581564847363e-06
5  1  -4.29921774091770571e-07
5  2  -4.24253836384951006e-07
5  3  -9.42482629475599643e-07
5  4  -1.87061859588216569e-06
5  5  4.56840731305234231e-06
