numXbins 6
numYbins 6
xbin  ybin  z
0  0  6.42758745177655810e-07
0  1  2.12357806114634540e-07
0  2  6.86247968699758093e-07
0  3  2.65990682388448580e-06
0  4  -2.75251153983339057e-06
0  5  -3.70074419028157178e-05
1  0  2.12357806114665642e-07
1  1  7.01598199264695295e-08
1  2  2.26725990392286612e-07
1  3  8.78793142570723665e-07
1  4  -9.09388345611217808e-07
1  5  -1.22267012800035649e-05
2  0  6.86247968699745705e-07
2  1  2.26725990392287777e-07
2  2  7.32679684372605756e-07
2  3  2.83987680994793507e-06
2  4  -2.93874718501272951e-06
2  5  -3.95113750269720913e-05
3  0  2.65990682388450570e-06
3  1  8.78793142570717630e-07
3  2  2.83987680994792744e-06
3  3  1.10074026449716617e-05
3  4  -1.13906256158361910e-05
3  5  -1.53146647930243774e-04
4  0  -2.75251153983330841e-06
4  1  -9.09388345611231360e-07
4  2  -2.93874718501266640e-06
4  3  -1.13906256158361860e-05
4  4  1.17871905030576588e-05
4  5  1.58478451925310850e-04
5  0  -3.70074419028157449e-05
5  1  -1.22267012800035158e-05
5  2  -3.95113750269720100e-05
5  3  -1.53146647930243557e-04
5  4  1.58478451925310823e-04
5  5  2.13073842474401694e-03
