numXbins 6
numYbins 6
xbin  ybin  z
0  0  3.20910754663454329e-04
0  1  -1.78920292076996625e-06
0  2  -2.37799146530751323e-05
0  3  -1.34042736483660528e-05
0  4  4.27936746458301600e-04
0  5  -7.25473519801327548e-04
1  0  -1.78920292076997726e-06
1  1  9.97550579147554388e-09
1  2  1.32582321205041757e-07
1  3  7.47340661350163244e-08
1  4  -2.38591466799222059e-06
1  5  4.04479850459065924e-06
2  0  -2.37799146530751628e-05
2  1  1.32582321205043504e-07
2  2  1.76212337134220576e-06
2  3  9.93274543506313059e-07
2  4  -3.17106832968722287e-05
2  5  5.37585547796108981e-05
3  0  -1.34042736483660578e-05
3  1  7.47340661350189052e-08
3  2  9.93274543506315812e-07
3  3  5.59889469047898071e-07
3  4  -1.78746931050477498e-05
3  5  3.03026478319759731e-05
4  0  4.27936746458301600e-04
4  1  -2.38591466799222906e-06
4  2  -3.17106832968722354e-05
4  3  -1.78746931050477498e-05
4  4  5.70656658613291948e-04
4  5  -9.67424036726393776e-04
5  0  -7.25473519801327548e-04
5  1  4.04479850459066856e-06
5  2  5.37585547796108981e-05
5  3  3.03026478319760070e-05
5  4  -9.67424036726393559e-04
5  5  1.64005668331334404e-03
