numXbins 6
numYbins 6
xbin  ybin  z
0  0  2.45881351179891468e-04
0  1  4.69835154070916334e-05
0  2  2.90417832105680341e-05
0  3  3.28929553604267579e-05
0  4  4.76365838031689260e-04
0  5  -3.19694507929252456e-04
1  0  4.69835154070920129e-05
1  1  -2.62048307776695960e-06
1  2  -1.04017591818389566e-05
1  3  -2.41029383949288472e-05
1  4  1.61401258358512815e-04
1  5  -1.84611123913562921e-04
2  0  2.90417832105680341e-05
2  1  -1.04017591818390498e-05
2  2  -1.85075492198414410e-05
2  3  -3.79081414748655583e-05
2  4  1.53054313411497833e-04
2  5  -2.07642994128118952e-04
3  0  3.28929553604271306e-05
3  1  -2.41029383949290370e-05
3  2  -3.79081414748655583e-05
3  3  -7.52192320911018161e-05
3  4  2.48117737923834406e-04
3  5  -3.66408197502206354e-04
4  0  4.76365838031688556e-04
4  1  1.61401258358512517e-04
4  2  1.53054313411497562e-04
4  3  2.48117737923833810e-04
4  4  4.95867998363315183e-04
4  5  1.30152728449724935e-04
5  0  -3.19694507929252076e-04
5  1  -1.84611123913562921e-04
5  2  -2.07642994128118952e-04
5  3  -3.66408197502206354e-04
5  4  1.30152728449725694e-04
5  5  -8.99883020411637201e-04
