numXbins 6
numYbins 6
xbin  ybin  z
0  0  4.68199857856928059e+00
0  1  -3.60921418487933732e+00
0  2  2.55544072504616704e+00
0  3  3.83314424398574038e+00
0  4  -1.13948958988548590e+01
0  5  -1.24132463271472773e+01
1  0  1.14594487822347890e+00
1  1  8.91480365713125389e-01
1  2  1.69634893755841687e+00
1  3  -1.49427854090377021e+00
1  4  -3.32010811752426171e+00
1  5  -2.23442603891211400e+00
2  0  9.84578001977875483e-01
2  1  1.17726268957433877e+00
2  2  2.22916698382267953e+00
2  3  -2.10195753303118593e+00
2  4  -3.36603206455195370e+00
2  5  -1.05339718290396478e+00
3  0  1.60642006951565341e+00
3  1  1.13929792872303737e+00
3  2  4.92637453488198496e+00
3  3  -3.04769124986475770e+00
3  4  -6.64007982356586979e+00
3  5  -2.69408579324726283e-01
4  0  3.89667990737065439e+00
4  1  -4.93423748481011692e+00
4  2  4.34047102720308331e-01
4  3  1.13360956960691723e+01
4  4  -1.05769635209512565e+01
4  5  -2.76980365912621842e+01
5  0  -3.40529331299223914e+00
5  1  9.84001589390931297e-01
5  2  -3.75350355603925756e+00
5  3  2.37430337272513636e+00
5  4  3.24714136536050262e+01
5  5  3.04178272586520038e+01
