numXbins 4
numYbins 4
xbin  ybin  z
0  0  6.45768817514181137e-01
0  1  -2.79465629719197750e-02
0  2  5.68913493771106005e-02
0  3  4.59587479126639664e-02
1  0  6.39356886676978320e-02
1  1  3.25215996825136244e-01
1  2  2.68524425278883427e-01
1  3  5.96355414018034935e-03
2  0  -2.08694592583924532e-02
2  1  1.99918316036928445e-01
2  2  4.51665978296659887e-01
2  3  4.48066421959083527e-02
3  0  5.31466409447602928e-02
3  1  -1.48878474254161119e-01
3  2  1.68269651592709124e-01
3  3  6.76228054624516517e-01
