numXbins 4
numYbins 4
xbin  ybin  z
0  0  1.98564169693689999e-05
0  1  1.61131418759698717e-06
0  2  -8.44275144218489661e-07
0  3  5.05319972298348128e-06
1  0  1.61131418759698738e-06
1  1  1.30861073963235885e-07
1  2  -6.84183499645203012e-08
1  3  4.09960054363811540e-07
2  0  -8.44275144218488391e-07
2  1  -6.84183499645203144e-08
2  2  3.59798037697619186e-08
2  3  -2.14943776948673516e-07
3  0  5.05319972298348128e-06
3  1  4.09960054363811593e-07
3  2  -2.14943776948673225e-07
3  3  1.28606525416756346e-06
