numXbins 4
numYbins 4
xbin  ybin  z
0  0  2.23146078104128201e-05
0  1  1.13015037293357372e-05
0  2  8.47192592627691071e-06
0  3  9.50578206462052856e-06
1  0  1.13015037293357355e-05
1  1  1.17613612782133118e-05
1  2  1.12672312746249130e-05
1  3  9.76127590418111923e-06
2  0  8.47192592627691579e-06
2  1  1.12672312746249096e-05
2  2  1.16350524329081328e-05
2  3  1.01450136430459421e-05
3  0  9.50578206462052687e-06
3  1  9.76127590418111754e-06
3  2  1.01450136430459421e-05
3  3  1.26942062171946240e-05
