numXbins 4
numYbins 4
xbin  ybin  z
0  0  1.88048963427903468e-05
0  1  1.84811551227708129e-06
0  2  -1.79824154624589375e-07
0  3  5.70941062719042956e-06
1  0  1.84811551227708129e-06
1  1  1.83372305964590510e-07
1  2  -1.62626810657449659e-08
1  3  5.59002062547911128e-07
2  0  -1.79824154624588317e-07
2  1  -1.62626810657449361e-08
2  2  2.86082939726118902e-09
2  3  -5.63044087256831130e-08
3  0  5.70941062719043040e-06
3  1  5.59002062547911128e-07
3  2  -5.63044087256830667e-08
3  3  1.73600579117779764e-06
