numXbins 4
numYbins 4
xbin  ybin  z
0  0  2.06833825407531056e-03
0  1  1.34225706099668548e-03
0  2  1.12577026771251308e-03
0  3  9.98901789592616506e-04
1  0  1.34225706099668548e-03
1  1  8.82114760023383561e-04
1  2  7.41455670918027211e-04
1  3  6.50550376635819494e-04
2  0  1.12577026771251351e-03
2  1  7.41455670918027211e-04
2  2  6.24210609283786660e-04
2  3  5.47398889790161845e-04
3  0  9.98901789592616506e-04
3  1  6.50550376635819602e-04
3  2  5.47398889790161628e-04
3  3  4.97067635315065221e-04
