numXbins 4
numYbins 4
xbin  ybin  z
0  0  6.00742712601205387e-08
0  1  -1.35997712529077649e-07
0  2  -1.49994720614348051e-07
0  3  -1.41370675094181608e-07
1  0  -1.35997712529077596e-07
1  1  3.56955330651584636e-07
1  2  3.90860599601427588e-07
1  3  3.72434872060746872e-07
2  0  -1.49994720614348051e-07
2  1  3.90860599601427641e-07
2  2  4.28127379621878968e-07
2  3  4.07741905411408454e-07
3  0  -1.41370675094181635e-07
3  1  3.72434872060746819e-07
3  2  4.07741905411408454e-07
3  3  3.88619014726672178e-07
