numXbins 4
numYbins 4
xbin  ybin  z
0  0  6.13316873291624488e-04
0  1  -5.58249040822209790e-05
0  2  -1.02308020157056197e-04
0  3  5.78087010497059639e-05
1  0  -5.58249040822209790e-05
1  1  1.08040436085424501e-04
1  2  9.70998239670342237e-05
1  3  -7.27015170157881401e-05
2  0  -1.02308020157056197e-04
2  1  9.70998239670342101e-05
2  2  1.45539546065541042e-04
2  3  -2.07720155476181995e-05
3  0  5.78087010497059774e-05
3  1  -7.27015170157881401e-05
3  2  -2.07720155476182062e-05
3  3  3.04126905870112532e-04
