numXbins 4
numYbins 4
xbin  ybin  z
0  0  2.84785387864577746e-07
0  1  -3.36959866057997734e-07
0  2  -1.72288669483553327e-07
0  3  2.75312651893067312e-07
1  0  -3.36959866057997734e-07
1  1  8.80116646902303837e-07
1  2  9.23062893213438400e-07
1  3  -3.67839835676101937e-07
2  0  -1.72288669483553327e-07
2  1  9.23062893213438400e-07
2  2  1.45164247101264600e-06
2  3  4.19710164328301676e-08
3  0  2.75312651893067312e-07
3  1  -3.67839835676101884e-07
3  2  4.19710164328302139e-08
3  3  1.16899293027190025e-06
