numXbins 4
numYbins 4
xbin  ybin  z
0  0  4.77556761862826893e-03
0  1  1.74039028678423836e-03
0  2  1.09386445716233073e-03
0  3  1.38440090957511991e-03
1  0  1.74039028678423771e-03
1  1  1.56079870816388795e-03
1  2  1.46764005659038156e-03
1  3  1.05344194363410771e-03
2  0  1.09386445716233073e-03
2  1  1.46764005659038156e-03
2  2  1.61344984721724176e-03
2  3  1.19990681861229182e-03
3  0  1.38440090957511991e-03
3  1  1.05344194363410771e-03
3  2  1.19990681861229138e-03
3  3  3.72868926365717366e-03
