numXbins 4
numYbins 4
xbin  ybin  z
0  0  5.86277132081330053e-03
0  1  1.72712850039542613e-03
0  2  9.67026247185765624e-04
0  3  1.78858269792761364e-03
1  0  1.72712850039542613e-03
1  1  1.63148150647688729e-03
1  2  1.51224240298824457e-03
1  3  1.11190315371806825e-03
2  0  9.67026247185765191e-04
2  1  1.51224240298824478e-03
2  2  1.71891317445256099e-03
2  3  1.30204345188373346e-03
3  0  1.78858269792761385e-03
3  1  1.11190315371806825e-03
3  2  1.30204345188373346e-03
3  3  4.97518435424164351e-03
