numXbins 4
numYbins 4
xbin  ybin  z
0  0  2.43995599966966448e-03
0  1  -1.89136931154001411e-04
0  2  -8.35802891145250113e-04
0  3  -1.41501617737041247e-03
1  0  -1.89136931154001411e-04
1  1  6.96972742134725656e-04
1  2  5.40002325639866673e-04
1  3  -1.04783813662058978e-03
2  0  -8.35802891145250113e-04
2  1  5.40002325639866781e-04
2  2  7.79284013630513047e-04
2  3  -4.83483448125128089e-04
3  0  -1.41501617737041247e-03
3  1  -1.04783813662058978e-03
3  2  -4.83483448125128468e-04
3  3  2.94633776211613045e-03
