numXbins 4
numYbins 4
xbin  ybin  z
0  0  2.14296570277816827e-05
0  1  6.92668951152317145e-06
0  2  4.71382476731417493e-06
0  3  1.82460474248819921e-05
1  0  6.92668951152317145e-06
1  1  2.48806496852513790e-06
1  2  1.78550946109550763e-06
1  3  6.21364586807480068e-06
2  0  4.71382476731417493e-06
2  1  1.78550946109550806e-06
2  2  1.31210636933576494e-06
2  3  4.34564172323748114e-06
3  0  1.82460474248819853e-05
3  1  6.21364586807480238e-06
3  2  4.34564172323748114e-06
3  3  1.59361520794716571e-05
