numXbins 4
numYbins 4
xbin  ybin  z
0  0  2.97451371631513007e-05
0  1  1.93097678071627734e-05
0  2  1.64291004295663302e-05
0  3  1.48277970392433573e-05
1  0  1.93097678071627633e-05
1  1  1.25353979953554488e-05
1  2  1.06653438118445782e-05
1  3  9.62581938516739122e-06
2  0  1.64291004295663268e-05
2  1  1.06653438118445833e-05
2  2  9.07426781877985691e-06
2  3  8.18982159573766195e-06
3  0  1.48277970392433573e-05
3  1  9.62581938516739122e-06
3  2  8.18982159573766195e-06
3  3  7.39158013731952871e-06
