numXbins 4
numYbins 4
xbin  ybin  z
0  0  4.28184126111287041e-06
0  1  -3.73046523135034014e-08
0  2  -6.99977626681730566e-07
0  3  -6.91817442028634315e-07
1  0  -3.73046523135033816e-08
1  1  1.81900038930695199e-07
1  2  1.93585333360834328e-07
1  3  1.78972089439861299e-07
2  0  -6.99977626681730778e-07
2  1  1.93585333360834354e-07
2  2  3.08020738033859935e-07
2  3  2.91671117672748870e-07
3  0  -6.91817442028634315e-07
3  1  1.78972089439861246e-07
3  2  2.91671117672748923e-07
3  3  2.76501713954592567e-07
