numXbins 4
numYbins 4
xbin  ybin  z
0  0  2.97939852753697618e-06
0  1  2.29930543373485642e-06
0  2  2.21361980323742949e-06
0  3  3.71850981545685249e-06
1  0  2.29930543373485642e-06
1  1  2.10689206312785222e-06
1  2  2.05720206781947257e-06
1  3  3.29310477540736179e-06
2  0  2.21361980323742865e-06
2  1  2.05720206781947257e-06
2  2  2.01078900394326257e-06
2  3  3.20709681232726986e-06
3  0  3.71850981545685165e-06
3  1  3.29310477540736221e-06
3  2  3.20709681232727156e-06
3  3  5.18023003804955215e-06
