numXbins 4
numYbins 4
xbin  ybin  z
0  0  1.25982693865227117e-04
0  1  1.85403820817917460e-04
0  2  1.61110663944377214e-04
0  3  1.78688599581240730e-04
1  0  1.85403820817917487e-04
1  1  2.72851577619506269e-04
1  2  2.37100285391212361e-04
1  3  2.62969048228212218e-04
2  0  1.61110663944377241e-04
2  1  2.37100285391212361e-04
2  2  2.06033426022512377e-04
2  3  2.28512647527778735e-04
3  0  1.78688599581240811e-04
3  1  2.62969048228212110e-04
3  2  2.28512647527778735e-04
3  3  2.53444458446510593e-04
