numXbins 4
numYbins 4
xbin  ybin  z
0  0  9.76275243095391534e-06
0  1  1.85072466141494991e-06
0  2  -9.35524988288163691e-06
0  3  -6.10638186390540840e-06
1  0  1.85072466141494928e-06
1  1  3.50841813985734800e-07
1  2  -1.77347441660534034e-06
1  3  -1.15758661171360892e-06
2  0  -9.35524988288163691e-06
2  1  -1.77347441660533823e-06
2  2  8.96475671078808793e-06
2  3  5.85149819389097735e-06
3  0  -6.10638186390540840e-06
3  1  -1.15758661171360913e-06
3  2  5.85149819389097904e-06
3  3  3.81940438739462094e-06
