numXbins 4
numYbins 4
xbin  ybin  z
0  0  5.07879641767676349e-05
0  1  -7.03391336677071369e-06
0  2  -1.17049954091859978e-05
0  3  3.19336822936846658e-06
1  0  -7.03391336677071369e-06
1  1  9.90693817467755410e-06
1  2  9.64577890388686749e-06
1  3  -5.83091080643961853e-06
2  0  -1.17049954091859995e-05
2  1  9.64577890388686749e-06
2  2  1.28064686636068149e-05
2  3  -3.30387729523735742e-06
3  0  3.19336822936846658e-06
3  1  -5.83091080643961853e-06
3  2  -3.30387729523735742e-06
3  3  2.19373893251609366e-05
