numXbins 4
numYbins 4
xbin  ybin  z
0  0  3.07008905345140066e-03
0  1  2.78257832306420209e-03
0  2  2.25520329452390776e-03
0  3  1.21529767663896768e-03
1  0  2.78257832306420209e-03
1  1  2.52199268137918726e-03
1  2  2.04400579012211899e-03
1  3  1.10148628010780657e-03
2  0  2.25520329452390776e-03
2  1  2.04400579012211899e-03
2  2  1.65661054486802633e-03
2  3  8.92724372637432751e-04
3  0  1.21529767663896768e-03
3  1  1.10148628010780657e-03
3  2  8.92724372637432751e-04
3  3  4.81076743094368793e-04
