numXbins 4
numYbins 4
xbin  ybin  z
0  0  8.07916993581402870e-06
0  1  5.04767600560898457e-06
0  2  4.22632248302057868e-06
0  3  4.06902771870780729e-06
1  0  5.04767600560898372e-06
1  1  3.15366965418749901e-06
1  2  2.64050722524619290e-06
1  3  2.54223314338663204e-06
2  0  4.22632248302058038e-06
2  1  2.64050722524619290e-06
2  2  2.21084614785807728e-06
2  3  2.12856314054941940e-06
3  0  4.06902771870780814e-06
3  1  2.54223314338663204e-06
3  2  2.12856314054941940e-06
3  3  2.04934253235809094e-06
