numXbins 4
numYbins 4
xbin  ybin  z
0  0  3.43347443390759849e-06
0  1  4.22739253323479595e-08
0  2  -2.81806759298389858e-07
0  3  5.14494489351028375e-07
1  0  4.22739253323479529e-08
1  1  1.86745832230397008e-07
1  2  1.94682152956799197e-07
1  3  2.12331053876823180e-07
2  0  -2.81806759298389911e-07
2  1  1.94682152956799197e-07
2  2  2.33971793411841543e-07
2  3  1.76961366652112292e-07
3  0  5.14494489351028375e-07
3  1  2.12331053876823180e-07
3  2  1.76961366652112266e-07
3  3  3.04961860437112064e-07
