numXbins 4
numYbins 4
xbin  ybin  z
0  0  9.81076901423558212e+00
0  1  -2.61476271273402006e+00
0  2  5.56330343015511986e-02
0  3  -8.28283630290895800e-02
1  0  -4.62110089341998376e-01
1  1  3.96012965326906841e+00
1  2  2.36306131124691987e+00
1  3  -7.29731032349548947e-01
2  0  -1.76494853237828675e+00
2  1  2.65145096023119820e+00
2  2  4.46183964892199114e+00
2  3  -4.41509344134551895e-01
3  0  1.29810415486734027e-01
3  1  -2.26487204788372143e+00
3  2  4.92628840463348538e-01
3  3  6.93330821986212964e+00
