numXbins 4
numYbins 4
xbin  ybin  z
0  0  9.87159079006379869e+00
0  1  -2.22932366899221446e+00
0  2  -6.80383840992604405e-03
0  3  -4.73060392391015938e-02
1  0  -1.44271376154848946e-01
1  1  3.63670864081529377e+00
1  2  2.68272894036101972e+00
1  3  -6.77509155665070750e-01
2  0  -1.34565392176793663e+00
2  1  1.73590290541819692e+00
2  2  5.39371076837177554e+00
2  3  -4.34228714862956000e-01
3  0  3.40995936367113728e-01
3  1  -3.00850877631190139e+00
3  2  1.22090603708301448e+00
3  3  7.67039131722076561e+00
