numXbins 8
numYbins 8
xbin  ybin  z
0  0  1.78226666786940768e-01
0  1  1.20182912796735764e-02
0  2  -5.17260352149605751e-01
0  3  -1.78971439599990845e-02
0  4  2.55688630044460297e-01
0  5  4.97937858104705811e-01
0  6  3.03866386413574219e-01
0  7  1.67267620563507080e-02
1  0  -7.74124626695993356e-03
1  1  3.97963410709053278e-01
1  2  -3.88060840778052807e-01
1  3  -1.30432614125311375e-01
1  4  -4.62864758446812630e-02
1  5  2.02731961384415627e-01
1  6  -9.09271761775016785e-02
1  7  5.39756789803504944e-01
2  0  2.34866767641506158e-04
2  1  -1.16224570723716170e-01
2  2  4.37095376197248697e-01
2  3  -1.67922775261104107e-01
2  4  -1.13742084242403507e-01
2  5  1.67923234403133392e-01
2  6  -6.56187795102596283e-02
2  7  2.73265846073627472e-01
3  0  1.62460232968442142e-03
3  1  -3.09358613449148834e-02
3  2  -2.25422911578789353e-01
3  3  5.25930983945727348e-01
3  4  -3.16915784496814013e-02
3  5  6.20450591668486595e-02
3  6  -2.21312405541539192e-01
3  7  4.39728010445833206e-01
4  0  2.72423045589675894e-03
4  1  2.90313767618499696e-03
4  2  -3.03679903387092054e-01
4  3  -1.92984696943312883e-01
4  4  5.76508283615112305e-01
4  5  1.84552690945565701e-01
4  6  6.52824735268950462e-01
4  7  -3.22122136130928993e-01
5  0  2.42370347041287459e-03
5  1  2.13642727758269757e-02
5  2  -2.49913286417722702e-01
5  3  -1.53044601320289075e-01
5  4  7.68256071023643017e-03
5  5  7.19820461235940456e-01
5  6  1.23318573459982872e-01
5  7  1.35130126029253006e-01
6  0  1.39360053526615957e-03
6  1  1.66151503945002332e-02
6  2  -1.42196862958371639e-01
6  3  -6.07153038727119565e-02
6  4  -3.92850284697487950e-02
6  5  2.36575720598921180e-01
6  6  3.91740985214710236e-02
6  7  4.41303249448537827e-01
7  0  1.51464149485036614e-03
7  1  2.05862867587711662e-02
7  2  -1.54461434110999107e-01
7  3  -4.38724352861754596e-02
7  4  -6.80101494072005153e-02
7  5  1.54763633385300636e-01
7  6  -8.57234876602888107e-02
7  7  7.84276103600859642e-01
