numXbins 8
numYbins 8
xbin  ybin  z
0  0  3.56918497178600265e-05
0  1  -5.43036897749589914e-05
0  2  3.55272973542570828e-05
0  3  -5.59138600169547848e-05
0  4  1.25640713388005946e-04
0  5  2.91827050620573671e-06
0  6  -1.56255340196160610e-05
0  7  -6.80727633309632421e-06
1  0  -5.43036897749590253e-05
1  1  8.26208433153683076e-05
1  2  -5.40533300828873459e-05
1  3  8.50706514927925586e-05
1  4  -1.91157207509834931e-04
1  5  -4.44002923639763667e-06
1  6  2.37736110253961168e-05
1  7  1.03569925662862696e-05
2  0  3.55272973542570760e-05
2  1  -5.40533300828873595e-05
2  2  3.53635036366918128e-05
2  3  -5.56560768564662092e-05
2  4  1.25061464161188476e-04
2  5  2.90481622145376359e-06
2  6  -1.55534946443578103e-05
2  7  -6.77589232192390139e-06
3  0  -5.59138600169548051e-05
3  1  8.50706514927925450e-05
3  2  -5.56560768564661753e-05
3  3  8.75930994529320142e-05
3  4  -1.96825250479859564e-04
3  5  -4.57168148654243796e-06
3  6  2.44785274164647855e-05
3  7  1.06640899531473867e-05
4  0  1.25640713388005946e-04
4  1  -1.91157207509834795e-04
4  2  1.25061464161188476e-04
4  3  -1.96825250479859402e-04
4  4  4.42274328325103095e-04
4  5  1.02727538963998967e-05
4  6  -5.50042448573557900e-05
4  7  -2.39626430538156835e-05
5  0  2.91827050620573671e-06
5  1  -4.44002923639763836e-06
5  2  2.90481622145375766e-06
5  3  -4.57168148654245829e-06
5  4  1.02727538963999170e-05
5  5  2.38606371334372405e-07
5  6  -1.27758957391166498e-06
5  7  -5.56582914797122121e-07
6  0  -1.56255340196160644e-05
6  1  2.37736110253961067e-05
6  2  -1.55534946443578069e-05
6  3  2.44785274164647719e-05
6  4  -5.50042448573558035e-05
6  5  -1.27758957391166519e-06
6  6  6.84070215828583634e-06
6  7  2.98015734024841455e-06
7  0  -6.80727633309631489e-06
7  1  1.03569925662862341e-05
7  2  -6.77589232192390562e-06
7  3  1.06640899531473545e-05
7  4  -2.39626430538156564e-05
7  5  -5.56582914797122650e-07
7  6  2.98015734024841370e-06
7  7  1.29830791739397106e-06
