numXbins 8
numYbins 8
xbin  ybin  z
0  0  3.50693185260016198e-06
0  1  -1.53794748275191746e-05
0  2  -2.67358133565104259e-05
0  3  7.99172319888537532e-06
0  4  -1.08646707699976867e-05
0  5  -1.23012534823259153e-05
0  6  -1.07925486016264351e-05
0  7  -1.58605921118049135e-05
1  0  -1.53794748275190831e-05
1  1  6.74459202265160975e-05
1  2  1.17248576759438047e-04
1  3  -3.50473037206673008e-05
1  4  4.76464720843026434e-05
1  5  5.39465339590492932e-05
1  6  4.73301839100256794e-05
1  7  6.95558360942201512e-05
2  0  -2.67358133565104700e-05
2  1  1.17248576759438019e-04
2  2  2.03825949826823890e-04
2  3  -6.09265388729690190e-05
2  4  8.28290431909100661e-05
2  5  9.37811257754403850e-05
2  6  8.22792050664503685e-05
2  7  1.20916472930764855e-04
3  0  7.99172319888540920e-06
3  1  -3.50473037206673279e-05
3  2  -6.09265388729690461e-05
3  3  1.82118279943906130e-05
3  4  -2.47588048728312213e-05
3  5  -2.80325415383209800e-05
3  6  -2.45944502659119157e-05
3  7  -3.61436911966203143e-05
4  0  -1.08646707699976969e-05
4  1  4.76464720843026231e-05
4  2  8.28290431909101067e-05
4  3  -2.47588048728312145e-05
4  4  3.36593569256056797e-05
4  5  3.81099704132170585e-05
4  6  3.34359184193821249e-05
4  7  4.91370003053300620e-05
5  0  -1.23012534823258645e-05
5  1  5.39465339590493136e-05
5  2  9.37811257754403850e-05
5  3  -2.80325415383209800e-05
5  4  3.81099704132170652e-05
5  5  4.31490669327499882e-05
5  6  3.78569877171967400e-05
5  7  5.56341474963182897e-05
6  0  -1.07925486016263961e-05
6  1  4.73301839100256997e-05
6  2  8.22792050664503414e-05
6  3  -2.45944502659119056e-05
6  4  3.34359184193821587e-05
6  5  3.78569877171967400e-05
6  6  3.32139631490438323e-05
6  7  4.88108176639685107e-05
7  0  -1.58605921118049338e-05
7  1  6.95558360942201106e-05
7  2  1.20916472930764828e-04
7  3  -3.61436911966203211e-05
7  4  4.91370003053300485e-05
7  5  5.56341474963182897e-05
7  6  4.88108176639684904e-05
7  7  7.17317566209730228e-05
