numXbins 8
numYbins 8
xbin  ybin  z
0  0  9.19698886955363799e-04
0  1  -3.61480695281843345e-04
0  2  -4.56203995133928138e-04
0  3  3.01579892950352881e-04
0  4  2.03116801723788714e-04
0  5  -1.67335573929365794e-04
0  6  -1.85240700479004128e-04
0  7  -2.54134616805363122e-04
1  0  -3.61480695281843508e-04
1  1  4.96744570547000513e-04
1  2  -5.76983577718167523e-05
1  3  -7.69104031542766053e-06
1  4  -3.03244564457559617e-04
1  5  3.59049851201934280e-05
1  6  8.04264592297147671e-05
1  7  1.17038642929737918e-04
2  0  -4.56203995133928300e-04
2  1  -5.76983577718168404e-05
2  2  6.12106351140261139e-04
2  3  -4.47908273379778947e-04
2  4  8.61816957452755266e-05
2  5  9.01532536750022034e-05
2  6  7.70886939483276254e-05
2  7  9.62806317766576206e-05
3  0  3.01579892950353044e-04
3  1  -7.69104031542794175e-06
3  2  -4.47908273379779326e-04
3  3  6.22183187896577531e-04
3  4  -4.26628798110361784e-04
3  5  -1.07893499366596663e-04
3  6  8.43306136004869699e-06
3  7  5.79254689651859784e-05
4  0  2.03116801723787765e-04
4  1  -3.03244564457559238e-04
4  2  8.61816957452750523e-05
4  3  -4.26628798110361947e-04
4  4  8.07612237900074618e-04
4  5  -3.51925135863078047e-05
4  6  -1.31849818065146864e-04
4  7  -1.99995041149762727e-04
5  0  -1.67335573929365794e-04
5  1  3.59049851201934280e-05
5  2  9.01532536750025828e-05
5  3  -1.07893499366596568e-04
5  4  -3.51925135863083671e-05
5  5  2.13169229180971433e-04
5  6  1.92761529072038628e-05
5  7  -4.80820340011014252e-05
6  0  -1.85240700479004128e-04
6  1  8.04264592297145774e-05
6  2  7.70886939483275306e-05
6  3  8.43306136004869699e-06
6  4  -1.31849818065146864e-04
6  5  1.92761529072038628e-05
6  6  5.55415241332286695e-05
6  7  7.63246269656266287e-05
7  0  -2.54134616805363339e-04
7  1  1.17038642929737918e-04
7  2  9.62806317766578916e-05
7  3  5.79254689651861681e-05
7  4  -1.99995041149763107e-04
7  5  -4.80820340011016149e-05
7  6  7.63246269656266287e-05
7  7  1.54642321319018675e-04
