numXbins 8
numYbins 8
xbin  ybin  z
0  0  1.23640507296254468e-05
0  1  -2.28306394417029669e-06
0  2  1.32038210548979350e-06
0  3  -8.06200372765364339e-07
0  4  1.64180919466582740e-06
0  5  -1.12371731563330087e-06
0  6  -1.05386007802982044e-06
0  7  -1.73493586545849563e-06
1  0  -2.28306394417029626e-06
1  1  4.21616297128452229e-07
1  2  -2.43728011403356465e-07
1  3  1.48930997254336321e-07
1  4  -3.03432208382651184e-07
1  5  2.07527317107436588e-07
1  6  1.94632154648577675e-07
1  7  3.20405720073671783e-07
2  0  1.32038210548979350e-06
2  1  -2.43728011403356465e-07
2  2  1.41183534417508157e-07
2  3  -8.59636946186895569e-08
2  4  1.74776461599154427e-07
2  5  -1.19943395363834990e-07
2  6  -1.12474415328487002e-07
2  7  -1.85185767614327854e-07
3  0  -8.06200372765364339e-07
3  1  1.48930997254336321e-07
3  2  -8.59636946186895702e-08
3  3  5.26668805209823835e-08
3  4  -1.07468579034237471e-07
3  5  7.33174133505556198e-08
3  6  6.87689038424428930e-08
3  7  1.13195065270968764e-07
4  0  1.64180919466582697e-06
4  1  -3.03432208382651184e-07
4  2  1.74776461599154427e-07
4  3  -1.07468579034237471e-07
4  4  2.19756198182272890e-07
4  5  -1.49407406935176942e-07
4  6  -1.40158675796397758e-07
4  7  -2.30667340809759526e-07
5  0  -1.12371731563330065e-06
5  1  2.07527317107436588e-07
5  2  -1.19943395363834937e-07
5  3  7.33174133505556198e-08
5  4  -1.49407406935176942e-07
5  5  1.02150768890645196e-07
5  6  9.58047402732333733e-08
5  7  1.57712463901902062e-07
6  0  -1.05386007802982065e-06
6  1  1.94632154648577702e-07
6  2  -1.12474415328487002e-07
6  3  6.87689038424428798e-08
6  4  -1.40158675796397758e-07
6  5  9.58047402732333865e-08
6  6  8.98538423172218204e-08
6  7  1.47914564363250865e-07
7  0  -1.73493586545849563e-06
7  1  3.20405720073671783e-07
7  2  -1.85185767614327854e-07
7  3  1.13195065270968764e-07
7  4  -2.30667340809759526e-07
7  5  1.57712463901902062e-07
7  6  1.47914564363250865e-07
7  7  2.43495218600524808e-07
