numXbins 8
numYbins 8
xbin  ybin  z
0  0  7.59204016992723069e-05
0  1  1.83766938750435211e-05
0  2  2.38142959979148208e-05
0  3  1.55097913176718571e-05
0  4  5.65128545128768163e-05
0  5  3.64997227195909982e-05
0  6  1.72105993325098593e-05
0  7  1.35451484963015182e-05
1  0  1.83766938750435244e-05
1  1  9.46426521825434366e-06
1  2  2.56024940981482372e-06
1  3  5.14422881260430436e-06
1  4  1.06659981294859050e-05
1  5  9.21596334132239540e-06
1  6  4.77774708653936510e-06
1  7  4.60272262906430910e-06
2  0  2.38142959979148140e-05
2  1  2.56024940981481737e-06
2  2  1.78831685903689514e-05
2  3  5.09699995965834114e-06
2  4  2.20576319675695221e-05
2  5  1.44384864174009779e-05
2  6  9.56161093784806488e-06
2  7  1.01302262193968929e-05
3  0  1.55097913176718706e-05
3  1  5.14422881260430775e-06
3  2  5.09699995965835215e-06
3  3  6.91217414982609578e-06
3  4  9.08655171829974626e-06
3  5  7.86766816786526905e-06
3  6  4.77187748807157902e-06
3  7  5.09171030649966029e-06
4  0  5.65128545128768230e-05
4  1  1.06659981294859220e-05
4  2  2.20576319675695119e-05
4  3  9.08655171829975643e-06
4  4  5.11519501240810271e-05
4  5  2.75822492598886570e-05
4  6  1.46580794657739957e-05
4  7  1.24000082550225640e-05
5  0  3.64997227195910186e-05
5  1  9.21596334132238862e-06
5  2  1.44384864174010016e-05
5  3  7.86766816786526227e-06
5  4  2.75822492598886502e-05
5  5  2.16573820121972349e-05
5  6  1.08082148391333207e-05
5  7  9.60391090056205021e-06
6  0  1.72105993325098526e-05
6  1  4.77774708653937018e-06
6  2  9.56161093784807335e-06
6  3  4.77187748807158410e-06
6  4  1.46580794657739753e-05
6  5  1.08082148391333139e-05
6  6  7.68277161789207414e-06
6  7  8.80632499778223812e-06
7  0  1.35451484963015114e-05
7  1  4.60272262906430994e-06
7  2  1.01302262193969031e-05
7  3  5.09171030649966622e-06
7  4  1.24000082550225385e-05
7  5  9.60391090056204343e-06
7  6  8.80632499778223303e-06
7  7  1.14592338715926360e-05
