numXbins 8
numYbins 8
xbin  ybin  z
0  0  1.59730573510858504e-04
0  1  2.20032236901694107e-05
0  2  4.63192765309784559e-05
0  3  2.69191498959371926e-05
0  4  8.96044249054641983e-05
0  5  6.49045663271365542e-05
0  6  3.87120291828056722e-05
0  7  3.93341810854346788e-05
1  0  2.20032236901693836e-05
1  1  5.81743654824625815e-05
1  2  2.46029876382940297e-05
1  3  4.10038782189472108e-05
1  4  2.83274580758567212e-05
1  5  5.13438716624636571e-05
1  6  4.28033750799529399e-05
1  7  5.90952397884575117e-05
2  0  4.63192765309784627e-05
2  1  2.46029876382940433e-05
2  2  3.47667691792254385e-05
2  3  2.42039608078967805e-05
2  4  3.50217450163185101e-05
2  5  3.90760451041079586e-05
2  6  3.18396175971738868e-05
2  7  4.15769976522712976e-05
3  0  2.69191498959372095e-05
3  1  4.10038782189472108e-05
3  2  2.42039608078967772e-05
3  3  3.48709003141834718e-05
3  4  2.35214301610211159e-05
3  5  4.13599540561035504e-05
3  6  3.49785450824576888e-05
3  7  4.82416594933572713e-05
4  0  8.96044249054641983e-05
4  1  2.83274580758567280e-05
4  2  3.50217450163185236e-05
4  3  2.35214301610211159e-05
4  4  7.96586012705746997e-05
4  5  5.64266865158566866e-05
4  6  3.52088533900843601e-05
4  7  3.72733949967872863e-05
5  0  6.49045663271365000e-05
5  1  5.13438716624636571e-05
5  2  3.90760451041079451e-05
5  3  4.13599540561035639e-05
5  4  5.64266865158566730e-05
5  5  6.87023547840203390e-05
5  6  4.99146283744945787e-05
5  7  6.28608740130885517e-05
6  0  3.87120291828056586e-05
6  1  4.28033750799529332e-05
6  2  3.18396175971738868e-05
6  3  3.49785450824576888e-05
6  4  3.52088533900843533e-05
6  5  4.99146283744945787e-05
6  6  4.21844565941489929e-05
6  7  5.71848911863404694e-05
7  0  3.93341810854346924e-05
7  1  5.90952397884575117e-05
7  2  4.15769976522712841e-05
7  3  4.82416594933572713e-05
7  4  3.72733949967872931e-05
7  5  6.28608740130885652e-05
7  6  5.71848911863404965e-05
7  7  8.03287977447518292e-05
