numXbins 8
numYbins 8
xbin  ybin  z
0  0  5.52000151431919872e-07
0  1  3.21331824669409238e-06
0  2  1.56503616536868724e-06
0  3  2.28732800347293634e-06
0  4  1.84851628102346879e-06
0  5  3.30212666546611605e-06
0  6  2.91299205633531820e-06
0  7  3.99257718413139422e-06
1  0  3.21331824669409238e-06
1  1  1.87583052032459351e-05
1  2  9.13715236877701166e-06
1  3  1.33506092423883205e-05
1  4  1.07889708644077910e-05
1  5  1.92755143856606437e-05
1  6  1.70050514863693509e-05
1  7  2.33078017778222173e-05
2  0  1.56503616536868703e-06
2  1  9.13715236877701504e-06
2  2  4.45071626382362924e-06
2  3  6.50303063011133293e-06
2  4  5.25525907543616965e-06
2  5  9.38906177924258089e-06
2  6  8.28314330004700132e-06
2  7  1.13532158456372972e-05
3  0  2.28732800347293549e-06
3  1  1.33506092423883205e-05
3  2  6.50303063011133293e-06
3  3  9.50193936760978813e-06
3  4  7.67877710727463787e-06
3  5  1.37187637177123888e-05
3  6  1.21027901848954252e-05
3  7  1.65885473672314569e-05
4  0  1.84851628102347133e-06
4  1  1.07889708644077910e-05
4  2  5.25525907543617050e-06
4  3  7.67877710727463618e-06
4  4  6.20543276008562673e-06
4  5  1.10864951023630145e-05
4  6  9.78057652750962085e-06
4  7  1.34056287261814500e-05
5  0  3.30212666546611520e-06
5  1  1.92755143856606437e-05
5  2  9.38906177924258259e-06
5  3  1.37187637177123855e-05
5  4  1.10864951023630094e-05
5  5  1.98070125371092278e-05
5  6  1.74739205645302208e-05
5  7  2.39504408407128750e-05
6  0  2.91299205633532201e-06
6  1  1.70050514863693509e-05
6  2  8.28314330004700132e-06
6  3  1.21027901848954252e-05
6  4  9.78057652750961746e-06
6  5  1.74739205645302242e-05
6  6  1.54156664853775318e-05
6  7  2.11293268591267166e-05
7  0  3.99257718413139422e-06
7  1  2.33078017778222105e-05
7  2  1.13532158456372972e-05
7  3  1.65885473672314535e-05
7  4  1.34056287261814500e-05
7  5  2.39504408407128716e-05
7  6  2.11293268591267166e-05
7  7  2.89607022242961380e-05
