numXbins 8
numYbins 8
xbin  ybin  z
0  0  2.20141907326546773e-04
0  1  1.03195156299793397e-04
0  2  -8.71498396754172386e-05
0  3  4.67765947985371929e-05
0  4  1.43583815451026064e-04
0  5  1.46379185720489852e-04
0  6  5.44766569321039417e-05
0  7  3.71026057014697523e-05
1  0  1.03195156299793397e-04
1  1  2.49456130426280837e-04
1  2  -4.66479002210096639e-05
1  3  1.09712610357726677e-04
1  4  -3.36995143487092781e-05
1  5  1.22809421124783357e-04
1  6  1.03542528607805252e-04
1  7  1.51177734929860708e-04
2  0  -8.71498396754172386e-05
2  1  -4.66479002210096639e-05
2  2  1.49585401907504197e-04
2  3  -4.20132240651597833e-05
2  4  -1.03289441444990947e-04
2  5  1.98029318701146132e-05
2  6  2.17383883318659864e-05
2  7  4.04146971834790555e-05
3  0  4.67765947985371929e-05
3  1  1.09712610357726677e-04
3  2  -4.20132240651597766e-05
3  3  2.19630657139316144e-04
3  4  -1.35739905379181656e-04
3  5  4.55825116734803580e-05
3  6  6.71797589775665742e-05
3  7  1.18500392610283674e-04
4  0  1.43583815451026064e-04
4  1  -3.36995143487092781e-05
4  2  -1.03289441444990947e-04
4  3  -1.35739905379181656e-04
4  4  3.43566949741642166e-04
4  5  1.72863113984546162e-05
4  6  -3.83199040173379070e-05
4  7  -1.00795966203687194e-04
5  0  1.46379185720489852e-04
5  1  1.22809421124783329e-04
5  2  1.98029318701146065e-05
5  3  4.55825116734803580e-05
5  4  1.72863113984546128e-05
5  5  2.06506823227911693e-04
5  6  8.84066582358288195e-05
5  7  8.55476940299498834e-05
6  0  5.44766569321039417e-05
6  1  1.03542528607805252e-04
6  2  2.17383883318659830e-05
6  3  6.71797589775665742e-05
6  4  -3.83199040173379138e-05
6  5  8.84066582358288195e-05
6  6  7.19403195880312157e-05
6  7  1.03256390750627712e-04
7  0  3.71026057014697456e-05
7  1  1.51177734929860708e-04
7  2  4.04146971834790555e-05
7  3  1.18500392610283674e-04
7  4  -1.00795966203687194e-04
7  5  8.55476940299498698e-05
7  6  1.03256390750627712e-04
7  7  1.68941113823631300e-04
