numXbins 8
numYbins 8
xbin  ybin  z
0  0  1.43372083469468254e-05
0  1  2.28804667474741643e-06
0  2  3.98369942878142062e-06
0  3  2.01586427672767759e-06
0  4  1.84851246349683370e-06
0  5  1.89875093793569627e-06
0  6  2.41512870647558329e-06
0  7  3.52126228003455644e-06
1  0  2.28804667474741601e-06
1  1  1.62078631923654923e-06
1  2  1.24905870893000826e-06
1  3  1.06599033904217932e-06
1  4  3.24747570895462128e-07
1  5  1.11716049491657724e-06
1  6  1.31023082661130450e-06
1  7  1.96992998908049505e-06
2  0  3.98369942878141978e-06
2  1  1.24905870893000804e-06
2  2  1.40646574137443063e-06
2  3  9.23661648161358979e-07
2  4  5.28152612844213625e-07
2  5  9.25243417271271089e-07
2  6  1.12277507349863725e-06
2  7  1.66612469037047062e-06
3  0  2.01586427672767759e-06
3  1  1.06599033904217974e-06
3  2  9.23661648161359190e-07
3  3  7.24612052580540613e-07
3  4  2.77540293777391579e-07
3  5  7.49555084813574197e-07
3  6  8.87755065844354677e-07
3  7  1.32968301819065713e-06
4  0  1.84851246349683328e-06
4  1  3.24747570895462393e-07
4  2  5.28152612844213413e-07
4  3  2.77540293777391632e-07
4  4  2.39035532249316677e-07
4  5  2.64095777792948699e-07
4  6  3.33294630857708635e-07
4  7  4.87356439863285330e-07
5  0  1.89875093793569690e-06
5  1  1.11716049491657724e-06
5  2  9.25243417271271089e-07
5  3  7.49555084813574091e-07
5  4  2.64095777792948752e-07
5  5  7.79341554629177200e-07
5  6  9.19480438362622983e-07
5  7  1.37925524166717294e-06
6  0  2.41512870647558329e-06
6  1  1.31023082661130450e-06
6  2  1.12277507349863725e-06
6  3  8.87755065844354465e-07
6  4  3.33294630857708635e-07
6  5  9.19480438362622771e-07
6  6  1.08797046001195015e-06
6  7  1.63016766730033268e-06
7  0  3.52126228003455601e-06
7  1  1.96992998908049505e-06
7  2  1.66612469037047020e-06
7  3  1.32968301819065692e-06
7  4  4.87356439863285330e-07
7  5  1.37925524166717273e-06
7  6  1.63016766730033268e-06
7  7  2.44363064755927308e-06
