numXbins 8
numYbins 8
xbin  ybin  z
0  0  1.46298403499664058e-07
0  1  -2.27766787115435767e-07
0  2  -3.92641448753459165e-07
0  3  1.53936836330491380e-06
0  4  3.73987901429077018e-07
0  5  -8.36374549372779341e-09
0  6  1.53401193858065390e-07
0  7  4.45873444010602742e-07
1  0  -2.27766787115435396e-07
1  1  3.54602019378889832e-07
1  2  6.11289522862980860e-07
1  3  -2.39658791832210891e-06
1  4  -5.82248477706326160e-07
1  5  1.30212182347019866e-08
1  6  -2.38824869095744949e-07
1  7  -6.94164525196766409e-07
2  0  -3.92641448753459324e-07
2  1  6.11289522862981072e-07
2  2  1.05378666883107347e-06
2  3  -4.13141777268041356e-06
2  4  -1.00372353983832732e-06
2  5  2.24469513617765300e-08
2  6  -4.11704198789013621e-07
2  7  -1.19665280569804294e-06
3  0  1.53936836330491465e-06
3  1  -2.39658791832210806e-06
3  2  -4.13141777268041187e-06
3  3  1.61974081825813640e-05
3  4  3.93514303606217695e-06
3  5  -8.80042769011364558e-08
3  6  1.61410472752597149e-06
3  7  4.69153085289343299e-06
4  0  3.73987901429075960e-07
4  1  -5.82248477706326690e-07
4  2  -1.00372353983832626e-06
4  3  3.93514303606217187e-06
4  4  9.56038801993119312e-07
4  5  -2.13805451765806957e-08
4  6  3.92145021376289905e-07
4  7  1.13980241506096165e-06
5  0  -8.36374549372756014e-09
5  1  1.30212182347018493e-08
5  2  2.24469513617763447e-08
5  3  -8.80042769011374485e-08
5  4  -2.13805451765809041e-08
5  5  4.78147655821971489e-10
5  6  -8.76980550143743409e-09
5  7  -2.54901756882476561e-08
6  0  1.53401193858065654e-07
6  1  -2.38824869095745002e-07
6  2  -4.11704198789013780e-07
6  3  1.61410472752597107e-06
6  4  3.92145021376289958e-07
6  5  -8.76980550143729678e-09
6  6  1.60848824827632435e-07
6  7  4.67520608459618370e-07
7  0  4.45873444010603166e-07
7  1  -6.94164525196767044e-07
7  2  -1.19665280569804294e-06
7  3  4.69153085289343214e-06
7  4  1.13980241506096250e-06
7  5  -2.54901756882474477e-08
7  6  4.67520608459618370e-07
7  7  1.35888788474942205e-06
