numXbins 8
numYbins 8
xbin  ybin  z
0  0  1.17384921183306132e-03
0  1  6.40417491430772274e-04
0  2  4.32432454136833075e-04
0  3  5.53353731933236810e-04
0  4  6.91517268424346443e-04
0  5  8.08403666142203537e-04
0  6  6.52021598684299317e-04
0  7  8.35071459952187720e-04
1  0  6.40417491430772274e-04
1  1  3.73266647450367760e-04
1  2  2.44412797204521422e-04
1  3  3.10503855026980321e-04
1  4  3.78089812932525568e-04
1  5  4.55068642611019289e-04
1  6  3.69962239643620153e-04
1  7  4.75988047497358528e-04
2  0  4.32432454136833183e-04
2  1  2.44412797204521476e-04
2  2  1.67151729431388107e-04
2  3  2.08318975548105114e-04
2  4  2.56660191858583517e-04
2  5  3.05973834402332296e-04
2  6  2.48405345600094377e-04
2  7  3.19176364444322277e-04
3  0  5.53353731933236702e-04
3  1  3.10503855026980321e-04
3  2  2.08318975548105276e-04
3  3  2.69198181774528325e-04
3  4  3.28045597906793962e-04
3  5  3.88879420023387234e-04
3  6  3.16182075547745010e-04
3  7  4.06450932128237430e-04
4  0  6.91517268424346335e-04
4  1  3.78089812932525405e-04
4  2  2.56660191858583409e-04
4  3  3.28045597906793962e-04
4  4  4.16601118276777266e-04
4  5  4.80889122411221970e-04
4  6  3.88353542749882391e-04
4  7  4.97261635457268330e-04
5  0  8.08403666142203754e-04
5  1  4.55068642611019343e-04
5  2  3.05973834402332458e-04
5  3  3.88879420023387017e-04
5  4  4.80889122411222133e-04
5  5  5.70071853385282698e-04
5  6  4.61236741669332191e-04
5  7  5.91783995852209312e-04
6  0  6.52021598684299208e-04
6  1  3.69962239643620316e-04
6  2  2.48405345600094486e-04
6  3  3.16182075547745065e-04
6  4  3.88353542749882391e-04
6  5  4.61236741669332300e-04
6  6  3.74771145175228102e-04
6  7  4.81667727757647895e-04
7  0  8.35071459952187612e-04
7  1  4.75988047497358528e-04
7  2  3.19176364444322493e-04
7  3  4.06450932128237484e-04
7  4  4.97261635457268546e-04
7  5  5.91783995852209529e-04
7  6  4.81667727757647895e-04
7  7  6.19537491689676795e-04
