numXbins 8
numYbins 8
xbin  ybin  z
0  0  1.18076973481735915e-06
0  1  1.06409737148055930e-07
0  2  -1.69548964423905851e-07
0  3  2.31477671362376578e-08
0  4  3.40207680253686634e-07
0  5  4.59375466699860224e-07
0  6  1.22913001304614687e-07
0  7  1.32919077780119921e-08
1  0  1.06409737148055903e-07
1  1  1.55489169123618409e-06
1  2  -2.24132704763660683e-07
1  3  4.23832093349271097e-07
1  4  -2.92545709208634440e-07
1  5  4.89535125697181780e-07
1  6  4.40772269904223309e-07
1  7  6.73030231742536004e-07
2  0  -1.69548964423905851e-07
2  1  -2.24132704763660683e-07
2  2  4.69485839964799271e-07
2  3  1.08663328299732651e-07
2  4  -3.55244408135285772e-07
2  5  1.57234095195497657e-07
2  6  1.44758721432321169e-07
2  7  2.49286546965655989e-07
3  0  2.31477671362376578e-08
3  1  4.23832093349271097e-07
3  2  1.08663328299732690e-07
3  3  5.45869242653312443e-07
3  4  -5.39706053561721899e-07
3  5  2.08337150397896013e-07
3  6  2.83942315479271696e-07
3  7  5.18082829840302671e-07
4  0  3.40207680253686581e-07
4  1  -2.92545709208634493e-07
4  2  -3.55244408135285772e-07
4  3  -5.39706053561721899e-07
4  4  1.18067003492062414e-06
4  5  1.48979556646927365e-08
4  6  -1.92063050821753024e-07
4  7  -5.13032205461132929e-07
5  0  4.59375466699860224e-07
5  1  4.89535125697181780e-07
5  2  1.57234095195497657e-07
5  3  2.08337150397896013e-07
5  4  1.48979556646927365e-08
5  5  8.46741834910087568e-07
5  6  3.56438375843627149e-07
5  7  3.45228056789072670e-07
6  0  1.22913001304614714e-07
6  1  4.40772269904223309e-07
6  2  1.44758721432321169e-07
6  3  2.83942315479271696e-07
6  4  -1.92063050821753050e-07
6  5  3.56438375843627202e-07
6  6  3.01088377645501515e-07
6  7  4.44543842201863670e-07
7  0  1.32919077780120136e-08
7  1  6.73030231742536110e-07
7  2  2.49286546965655989e-07
7  3  5.18082829840302671e-07
7  4  -5.13032205461132929e-07
7  5  3.45228056789072670e-07
7  6  4.44543842201863776e-07
7  7  7.55022871780935505e-07
