numXbins 8
numYbins 8
xbin  ybin  z
0  0  1.63256151732361230e-05
0  1  4.54292842135151822e-08
0  2  -6.88183883362136014e-06
0  3  6.87352208336095979e-06
0  4  8.33376884573370598e-06
0  5  5.58994362123061848e-06
0  6  1.18844042102043754e-06
0  7  -3.22790943491849666e-07
1  0  4.54292842135150036e-08
1  1  3.48446937293140119e-05
1  2  2.87930105276352748e-06
1  3  7.29493350315389436e-06
1  4  -3.84377021270588368e-06
1  5  1.57838862950319650e-05
1  6  1.29399851754770497e-05
1  7  1.82688761307647684e-05
2  0  -6.88183883362136014e-06
2  1  2.87930105276352832e-06
2  2  1.84881147420415482e-05
2  3  -3.48532321348492947e-06
2  4  -7.31680529823360780e-06
2  5  7.64200118649090019e-06
2  6  5.90019533049956866e-06
2  7  8.33957191394517000e-06
3  0  6.87352208336096148e-06
3  1  7.29493350315389436e-06
3  2  -3.48532321348492947e-06
3  3  1.68619241876472789e-05
3  4  -1.03059999373537813e-05
3  5  4.31761632800499909e-06
3  6  5.81576430348928527e-06
3  7  9.62727386699363062e-06
4  0  8.33376884573370598e-06
4  1  -3.84377021270588368e-06
4  2  -7.31680529823360611e-06
4  3  -1.03059999373537813e-05
4  4  2.82519010583447736e-05
4  5  2.05764249053175519e-06
4  6  -3.46233262858455190e-06
4  7  -8.57307130452167511e-06
5  0  5.58994362123061848e-06
5  1  1.57838862950319650e-05
5  2  7.64200118649090019e-06
5  3  4.31761632800499909e-06
5  4  2.05764249053175519e-06
5  5  2.05365359908281248e-05
5  6  1.00717071224589240e-05
5  7  1.05853909544883106e-05
6  0  1.18844042102043775e-06
6  1  1.29399851754770497e-05
6  2  5.90019533049956782e-06
6  3  5.81576430348928527e-06
6  4  -3.46233262858455190e-06
6  5  1.00717071224589240e-05
6  6  7.94774833568213834e-06
6  7  1.09910594283251966e-05
7  0  -3.22790943491849877e-07
7  1  1.82688761307647684e-05
7  2  8.33957191394517000e-06
7  3  9.62727386699363062e-06
7  4  -8.57307130452167511e-06
7  5  1.05853909544883106e-05
7  6  1.09910594283251966e-05
7  7  1.68123552870305807e-05
