numXbins 8
numYbins 8
xbin  ybin  z
0  0  1.80806367327581360e-05
0  1  9.95965110677821999e-06
0  2  7.17551781103879038e-06
0  3  8.39939261723121226e-06
0  4  1.09230244714374279e-05
0  5  1.29630692997117645e-05
0  6  1.03149395249149725e-05
0  7  1.31312774197706512e-05
1  0  9.95965110677822338e-06
1  1  5.48623655432608346e-06
1  2  3.95260714347185435e-06
1  3  4.62677400209624225e-06
1  4  6.01690716838609509e-06
1  5  7.14065823048158522e-06
1  6  5.68194585036598246e-06
1  7  7.23331504416992222e-06
2  0  7.17551781103878699e-06
2  1  3.95260714347185351e-06
2  2  2.84769041143611473e-06
2  3  3.33339982533105756e-06
2  4  4.33493343202938689e-06
2  5  5.14454972026986595e-06
2  6  4.09360761873592972e-06
2  7  5.21130513266401111e-06
3  0  8.39939261723121226e-06
3  1  4.62677400209623801e-06
3  2  3.33339982533105884e-06
3  3  3.90195308833219886e-06
3  4  5.07431084752687050e-06
3  5  6.02201737593596816e-06
3  6  4.79182388172126902e-06
3  7  6.10015876346913775e-06
4  0  1.09230244714374296e-05
4  1  6.01690716838609594e-06
4  2  4.33493343202938435e-06
4  3  5.07431084752686881e-06
4  4  6.59890828885760226e-06
4  5  7.83135711858809389e-06
4  6  6.23154695917923911e-06
4  7  7.93297640550009076e-06
5  0  1.29630692997117611e-05
5  1  7.14065823048158691e-06
5  2  5.14454972026986595e-06
5  3  6.02201737593596562e-06
5  4  7.83135711858809389e-06
5  5  9.29398494936166000e-06
5  6  7.39538534290386540e-06
5  7  9.41458321972826944e-06
6  0  1.03149395249149742e-05
6  1  5.68194585036598330e-06
6  2  4.09360761873593142e-06
6  3  4.79182388172126987e-06
6  4  6.23154695917924081e-06
6  5  7.39538534290386710e-06
6  6  5.88463664058265309e-06
6  7  7.49134748249287644e-06
7  0  1.31312774197706546e-05
7  1  7.23331504416991883e-06
7  2  5.21130513266400687e-06
7  3  6.10015876346913775e-06
7  4  7.93297640550009415e-06
7  5  9.41458321972826944e-06
7  6  7.49134748249287305e-06
7  7  9.53674636704428950e-06
