numXbins 8
numYbins 8
xbin  ybin  z
0  0  1.70811128643547348e-05
0  1  1.70169820403575868e-05
0  2  -1.06469303746187185e-05
0  3  1.25517885111233325e-07
0  4  2.73499907777436896e-06
0  5  6.13306540035876721e-06
0  6  9.36065732337039062e-08
0  7  -2.62007958620898333e-06
1  0  1.70169820403575834e-05
1  1  1.69530919947347383e-05
1  2  -1.06069566080739515e-05
1  3  1.25046629785981141e-07
1  4  2.72473055804254523e-06
1  5  6.11003888324148027e-06
1  6  9.32551285286255710e-08
1  7  -2.61024253026678650e-06
2  0  -1.06469303746187185e-05
2  1  -1.06069566080739532e-05
2  2  6.63640169713619889e-06
2  3  -7.82373018761256382e-08
2  4  -1.70476859364807535e-06
2  5  -3.82283758787572633e-06
2  6  -5.83464716696350120e-08
2  7  1.63313743968875134e-06
3  0  1.25517885111237349e-07
3  1  1.25046629785984132e-07
3  2  -7.82373018761253470e-08
3  3  9.22348538288775003e-10
3  4  2.00977127631883155e-08
3  5  4.50678714212110606e-08
3  6  6.87853256290170539e-10
3  7  -1.92532448614839998e-08
4  0  2.73499907777436346e-06
4  1  2.72473055804254734e-06
4  2  -1.70476859364807662e-06
4  3  2.00977127631883618e-08
4  4  4.37923454685236660e-07
4  5  9.82016121965642560e-07
4  6  1.49881271496116271e-08
4  7  -4.19522738880265352e-07
5  0  6.13306540035876805e-06
5  1  6.11003888324148196e-06
5  2  -3.82283758787572633e-06
5  3  4.50678714212095650e-08
5  4  9.82016121965644254e-07
5  5  2.20211010276576740e-06
5  6  3.36099433394541773e-08
5  7  -9.40753660723011963e-07
6  0  9.36065732337026488e-08
6  1  9.32551285286247107e-08
6  2  -5.83464716696336488e-08
6  3  6.87853256289597096e-10
6  4  1.49881271496110977e-08
6  5  3.36099433394541971e-08
6  6  5.12975391131594720e-10
6  7  -1.43583543772734764e-08
7  0  -2.62007958620898333e-06
7  1  -2.61024253026678184e-06
7  2  1.63313743968875282e-06
7  3  -1.92532448614848369e-08
7  4  -4.19522738880263711e-07
7  5  -9.40753660723011010e-07
7  6  -1.43583543772734483e-08
7  7  4.01895186372469530e-07
