numXbins 8
numYbins 8
xbin  ybin  z
0  0  1.77205057555149891e-05
0  1  7.77975967701893943e-06
0  2  -6.84252007964585989e-06
0  3  3.21871348706835270e-06
0  4  1.23793074923589335e-05
0  5  1.15607707539251366e-05
0  6  4.18011779395531221e-06
0  7  2.63217932056070100e-06
1  0  7.77975967701893943e-06
1  1  2.04840154576631433e-05
1  2  -3.09693052832731867e-06
1  3  9.22346310504690293e-06
1  4  -3.78962543966757266e-06
1  5  9.91385899854194077e-06
1  6  8.69439874548455296e-06
1  7  1.29243737974369021e-05
2  0  -6.84252007964585989e-06
2  1  -3.09693052832731824e-06
2  2  1.20136767463964487e-05
2  3  -2.91301770502650160e-06
2  4  -8.83126516548280306e-06
2  5  1.90550031820018300e-06
2  6  2.11377472565887484e-06
2  7  3.85374050321005921e-06
3  0  3.21871348706835270e-06
3  1  9.22346310504690293e-06
3  2  -2.91301770502650118e-06
3  3  1.85821835214899624e-05
3  4  -1.24737297715267276e-05
3  5  3.65224330961886284e-06
3  6  5.73902222037594218e-06
3  7  1.02903096953118315e-05
4  0  1.23793074923589318e-05
4  1  -3.78962543966757266e-06
4  2  -8.83126516548280306e-06
4  3  -1.24737297715267293e-05
4  4  3.10396949144930539e-05
4  5  1.03806379072583566e-06
4  6  -3.70101957228603293e-06
4  7  -9.35569043827067647e-06
5  0  1.15607707539251366e-05
5  1  9.91385899854194077e-06
5  2  1.90550031820018300e-06
5  3  3.65224330961886284e-06
5  4  1.03806379072583609e-06
5  5  1.66703736903480354e-05
5  6  7.20766109367568140e-06
5  7  7.05345755430096804e-06
6  0  4.18011779395531221e-06
6  1  8.69439874548455296e-06
6  2  2.11377472565887484e-06
6  3  5.73902222037594218e-06
6  4  -3.70101957228603293e-06
6  5  7.20766109367568055e-06
6  6  6.10500920445064009e-06
6  7  8.90039459081766675e-06
7  0  2.63217932056070100e-06
7  1  1.29243737974369021e-05
7  2  3.85374050321005921e-06
7  3  1.02903096953118315e-05
7  4  -9.35569043827067477e-06
7  5  7.05345755430096634e-06
7  6  8.90039459081766506e-06
7  7  1.47377077053963384e-05
