numXbins 8
numYbins 8
xbin  ybin  z
0  0  3.69116779378530444e-05
0  1  9.02026287594064868e-06
0  2  2.69035594299340295e-06
0  3  9.40884530895875580e-06
0  4  2.09613776048756595e-05
0  5  1.19310469150356497e-05
0  6  9.06288431273321452e-06
0  7  1.06327571797477809e-05
1  0  9.02026287594064360e-06
1  1  1.33348092962386054e-05
1  2  9.71442956494266529e-06
1  3  5.86599548124244227e-06
1  4  7.43773558092732474e-06
1  5  1.39579011111983346e-05
1  6  1.12460427027647239e-05
1  7  1.46335245434948523e-05
2  0  2.69035594299340125e-06
2  1  9.71442956494267207e-06
2  2  9.89385126350409405e-06
2  3  2.87778557929140230e-06
2  4  2.32940385083580921e-06
2  5  1.04780836592609478e-05
2  6  8.46563587419061566e-06
2  7  1.12139299067784201e-05
3  0  9.40884530895875919e-06
3  1  5.86599548124244397e-06
3  2  2.87778557929140103e-06
3  3  4.38738733273769530e-06
3  4  6.65360891004745634e-06
3  5  6.74488201740643509e-06
3  6  5.45170172284291969e-06
3  7  6.89073656871775923e-06
4  0  2.09613776048756595e-05
4  1  7.43773558092732559e-06
4  2  2.32940385083581217e-06
4  3  6.65360891004745719e-06
4  4  1.42959044270030992e-05
4  5  9.55282044945980273e-06
4  6  7.23037412764869013e-06
4  7  8.65461137702243895e-06
5  0  1.19310469150356430e-05
5  1  1.39579011111983380e-05
5  2  1.04780836592609495e-05
5  3  6.74488201740643509e-06
5  4  9.55282044945979934e-06
5  5  1.57741678041676509e-05
5  6  1.23648508009795379e-05
5  7  1.58693440097162313e-05
6  0  9.06288431273321282e-06
6  1  1.12460427027647239e-05
6  2  8.46563587419061227e-06
6  3  5.45170172284292054e-06
6  4  7.23037412764868928e-06
6  5  1.23648508009795328e-05
6  6  9.93989054882884749e-06
6  7  1.28694541832038111e-05
7  0  1.06327571797477775e-05
7  1  1.46335245434948523e-05
7  2  1.12139299067784184e-05
7  3  6.89073656871775754e-06
7  4  8.65461137702243725e-06
7  5  1.58693440097162279e-05
7  6  1.28694541832038111e-05
7  7  1.67480172415815243e-05
