numXbins 8
numYbins 8
xbin  ybin  z
0  0  4.26277297302701546e-06
0  1  -2.34730311375223527e-06
0  2  7.46833163653795361e-08
0  3  -1.17953066108170781e-06
0  4  2.27733562057456487e-07
0  5  -9.00769637823454189e-07
0  6  -6.57720087015787305e-07
0  7  -1.03227757266019189e-06
1  0  -2.34730311375223527e-06
1  1  1.30870702427107164e-06
1  2  -4.69404634362268854e-08
1  3  6.59580847873765184e-07
1  4  -1.22694623920042565e-07
1  5  4.91809482330530131e-07
1  6  3.57615511694944016e-07
1  7  5.62949559772457344e-07
2  0  7.46833163653795228e-08
2  1  -4.69404634362269119e-08
2  2  3.40152636681062823e-09
2  3  -2.42894039899812642e-08
2  4  3.01556886980792814e-09
2  5  -1.42695661075445361e-08
2  6  -9.88240812383553341e-09
2  7  -1.61147210189636212e-08
3  0  -1.17953066108170781e-06
3  1  6.59580847873764972e-07
3  2  -2.42894039899812907e-08
3  3  3.32657245795825492e-07
3  4  -6.13280293740386629e-08
3  5  2.46629773489548571e-07
3  6  1.79153456790708356e-07
3  7  2.82224184075926265e-07
4  0  2.27733562057456381e-07
4  1  -1.22694623920042433e-07
4  2  3.01556886980793227e-09
4  3  -6.13280293740386894e-08
4  4  1.26199149607190597e-08
4  5  -4.88262725606871238e-08
4  6  -3.59016674412951352e-08
4  7  -5.60655147072202707e-08
5  0  -9.00769637823454189e-07
5  1  4.91809482330530131e-07
5  2  -1.42695661075445410e-08
5  3  2.46629773489548624e-07
5  4  -4.88262725606871702e-08
5  5  1.91434260070492129e-07
5  6  1.40168428176701746e-07
5  7  2.19554720855105118e-07
6  0  -6.57720087015787199e-07
6  1  3.57615511694943963e-07
6  2  -9.88240812383554168e-09
6  3  1.79153456790708329e-07
6  4  -3.59016674412951286e-08
6  5  1.40168428176701772e-07
6  6  1.02768441988682514e-07
6  7  1.60819001226138827e-07
7  0  -1.03227757266019168e-06
7  1  5.62949559772457238e-07
7  2  -1.61147210189636411e-08
7  3  2.82224184075926213e-07
7  4  -5.60655147072202376e-08
7  5  2.19554720855105118e-07
7  6  1.60819001226138854e-07
7  7  2.51832834206646773e-07
