numXbins 8
numYbins 8
xbin  ybin  z
0  0  6.24901404315497910e-05
0  1  2.31178564743677890e-05
0  2  4.99467604815781815e-05
0  3  4.10871826002373545e-05
0  4  7.57674733230320898e-05
0  5  7.30378425954008128e-05
0  6  4.26788674080552817e-05
0  7  4.64079835198732751e-05
1  0  2.31178564743678229e-05
1  1  8.55231376147851823e-06
1  2  1.84775075267679973e-05
1  3  1.51999592852390816e-05
1  4  2.80297269555024972e-05
1  5  2.70199162725111996e-05
1  6  1.57887936307127074e-05
1  7  1.71683579980498370e-05
2  0  4.99467604815781815e-05
2  1  1.84775075267679837e-05
2  2  3.99211598081900977e-05
2  3  3.28399272913272355e-05
2  4  6.05589908460059165e-05
2  5  5.83772672778616746e-05
2  6  3.41121199813937452e-05
2  7  3.70927064860598833e-05
3  0  4.10871826002373613e-05
3  1  1.51999592852390867e-05
3  2  3.28399272913272288e-05
3  3  2.70147668474903700e-05
3  4  4.98170109729872631e-05
3  5  4.80222824708125370e-05
3  6  2.80612974503856262e-05
3  7  3.05131862374109036e-05
4  0  7.57674733230320491e-05
4  1  2.80297269555024972e-05
4  2  6.05589908460059300e-05
4  3  4.98170109729872835e-05
4  4  9.18658523426525280e-05
4  5  8.85562546699753179e-05
4  6  5.17468823956178663e-05
4  7  5.62683269558226021e-05
5  0  7.30378425954008128e-05
5  1  2.70199162725111895e-05
5  2  5.83772672778616746e-05
5  3  4.80222824708125437e-05
5  4  8.85562546699753586e-05
5  5  8.53658899492129900e-05
5  6  4.98826275372832607e-05
5  7  5.42411806420451162e-05
6  0  4.26788674080552817e-05
6  1  1.57887936307127006e-05
6  2  3.41121199813937452e-05
6  3  2.80612974503856194e-05
6  4  5.17468823956178731e-05
6  5  4.98826275372832472e-05
6  6  2.91483698173086321e-05
6  7  3.16952428277774922e-05
7  0  4.64079835198733022e-05
7  1  1.71683579980498573e-05
7  2  3.70927064860598833e-05
7  3  3.05131862374109341e-05
7  4  5.62683269558226021e-05
7  5  5.42411806420451162e-05
7  6  3.16952428277774990e-05
7  7  3.44646518555986203e-05
