numXbins 8
numYbins 8
xbin  ybin  z
0  0  3.05628466308797773e-06
0  1  -1.92466375171796999e-06
0  2  8.11137842501306606e-08
0  3  -1.05610391858478642e-06
0  4  -4.09347910983662126e-08
0  5  -8.51231871260401953e-07
0  6  -5.10201950426906917e-07
0  7  -7.33794166549668988e-07
1  0  -1.92466375171797083e-06
1  1  1.43740137643488758e-06
1  2  -9.88344986315335943e-08
1  3  8.39063050758132760e-07
1  4  1.55422140929719753e-07
1  5  6.28025313031843976e-07
1  6  3.17674073908815335e-07
1  7  4.28159680700799268e-07
2  0  8.11137842501304224e-08
2  1  -9.88344986315336737e-08
2  2  1.22716582972107992e-08
2  3  -6.48974257019187683e-08
2  4  -2.85575156626384515e-08
2  5  -4.20800015315989900e-08
2  6  -1.27736192504423606e-08
2  7  -1.22832001167786812e-08
3  0  -1.05610391858478642e-06
3  1  8.39063050758132760e-07
3  2  -6.48974257019187021e-08
3  3  4.99269296859325232e-07
3  4  1.14236664703914281e-07
3  5  3.65150587895446249e-07
3  6  1.73505990538863126e-07
3  7  2.27360617522777440e-07
4  0  -4.09347910983661597e-08
4  1  1.55422140929719726e-07
4  2  -2.85575156626385045e-08
4  3  1.14236664703914295e-07
4  4  7.51276949434203844e-08
4  5  6.43085796069339196e-08
4  6  4.75081120172042238e-09
4  7  -9.69606132901445116e-09
5  0  -8.51231871260402059e-07
5  1  6.28025313031843447e-07
5  2  -4.20800015315989503e-08
5  3  3.65150587895446038e-07
5  4  6.43085796069341446e-08
5  5  2.74616998854073561e-07
5  6  1.40623233495430497e-07
5  7  1.90524548520298639e-07
6  0  -5.10201950426906917e-07
6  1  3.17674073908815176e-07
6  2  -1.27736192504423755e-08
6  3  1.73505990538863100e-07
6  4  4.75081120172044885e-09
6  5  1.40623233495430497e-07
6  6  8.52288999308614746e-08
6  7  1.23041406275866601e-07
7  0  -7.33794166549669093e-07
7  1  4.28159680700799162e-07
7  2  -1.22832001167787209e-08
7  3  2.27360617522777440e-07
7  4  -9.69606132901443792e-09
7  5  1.90524548520298586e-07
7  6  1.23041406275866627e-07
7  7  1.81290504637742653e-07
