numXbins 8
numYbins 8
xbin  ybin  z
0  0  1.22607032305590962e-05
0  1  -2.24152434864854250e-06
0  2  1.35615699700867192e-06
0  3  -7.64578108924355885e-07
0  4  1.48132801017401791e-06
0  5  -1.09830371441694038e-06
0  6  -1.02671058261359247e-06
0  7  -1.69625270428341630e-06
1  0  -2.24152434864854250e-06
1  1  4.09799610275303540e-07
1  2  -2.47935120214667122e-07
1  3  1.39781578215350853e-07
1  4  -2.70819115404748558e-07
1  5  2.00793908129235736e-07
1  6  1.87705119899436104e-07
1  7  3.10112043870001637e-07
2  0  1.35615699700867214e-06
2  1  -2.47935120214667174e-07
2  2  1.50004593207310842e-07
2  3  -8.45700228346641976e-08
2  4  1.63849765228419159e-07
2  5  -1.21483428734717617e-07
2  6  -1.13564508848386863e-07
2  7  -1.87622596383807783e-07
3  0  -7.64578108924355780e-07
3  1  1.39781578215350853e-07
3  2  -8.45700228346642241e-08
3  3  4.76791317474606956e-08
3  4  -9.23756939073944913e-08
3  5  6.84902783472076220e-08
3  6  6.40257268205265656e-08
3  7  1.05778409322097140e-07
4  0  1.48132801017401791e-06
4  1  -2.70819115404748505e-07
4  2  1.63849765228419186e-07
4  3  -9.23756939073944780e-08
4  4  1.78972823374182036e-07
4  5  -1.32696145176151469e-07
4  6  -1.24046322284096784e-07
4  7  -2.04939846918867857e-07
5  0  -1.09830371441694038e-06
5  1  2.00793908129235710e-07
5  2  -1.21483428734717617e-07
5  3  6.84902783472076087e-08
5  4  -1.32696145176151442e-07
5  5  9.83851436918795067e-08
5  6  9.19718898101302817e-08
5  7  1.51948922559420092e-07
6  0  -1.02671058261359269e-06
6  1  1.87705119899436104e-07
6  2  -1.13564508848386863e-07
6  3  6.40257268205265656e-08
6  4  -1.24046322284096758e-07
6  5  9.19718898101302817e-08
6  6  8.59766850749125716e-08
6  7  1.42044103794468228e-07
7  0  -1.69625270428341609e-06
7  1  3.10112043870001584e-07
7  2  -1.87622596383807730e-07
7  3  1.05778409322097140e-07
7  4  -2.04939846918867857e-07
7  5  1.51948922559420092e-07
7  6  1.42044103794468201e-07
7  7  2.34674405104053485e-07
