numXbins 8
numYbins 8
xbin  ybin  z
0  0  2.60088229601465513e-05
0  1  3.22650822494475789e-05
0  2  -2.60701893733321489e-06
0  3  3.92986256427590717e-05
0  4  -3.68862276071732437e-06
0  5  -1.00824544588761787e-05
0  6  1.35417182442289979e-05
0  7  2.33739024702205274e-05
1  0  3.22650822494475721e-05
1  1  4.00262454844190331e-05
1  2  -3.23412099685610723e-06
1  3  4.87516636410957122e-05
1  4  -4.57589783836412897e-06
1  5  -1.25077256625732768e-05
1  6  1.67990936621159723e-05
1  7  2.89963481564635670e-05
2  0  -2.60701893733321489e-06
2  1  -3.23412099685610596e-06
2  2  2.61317005772559059e-07
2  3  -3.93913486276674158e-06
2  4  3.69732586691931129e-07
2  5  1.01062434656756959e-06
2  6  -1.35736691971147790e-06
2  7  -2.34290519308070248e-06
3  0  3.92986256427590853e-05
3  1  4.87516636410957325e-05
3  2  -3.93913486276672803e-06
3  3  5.93791568259811379e-05
3  4  -5.57340888639642848e-06
3  5  -1.52343150609576647e-05
3  6  2.04611687601213045e-05
3  7  3.53173322912411953e-05
4  0  -3.68862276071735613e-06
4  1  -4.57589783836418064e-06
4  2  3.69732586691952782e-07
4  3  -5.57340888639640985e-06
4  4  5.23127782127315406e-07
4  5  1.42991365114422846e-06
4  6  -1.92051328933354326e-06
4  7  -3.31493312060125330e-06
5  0  -1.00824544588761855e-05
5  1  -1.25077256625732666e-05
5  2  1.01062434656757637e-06
5  3  -1.52343150609576817e-05
5  4  1.42991365114423460e-06
5  5  3.90851550918240957e-06
5  6  -5.24951696974457619e-06
5  7  -9.06101393143876643e-06
6  0  1.35417182442289945e-05
6  1  1.67990936621159824e-05
6  2  -1.35736691971148468e-06
6  3  2.04611687601213011e-05
6  4  -1.92051328933354157e-06
6  5  -5.24951696974458127e-06
6  6  7.05061252818230649e-06
6  7  1.21698241402475113e-05
7  0  2.33739024702205308e-05
7  1  2.89963481564635772e-05
7  2  -2.34290519308070756e-06
7  3  3.53173322912411750e-05
7  4  -3.31493312060123975e-06
7  5  -9.06101393143876643e-06
7  6  1.21698241402475198e-05
7  7  2.10059223950480606e-05
