numXbins 8
numYbins 8
xbin  ybin  z
0  0  1.16714776125191233e-05
0  1  1.28387977562460623e-06
0  2  5.05662949379000238e-06
0  3  1.60430402816713235e-06
0  4  2.31240284375314392e-06
0  5  1.34500227355846505e-06
0  6  2.72232040811669413e-06
0  7  4.34141822386893911e-06
1  0  1.28387977562460623e-06
1  1  1.30470150831026366e-06
1  2  1.38728963340185320e-06
1  3  9.06226651534431107e-07
1  4  5.14349627570776348e-07
1  5  7.98461245311073890e-07
1  6  1.06882766790317824e-06
1  7  1.68594815711682164e-06
2  0  5.05662949379000238e-06
2  1  1.38728963340185320e-06
2  2  2.78437805394835448e-06
2  3  1.21631063215927219e-06
2  4  1.18754252391334848e-06
2  5  1.04736762701891521e-06
2  6  1.72898586128251931e-06
2  7  2.74403884372771384e-06
3  0  1.60430402816713256e-06
3  1  9.06226651534430790e-07
3  2  1.21631063215927177e-06
3  3  6.78232452051743555e-07
3  4  4.80916812856209620e-07
3  5  5.92888221425299070e-07
3  6  8.56758336077911099e-07
3  7  1.35467105131716158e-06
4  0  2.31240284375314434e-06
4  1  5.14349627570775395e-07
4  2  1.18754252391334721e-06
4  3  4.80916812856208879e-07
4  4  5.16236923587059296e-07
4  5  4.11835992897306927e-07
4  6  7.11275655878073808e-07
4  7  1.13015810310385191e-06
5  0  1.34500227355846357e-06
5  1  7.98461245311071772e-07
5  2  1.04736762701891563e-06
5  3  5.92888221425298223e-07
5  4  4.11835992897307245e-07
5  5  5.18701825024190581e-07
5  6  7.43877193548614713e-07
5  7  1.17591829181128583e-06
6  0  2.72232040811669328e-06
6  1  1.06882766790317781e-06
6  2  1.72898586128251973e-06
6  3  8.56758336077910887e-07
6  4  7.11275655878073067e-07
6  5  7.43877193548615348e-07
6  6  1.14372856251321431e-06
6  7  1.81168446185670079e-06
7  0  4.34141822386893911e-06
7  1  1.68594815711682206e-06
7  2  2.74403884372771341e-06
7  3  1.35467105131716073e-06
7  4  1.13015810310385318e-06
7  5  1.17591829181128795e-06
7  6  1.81168446185670121e-06
7  7  2.86990180469490585e-06
