numXbins 6
numYbins 6
xbin  ybin  z
0  0  5.60692717379424721e-01
0  1  4.21955242054536939e-02
0  2  1.89682829659432173e-01
0  3  -8.31790314987301826e-03
0  4  5.16139349492732435e-02
0  5  -4.07269910792820156e-02
1  0  -2.04465705028269440e-02
1  1  7.38923360215267166e-01
1  2  6.70694770815316588e-03
1  3  3.25505056825932115e-02
1  4  2.15831549794529565e-02
1  5  1.09273215639404953e-02
2  0  6.62255125644151121e-02
2  1  7.01039721025153995e-03
2  2  6.53008605266222730e-01
2  3  -5.65407390822656453e-02
2  4  1.07836403272813186e-01
2  5  -9.41059237811714411e-03
3  0  1.39697077902383171e-02
3  1  4.77828998118638992e-02
3  2  8.34627695439849049e-03
3  3  6.76524832961149514e-01
3  4  1.49739533371757716e-02
3  5  -3.06455898680724204e-03
4  0  -2.12688537721987814e-02
4  1  5.41808251873590052e-02
4  2  1.87156201078323647e-01
4  3  -1.84768608305603266e-02
4  4  6.21141961048124358e-01
4  5  -1.14825118798762560e-02
5  0  -4.07699589923140593e-02
5  1  8.49648121511563659e-02
5  2  1.10827137308660895e-01
5  3  7.44441538699902594e-03
5  4  -5.99661334708798677e-02
5  5  6.85323908721329644e-01
