numXbins 6
numYbins 6
xbin  ybin  z
0  0  7.59169657773053485e-06
0  1  1.01715634405370465e-05
0  2  7.44007810066759060e-07
0  3  -9.65925910707445631e-07
0  4  -7.01634494853479569e-07
0  5  7.85409974921872143e-06
1  0  1.01715634405370465e-05
1  1  1.36708102376606114e-05
1  2  9.90935078050057203e-07
1  3  -1.17747507959082716e-06
1  4  -8.73042529709872747e-07
1  5  9.96826314801784663e-06
2  0  7.44007810066758954e-07
2  1  9.90935078050056779e-07
2  2  7.37326042102885771e-08
2  3  -1.10818522087781817e-07
2  4  -7.80408990719461924e-08
2  5  8.46537367014491662e-07
3  0  -9.65925910707446054e-07
3  1  -1.17747507959082716e-06
3  2  -1.10818522087781830e-07
3  3  4.42058535943367601e-07
3  4  2.72582904891097317e-07
3  5  -2.51683819115047109e-06
4  0  -7.01634494853479569e-07
4  1  -8.73042529709872535e-07
4  2  -7.80408990719462189e-08
4  3  2.72582904891097264e-07
4  4  1.70131416132358007e-07
4  5  -1.59748437246302591e-06
5  0  7.85409974921872312e-06
5  1  9.96826314801784663e-06
5  2  8.46537367014491450e-07
5  3  -2.51683819115047109e-06
5  4  -1.59748437246302591e-06
5  5  1.53410383689248867e-05
