numXbins 6
numYbins 6
xbin  ybin  z
0  0  6.26945411059429488e-07
0  1  2.97927480077401073e-06
0  2  3.86777290543530497e-07
0  3  1.73692087205983478e-06
0  4  1.19241851613631857e-06
0  5  3.23132682679405696e-06
1  0  2.97927480077401073e-06
1  1  1.41576574003914991e-05
1  2  1.83798432032666810e-06
1  3  8.25393167217194894e-06
1  4  5.66643024166663820e-06
1  5  1.53554207723836694e-05
2  0  3.86777290543530550e-07
2  1  1.83798432032666789e-06
2  2  2.38611958619175578e-07
2  3  1.07154711866951989e-06
2  4  7.35630877472719011e-07
2  5  1.99348111156292988e-06
3  0  1.73692087205983478e-06
3  1  8.25393167217194894e-06
3  2  1.07154711866952032e-06
3  3  4.81205231361222882e-06
3  4  3.30353579812941970e-06
3  5  8.95222919076992228e-06
4  0  1.19241851613631836e-06
4  1  5.66643024166663651e-06
4  2  7.35630877472719011e-07
4  3  3.30353579812941886e-06
4  4  2.26791981015067869e-06
4  5  6.14582046855751858e-06
5  0  3.23132682679405738e-06
5  1  1.53554207723836762e-05
5  2  1.99348111156293030e-06
5  3  8.95222919076992228e-06
5  4  6.14582046855751943e-06
5  5  1.66545170877232596e-05
