numXbins 6
numYbins 6
xbin  ybin  z
0  0  7.71308889970108787e-06
0  1  1.09435479251272536e-05
0  2  1.94604508746684481e-07
0  3  5.95096582548466450e-07
0  4  8.84607994606798264e-07
0  5  1.12059174877070135e-06
1  0  1.09435479251272553e-05
1  1  1.55270300262616781e-05
1  2  2.76116213362229445e-07
1  3  8.44224733566082960e-07
1  4  1.25510916455123576e-06
1  5  1.58994646621105521e-06
2  0  1.94604508746684110e-07
2  1  2.76116213362229816e-07
2  2  4.91212348158103951e-09
2  3  1.49718836186002406e-08
2  4  2.23199284158083920e-08
2  5  2.82801634827591969e-08
3  0  5.95096582548466450e-07
3  1  8.44224733566082748e-07
3  2  1.49718836186002472e-08
3  3  4.67530012598319082e-08
3  4  6.82335894055272065e-08
3  5  8.63175093905532449e-08
4  0  8.84607994606798264e-07
4  1  1.25510916455123555e-06
4  2  2.23199284158083920e-08
4  3  6.82335894055272065e-08
4  4  1.01455350774605320e-07
4  5  1.28522717925177426e-07
5  0  1.12059174877070198e-06
5  1  1.58994646621105500e-06
5  2  2.82801634827591869e-08
5  3  8.63175093905532449e-08
5  4  1.28522717925177426e-07
5  5  1.62828156864245415e-07
