numXbins 6
numYbins 6
xbin  ybin  z
0  0  2.81835526082547603e-05
0  1  5.21582887355615264e-05
0  2  4.68406863073461102e-05
0  3  1.09002952904521956e-04
0  4  4.47085894507936627e-05
0  5  6.59557538931570500e-05
1  0  5.21582887355615264e-05
1  1  9.65274719492032618e-05
1  2  8.66863760913820123e-05
1  3  2.01727850624397784e-04
1  4  8.27405810029489960e-05
1  5  1.22061945246864623e-04
2  0  4.68406863073461102e-05
2  1  8.66863760913819852e-05
2  2  7.78485921998556046e-05
2  3  1.81161445277828141e-04
2  4  7.43050758297652923e-05
2  5  1.09617578068175295e-04
3  0  1.09002952904521970e-04
3  1  2.01727850624397757e-04
3  2  1.81161445277828114e-04
3  3  4.21580767586602256e-04
3  4  1.72915328953422790e-04
3  5  2.55091046729585195e-04
4  0  4.47085894507936695e-05
4  1  8.27405810029489689e-05
4  2  7.43050758297653059e-05
4  3  1.72915328953422790e-04
4  4  7.09228534267240481e-05
4  5  1.04627999305632790e-04
5  0  6.59557538931570636e-05
5  1  1.22061945246864636e-04
5  2  1.09617578068175323e-04
5  3  2.55091046729585304e-04
5  4  1.04627999305632776e-04
5  5  1.54351068940136748e-04
