numXbins 6
numYbins 6
xbin  ybin  z
0  0  1.33698228910868721e-05
0  1  3.74735750477123340e-05
0  2  6.41071410954917521e-06
0  3  1.36622160662294060e-05
0  4  9.80199923825127520e-06
0  5  3.07908434870171049e-05
1  0  3.74735750477123408e-05
1  1  1.15375768888776892e-04
1  2  2.13625811095001190e-05
1  3  4.54385785544208506e-05
1  4  3.20984942487547738e-05
1  5  1.02430753736403851e-04
2  0  6.41071410954917606e-06
2  1  2.13625811095001122e-05
2  2  4.18781370765611068e-06
2  3  8.89587590981062365e-06
2  4  6.21777621529850607e-06
2  5  2.00569767983773848e-05
3  0  1.36622160662294094e-05
3  1  4.54385785544208506e-05
3  2  8.89587590981062534e-06
3  3  1.88974329213676072e-05
3  4  1.32115240508597506e-05
3  5  4.26067077740107237e-05
4  0  9.80199923825127689e-06
4  1  3.20984942487547670e-05
4  2  6.21777621529850691e-06
4  3  1.32115240508597472e-05
4  4  9.25437434309179091e-06
4  5  2.97862017594574847e-05
5  0  3.07908434870171049e-05
5  1  1.02430753736403878e-04
5  2  2.00569767983773814e-05
5  3  4.26067077740107373e-05
5  4  2.97862017594574847e-05
5  5  9.60623797735192758e-05
