numXbins 6
numYbins 6
xbin  ybin  z
0  0  -1.17914015850181895e-04
0  1  3.49154624156704739e-04
0  2  -2.10919268179463477e-04
0  3  -2.92869092319540912e-05
0  4  -3.54774409348373478e-04
0  5  -5.21170365006694736e-04
1  0  3.49154624156705715e-04
1  1  3.55538749600808543e-03
1  2  -2.13796656142623664e-05
1  3  1.79067510624686789e-03
1  4  4.52241291196565161e-04
1  5  2.01484987789619279e-03
2  0  -2.10919268179463423e-04
2  1  -2.13796656142628644e-05
2  2  -2.86369064801652239e-04
2  3  -2.92215730625644586e-04
2  4  -5.50397612634971503e-04
2  5  -9.98625013185902620e-04
3  0  -2.92869092319540912e-05
3  1  1.79067510624686703e-03
3  2  -2.92215730625644586e-04
3  3  6.25388576026201289e-04
3  4  -3.10252940094709229e-04
3  5  4.56605840884080042e-05
4  0  -3.54774409348373478e-04
4  1  4.52241291196563209e-04
4  2  -5.50397612634971611e-04
4  3  -3.10252940094709229e-04
4  4  -9.89434692061984949e-04
4  5  -1.62955607901920513e-03
5  0  -5.21170365006694302e-04
5  1  2.01484987789618888e-03
5  2  -9.98625013185902620e-04
5  3  4.56605840884080042e-05
5  4  -1.62955607901920513e-03
5  5  -2.25506528060760584e-03
