numXbins 6
numYbins 6
xbin  ybin  z
0  0  3.96847638704091816e-04
0  1  -2.98927838103562509e-04
0  2  1.34291782708422414e-04
0  3  4.98589459567217973e-05
0  4  6.36685012784246406e-05
0  5  -3.45739030544097218e-04
1  0  -2.98927838103562292e-04
1  1  2.14568880389548163e-03
1  2  -6.57550067583446344e-04
1  3  1.71447207896931909e-05
1  4  -5.70193602676267379e-04
1  5  -6.36162016321897947e-04
2  0  1.34291782708422387e-04
2  1  -6.57550067583446670e-04
2  2  3.33846844712062181e-04
2  3  -2.45806653845365977e-05
2  4  1.48358032233647004e-04
2  5  6.56340733138523056e-05
3  0  4.98589459567220413e-05
3  1  1.71447207896951763e-05
3  2  -2.45806653845364723e-05
3  3  4.10890985380493528e-04
3  4  -9.00307717159509117e-05
3  5  -3.63283215026420007e-04
4  0  6.36685012784248981e-05
4  1  -5.70193602676267379e-04
4  2  1.48358032233647139e-04
4  3  -9.00307717159511692e-05
4  4  2.85463491687143922e-04
4  5  1.62734349193004337e-04
5  0  -3.45739030544097434e-04
5  1  -6.36162016321896863e-04
5  2  6.56340733138520481e-05
5  3  -3.63283215026418002e-04
5  4  1.62734349193003849e-04
5  5  1.11681583938556470e-03
