numXbins 6
numYbins 6
xbin  ybin  z
0  0  5.49310335139888291e-04
0  1  1.23210666557753120e-03
0  2  2.17933796697836516e-04
0  3  9.03528816909674034e-04
0  4  4.97200246222522131e-04
0  5  9.31145632139311575e-04
1  0  1.23210666557753185e-03
1  1  9.33104104800621531e-03
1  2  3.55818042781751273e-04
1  3  4.96077689937965763e-03
1  4  2.59807686330270054e-03
1  5  7.63737203266734617e-03
2  0  2.17933796697836489e-04
2  1  3.55818042781751382e-04
2  2  2.72390006334075475e-04
2  3  4.69916588287018510e-04
2  4  3.00108266654264743e-04
2  5  6.10000669887734667e-04
3  0  9.03528816909674251e-04
3  1  4.96077689937965589e-03
3  2  4.69916588287018564e-04
3  3  3.32779797825075553e-03
3  4  1.69579517899919041e-03
3  5  4.48086729036313233e-03
4  0  4.97200246222522131e-04
4  1  2.59807686330269924e-03
4  2  3.00108266654264798e-04
4  3  1.69579517899918954e-03
4  4  1.12329383570444210e-03
4  5  2.68795840888210163e-03
5  0  9.31145632139311467e-04
5  1  7.63737203266734877e-03
5  2  6.10000669887734558e-04
5  3  4.48086729036313233e-03
5  4  2.68795840888210119e-03
5  5  8.00104885847213038e-03
