numXbins 6
numYbins 6
xbin  ybin  z
0  0  7.38980366929036691e-05
0  1  -2.57594997499964092e-05
0  2  1.91148566963199804e-05
0  3  -3.76880317933283674e-07
0  4  2.31900579665442698e-06
0  5  -1.47160068033653012e-05
1  0  -2.57594997499964092e-05
1  1  3.25332736471572700e-04
1  2  -2.63902418944977520e-05
1  3  -5.31007533220307962e-06
1  4  -1.34320394386011952e-06
1  5  2.41977939762767053e-05
2  0  1.91148566963199804e-05
2  1  -2.63902418944977486e-05
2  2  5.21352321973839888e-05
2  3  -1.51040122948645687e-05
2  4  1.76268671077532215e-05
2  5  5.05348305170272862e-06
3  0  -3.76880317933283462e-07
3  1  -5.31007533220307962e-06
3  2  -1.51040122948645687e-05
3  3  1.18564597820511748e-04
3  4  -2.64135200684332717e-06
3  5  -2.38308886227276449e-05
4  0  2.31900579665442698e-06
4  1  -1.34320394386011952e-06
4  2  1.76268671077532215e-05
4  3  -2.64135200684332717e-06
4  4  4.90729504993650070e-05
4  5  -1.12880963053435244e-05
5  0  -1.47160068033653012e-05
5  1  2.41977939762766951e-05
5  2  5.05348305170273031e-06
5  3  -2.38308886227276449e-05
5  4  -1.12880963053435244e-05
5  5  1.53725352611780902e-04
