numXbins 6
numYbins 6
xbin  ybin  z
0  0  7.61459816406049130e-06
0  1  3.24898881724829249e-07
0  2  1.08127493852587031e-06
0  3  -3.38948941930279242e-06
0  4  8.12805149955251692e-07
0  5  -8.58245732655173501e-07
1  0  3.24898881724828931e-07
1  1  1.48073902973522469e-05
1  2  -1.20211678971944768e-06
1  3  5.35190122390784001e-06
1  4  1.22359595710127917e-07
1  5  2.75272119868622496e-06
2  0  1.08127493852587031e-06
2  1  -1.20211678971944789e-06
2  2  2.58866734497378169e-07
2  3  -9.45095634954347578e-07
2  4  1.08020348430270081e-07
2  5  -3.57230913334636254e-07
3  0  -3.38948941930279412e-06
3  1  5.35190122390783832e-06
3  2  -9.45095634954347473e-07
3  3  3.55099396406184663e-06
3  4  -3.29227282162148395e-07
3  5  1.41840867203675335e-06
4  0  8.12805149955251481e-07
4  1  1.22359595710127996e-07
4  2  1.08020348430270095e-07
4  3  -3.29227282162148342e-07
4  4  8.72809297018021535e-08
4  5  -7.50797516123722015e-08
5  0  -8.58245732655173184e-07
5  1  2.75272119868622496e-06
5  2  -3.57230913334636254e-07
5  3  1.41840867203675377e-06
5  4  -7.50797516123722015e-08
5  5  6.22667547790159448e-07
