numXbins 6
numYbins 6
xbin  ybin  z
0  0  2.73681240913316947e-06
0  1  -1.24166223141825052e-05
0  2  6.07610698318679254e-06
0  3  1.64318730708577628e-06
0  4  9.04884792891315624e-07
0  5  -1.76190878701791693e-05
1  0  -1.24166223141825001e-05
1  1  5.63328743974403199e-05
1  2  -2.75666411402646616e-05
1  3  -7.45496334182615665e-06
1  4  -4.10536457437993593e-06
1  5  7.99358987391101105e-05
2  0  6.07610698318679254e-06
2  1  -2.75666411402646616e-05
2  2  1.34898087818977325e-05
2  3  3.64810603677073999e-06
2  4  2.00897101705553016e-06
2  5  -3.91168435542445730e-05
3  0  1.64318730708577628e-06
3  1  -7.45496334182615919e-06
3  2  3.64810603677073957e-06
3  3  9.86572743223930653e-07
3  4  5.43294528003435887e-07
3  5  -1.05785334260002003e-05
4  0  9.04884792891315518e-07
4  1  -4.10536457437993677e-06
4  2  2.00897101705553016e-06
4  3  5.43294528003435781e-07
4  4  2.99186194009293783e-07
4  5  -5.82547953419674632e-06
5  0  -1.76190878701791659e-05
5  1  7.99358987391101105e-05
5  2  -3.91168435542445594e-05
5  3  -1.05785334260002036e-05
5  4  -5.82547953419674462e-06
5  5  1.13428401720605293e-04
