numXbins 6
numYbins 6
xbin  ybin  z
0  0  7.39328404285647907e-05
0  1  1.20892707300559004e-04
0  2  1.05996005405700345e-05
0  3  2.58376817799179424e-05
0  4  6.69112675616399601e-06
0  5  6.18414569755409646e-05
1  0  1.20892707300558990e-04
1  1  3.45992412081490178e-04
1  2  1.38496925198009978e-05
1  3  1.26837397783539322e-04
1  4  2.28886019061457562e-05
1  5  2.06006543673069027e-04
2  0  1.05996005405700345e-05
2  1  1.38496925198010045e-05
2  2  4.88780346243327693e-06
2  3  9.93927187974011835e-07
2  4  3.31395297229433975e-06
2  5  1.14072034347360803e-05
3  0  2.58376817799179390e-05
3  1  1.26837397783539349e-04
3  2  9.93927187974010988e-07
3  3  6.68146885696405563e-05
3  4  1.10664126645564031e-05
3  5  9.24036650805215966e-05
4  0  6.69112675616399516e-06
4  1  2.28886019061457528e-05
4  2  3.31395297229433975e-06
4  3  1.10664126645564064e-05
4  4  4.84107038775764678e-06
4  5  1.92122919288706391e-05
5  0  6.18414569755409646e-05
5  1  2.06006543673069081e-04
5  2  1.14072034347360752e-05
5  3  9.24036650805215831e-05
5  4  1.92122919288706357e-05
5  5  1.71854004433828398e-04
