numXbins 6
numYbins 6
xbin  ybin  z
0  0  1.67119607330387015e-04
0  1  8.64159105936540876e-04
0  2  9.32396743152237687e-05
0  3  5.08297600075010843e-04
0  4  3.13994096452893310e-04
0  5  9.02469883502195810e-04
1  0  8.64159105936540876e-04
1  1  4.54078136450865311e-03
1  2  4.81103484571032041e-04
1  3  2.68266549752137033e-03
1  4  1.64744600792359093e-03
1  5  4.74441612361110703e-03
2  0  9.32396743152237822e-05
2  1  4.81103484571032041e-04
2  2  5.39562004984151487e-05
2  3  2.83532985491738313e-04
2  4  1.77619462123157105e-04
2  5  5.07535733049326466e-04
3  0  5.08297600075011059e-04
3  1  2.68266549752136990e-03
3  2  2.83532985491738259e-04
3  3  1.60155479759824422e-03
3  4  9.83225110903286886e-04
3  5  2.83362806160546848e-03
4  0  3.13994096452893201e-04
4  1  1.64744600792359115e-03
4  2  1.77619462123156997e-04
4  3  9.83225110903287102e-04
4  4  6.11812383059925674e-04
4  5  1.75891443084605164e-03
5  0  9.02469883502195701e-04
5  1  4.74441612361110789e-03
5  2  5.07535733049326249e-04
5  3  2.83362806160546718e-03
5  4  1.75891443084605185e-03
5  5  5.07973257191992374e-03
