numXbins 6
numYbins 6
xbin  ybin  z
0  0  5.50417880298218689e-08
0  1  2.37901517203046056e-06
0  2  -2.24049274354774150e-07
0  3  -1.01385404763414878e-08
0  4  -2.45427539720570466e-07
0  5  -1.82602198311425149e-07
1  0  2.37901517203046141e-06
1  1  1.02825750967331742e-04
1  2  -9.68385370554518411e-06
1  3  -4.38207814077427456e-07
1  4  -1.06078647065934586e-05
1  5  -7.89242893042698056e-06
2  0  -2.24049274354774150e-07
2  1  -9.68385370554518072e-06
2  2  9.11999394200335931e-07
2  3  4.12692377564132167e-08
2  4  9.99020274400945318e-07
2  5  7.43287808984241985e-07
3  0  -1.01385404763414812e-08
3  1  -4.38207814077427350e-07
3  2  4.12692377564132167e-08
3  3  1.86749025912317454e-09
3  4  4.52070533049863055e-08
3  5  3.36348044806660250e-08
4  0  -2.45427539720570519e-07
4  1  -1.06078647065934586e-05
4  2  9.99020274400945106e-07
4  3  4.52070533049863187e-08
4  4  1.09434448642287533e-06
4  5  8.14210618573282965e-07
5  0  -1.82602198311425282e-07
5  1  -7.89242893042698395e-06
5  2  7.43287808984241879e-07
5  3  3.36348044806659919e-08
5  4  8.14210618573283388e-07
5  5  6.05786331107183290e-07
