numXbins 6
numYbins 6
xbin  ybin  z
0  0  3.30539516848462946e-06
0  1  2.19191642932096823e-06
0  2  -6.22922040600658920e-07
0  3  -5.09884004772668598e-06
0  4  -5.00292446814411018e-06
0  5  -1.40060788411523916e-05
1  0  2.19191642932096823e-06
1  1  1.47609347883073793e-06
1  2  -4.15120270145400830e-07
1  3  -3.36939196559000446e-06
1  4  -3.31724124265286894e-06
1  5  -9.27792785138963945e-06
2  0  -6.22922040600659131e-07
2  1  -4.15120270145401094e-07
2  2  1.17577970081529045e-07
2  3  9.59839204457159162e-07
2  4  9.42799067774855578e-07
2  5  2.63863062065633802e-06
3  0  -5.09884004772668259e-06
3  1  -3.36939196559000488e-06
3  2  9.59839204457159162e-07
3  3  7.87156340025650143e-06
3  4  7.71760664250449089e-06
3  5  2.16107312177424986e-05
4  0  -5.00292446814411018e-06
4  1  -3.31724124265287021e-06
4  2  9.42799067774855472e-07
4  3  7.71760664250448920e-06
4  4  7.57224817023354915e-06
4  5  2.11992456524340818e-05
5  0  -1.40060788411523900e-05
5  1  -9.27792785138963945e-06
5  2  2.63863062065633802e-06
5  3  2.16107312177424986e-05
5  4  2.11992456524340784e-05
5  5  5.93529006730609439e-05
