numXbins 6
numYbins 6
xbin  ybin  z
0  0  6.00755488705840527e-07
0  1  -4.11776970896221916e-07
0  2  6.96577091599548969e-08
0  3  3.62659221603360017e-08
0  4  4.00660556612050795e-08
0  5  -1.63693567903817931e-07
1  0  -4.11776970896221916e-07
1  1  9.62000288678394752e-06
1  2  -6.94579562816432786e-07
1  3  -5.06123706329515330e-08
1  4  -7.84026632310081185e-08
1  5  4.63290254874573254e-07
2  0  6.96577091599549101e-08
2  1  -6.94579562816432680e-07
2  2  2.59574607901138047e-07
2  3  -1.75513373673906290e-08
2  4  4.69186753111272953e-08
2  5  -5.30879975614151437e-10
3  0  3.62659221603360017e-08
3  1  -5.06123706329515264e-08
3  2  -1.75513373673906290e-08
3  3  8.17608415159001658e-08
3  4  -3.97682064434928824e-09
3  5  -1.03674979534986959e-07
4  0  4.00660556612050795e-08
4  1  -7.84026632310081185e-08
4  2  4.69186753111272953e-08
4  3  -3.97682064434928824e-09
4  4  4.70647994154653960e-08
4  5  -9.09692343825669708e-09
5  0  -1.63693567903817905e-07
5  1  4.63290254874573254e-07
5  2  -5.30879975614151437e-10
5  3  -1.03674979534986946e-07
5  4  -9.09692343825669543e-09
5  5  1.48396936260734860e-06
