numXbins 6
numYbins 6
xbin  ybin  z
0  0  7.95438828894207120e-06
0  1  1.12260155330332156e-05
0  2  7.00852128853395987e-07
0  3  5.42736227170145546e-07
0  4  1.57857264510742193e-07
0  5  8.36588070062822729e-07
1  0  1.12260155330332106e-05
1  1  1.58432578559304899e-05
1  2  9.89111494067387149e-07
1  3  7.65962773658139953e-07
1  4  2.22783706179298409e-07
1  5  1.18067541187690657e-06
2  0  7.00852128853395881e-07
2  1  9.89111494067386938e-07
2  2  6.17512860418416542e-08
2  3  4.78198733077747318e-08
2  4  1.39086245061895990e-08
2  5  7.37108258459009849e-08
3  0  5.42736227170145546e-07
3  1  7.65962773658140165e-07
3  2  4.78198733077747384e-08
3  3  3.70314600674416602e-08
3  4  1.07707661557158677e-08
3  5  5.70812784526310501e-08
4  0  1.57857264510742140e-07
4  1  2.22783706179298304e-07
4  2  1.39086245061895990e-08
4  3  1.07707661557158727e-08
4  4  3.13272561680900492e-09
4  5  1.66023457072149354e-08
5  0  8.36588070062822729e-07
5  1  1.18067541187690720e-06
5  2  7.37108258459009849e-08
5  3  5.70812784526310501e-08
5  4  1.66023457072149420e-08
5  5  8.79866023066020027e-08
