numXbins 6
numYbins 6
xbin  ybin  z
0  0  7.66921229296802260e-06
0  1  6.48734618095568688e-06
0  2  5.55633804896398174e-07
0  3  -5.17541560410963665e-07
0  4  8.21712579208216583e-07
0  5  6.64883654441830149e-07
1  0  6.48734618095568688e-06
1  1  8.04062254777771546e-06
1  2  2.62480727728556803e-07
1  3  1.58705099785214742e-07
1  4  7.29590309621276610e-07
1  5  8.30633926570614830e-07
2  0  5.55633804896398280e-07
2  1  2.62480727728556538e-07
2  2  5.71249010928525807e-08
2  3  -8.59828816689920892e-08
2  4  5.67279539705017091e-08
2  5  2.63685473341574298e-08
3  0  -5.17541560410963771e-07
3  1  1.58705099785214742e-07
3  2  -8.59828816689921025e-08
3  3  1.74290620815934960e-07
3  4  -4.73891250545920264e-08
3  5  1.77973445862005407e-08
4  0  8.21712579208216688e-07
4  1  7.29590309621276610e-07
4  2  5.67279539705017024e-08
4  3  -4.73891250545919999e-08
4  4  8.85082700695778018e-08
4  5  7.48638250428986073e-08
5  0  6.64883654441830149e-07
5  1  8.30633926570614513e-07
5  2  2.63685473341574364e-08
5  3  1.77973445862005308e-08
5  4  7.48638250428986073e-08
5  5  8.58198607932978573e-08
