numXbins 6
numYbins 6
xbin  ybin  z
0  0  3.76299816090368863e-04
0  1  1.23333437161796448e-03
0  2  3.42688222134833324e-04
0  3  9.65104037160713249e-04
0  4  8.26150133397035493e-04
0  5  1.90446444507884295e-03
1  0  1.23333437161796448e-03
1  1  4.04229183000446007e-03
1  2  1.12317132519151246e-03
1  3  3.16315855156229422e-03
1  4  2.70773280258695568e-03
1  5  6.24194155618718830e-03
2  0  3.42688222134833324e-04
2  1  1.12317132519151246e-03
2  2  3.12078859910286616e-04
2  3  8.78899676608743685e-04
2  4  7.52357318086745576e-04
2  5  1.73435517876080730e-03
3  0  9.65104037160713249e-04
3  1  3.16315855156229422e-03
3  2  8.78899676608743685e-04
3  3  2.47522258241078845e-03
3  4  2.11884458867464152e-03
3  5  4.88441993852377788e-03
4  0  8.26150133397035493e-04
4  1  2.70773280258695568e-03
4  2  7.52357318086745576e-04
4  3  2.11884458867464152e-03
4  4  1.81377724284624911e-03
4  5  4.18117014166690445e-03
5  0  1.90446444507884295e-03
5  1  6.24194155618718830e-03
5  2  1.73435517876080730e-03
5  3  4.88441993852377788e-03
5  4  4.18117014166690445e-03
5  5  9.63855061172403001e-03
