numXbins 6
numYbins 6
xbin  ybin  z
0  0  5.82701914697155448e-06
0  1  1.01253513110424471e-05
0  2  -5.06716095538258650e-08
0  3  1.20194234094761932e-06
0  4  4.64637707955109008e-07
0  5  4.56417920497013544e-06
1  0  1.01253513110424437e-05
1  1  1.87391965507107806e-05
1  2  -2.12335405675084321e-07
1  3  2.59193750700404153e-06
1  4  6.80526610000344164e-07
1  5  1.02258589734127074e-05
2  0  -5.06716095538259246e-08
2  1  -2.12335405675084374e-07
2  2  1.39334532336243876e-08
2  3  -6.51000401348707733e-08
2  4  9.73112678625708429e-09
2  5  -2.88829864082261255e-07
3  0  1.20194234094761911e-06
3  1  2.59193750700404068e-06
3  2  -6.51000401348707733e-08
3  3  4.69258041740795741e-07
3  4  4.00639437018875774e-08
3  5  1.95051063773834522e-06
4  0  4.64637707955109061e-07
4  1  6.80526610000344270e-07
4  2  9.73112678625708595e-09
4  3  4.00639437018875708e-08
4  4  5.11056642485320861e-08
4  5  1.09653120333950503e-07
5  0  4.56417920497013713e-06
5  1  1.02258589734127108e-05
5  2  -2.88829864082261308e-07
5  3  1.95051063773834480e-06
5  4  1.09653120333950476e-07
5  5  8.17530045746194865e-06
