numXbins 6
numYbins 6
xbin  ybin  z
0  0  7.60528061488268659e+00
0  1  -1.72163474499699931e-01
0  2  9.06264077758761166e-01
0  3  3.06362935845913231e-01
0  4  5.67798646617449165e-01
0  5  -3.85333605878565133e-01
1  0  -2.58403556881829388e+00
1  1  7.70988122040787882e+00
1  2  -1.15844402011938907e+00
1  3  -2.98390852934750761e-01
1  4  -1.17707853342352564e-02
1  5  -6.54463841689958414e-02
2  0  3.55790941521091253e-01
2  1  -5.25363301077298117e-01
2  2  7.04984105408586093e+00
2  3  -2.64013411151804656e-01
2  4  2.39339227590702253e-01
2  5  -6.74079026481122501e-03
3  0  3.33411534022868106e-01
3  1  -3.41632069990783979e-02
3  2  -5.95707468643012272e-01
3  3  5.36759303787714082e+00
3  4  -8.19156172901125412e-02
3  5  -2.38333588802078777e-01
4  0  3.44115266958982868e-01
4  1  -5.10109854014000330e-02
4  2  1.25739404268808963e+00
4  3  -7.67405592106652212e-02
4  4  2.84039050412790095e+00
4  5  6.63742846094272920e-04
5  0  -1.92537733368776776e-01
5  1  3.93546574418105310e-01
5  2  1.19674825954084474e+00
5  3  -8.52215710893925005e-01
5  4  -8.87924498477393520e-01
5  5  3.98892505248580287e+00
