numXbins 5
numYbins 5
xbin  ybin  z
0  0  9.54902455033487384e-05
0  1  3.49047448516728431e-05
0  2  3.25700302680101932e-05
0  3  3.25171467863375342e-05
0  4  2.88678230009370806e-05
1  0  3.49047448516728431e-05
1  1  1.27592723961424373e-05
1  2  1.19061128738132378e-05
1  3  1.18869751267911741e-05
1  4  1.05531695552382736e-05
2  0  3.25700302680101864e-05
2  1  1.19061128738132395e-05
2  2  1.11101734127992489e-05
2  3  1.10924327596997862e-05
2  4  9.84792746711466029e-06
3  0  3.25171467863375410e-05
3  1  1.18869751267911741e-05
3  2  1.10924327596997846e-05
3  3  1.10748006031194181e-05
3  4  9.83237352220425052e-06
4  0  2.88678230009370738e-05
4  1  1.05531695552382719e-05
4  2  9.84792746711465860e-06
4  3  9.83237352220424713e-06
4  4  8.72945289474333370e-06
