numXbins 5
numYbins 5
xbin  ybin  z
0  0  2.47464456764327290e-03
0  1  1.11474090680702197e-03
0  2  1.08221689035196663e-03
0  3  7.49752723626490557e-04
0  4  1.06997494896443916e-03
1  0  1.11474090680702240e-03
1  1  6.67784883456677865e-04
1  2  6.56002392406948879e-04
1  3  3.43120262237802092e-04
1  4  6.08072488617211553e-04
2  0  1.08221689035196663e-03
2  1  6.56002392406948771e-04
2  2  7.04631092965740842e-04
2  3  3.64054952311370272e-04
2  4  6.21850868848206778e-04
3  0  7.49752723626490774e-04
3  1  3.43120262237802092e-04
3  2  3.64054952311370326e-04
3  3  2.87936337302811091e-04
3  4  3.85765703676351770e-04
4  0  1.06997494896443959e-03
4  1  6.08072488617211662e-04
4  2  6.21850868848206778e-04
4  3  3.85765703676351770e-04
4  4  6.21932247101604648e-04
