numXbins 5
numYbins 5
xbin  ybin  z
0  0  5.39631763615090333e-05
0  1  -1.57668025524170785e-05
0  2  -1.61730809955399352e-05
0  3  -4.30729454949143799e-07
0  4  -1.66668880056286916e-05
1  0  -1.57668025524170853e-05
1  1  4.60669811320117256e-06
1  2  4.72540335677520498e-06
1  3  1.25849268475189663e-07
1  4  4.86968244025447663e-06
2  0  -1.61730809955399386e-05
2  1  4.72540335677520582e-06
2  2  4.84716739311266950e-06
2  3  1.29092148234373073e-07
2  4  4.99516425521041959e-06
3  0  -4.30729454949153593e-07
3  1  1.25849268475189213e-07
3  2  1.29092148234372756e-07
3  3  3.43804564279878106e-09
3  4  1.33033673523408131e-07
4  0  -1.66668880056286950e-05
4  1  4.86968244025447747e-06
4  2  4.99516425521042128e-06
4  3  1.33033673523410699e-07
4  4  5.14767985359565849e-06
