numXbins 5
numYbins 5
xbin  ybin  z
0  0  5.81159406711549141e-06
0  1  5.82747887712860293e-07
0  2  9.96864509075421553e-07
0  3  3.02978265738089829e-06
0  4  2.34180681242252355e-07
1  0  5.82747887712860611e-07
1  1  3.93896145131625895e-07
1  2  4.29583608795382438e-07
1  3  4.41037361647369752e-07
1  4  1.40684431720258075e-07
2  0  9.96864509075421553e-07
2  1  4.29583608795382438e-07
2  2  4.94881347413764700e-07
2  3  6.54542551523185066e-07
2  4  1.55331996181486354e-07
3  0  3.02978265738089829e-06
3  1  4.41037361647369487e-07
3  2  6.54542551523184960e-07
3  3  1.63566777437634273e-06
3  4  1.70031583375343850e-07
4  0  2.34180681242252328e-07
4  1  1.40684431720258075e-07
4  2  1.55331996181486328e-07
4  3  1.70031583375343903e-07
4  4  5.03840863699032029e-08
