numXbins 5
numYbins 5
xbin  ybin  z
0  0  1.08648084886437866e-04
0  1  4.09492267626122790e-05
0  2  3.96640681636451504e-05
0  3  5.70521062536146666e-05
0  4  5.04648888172799518e-05
1  0  4.09492267626122790e-05
1  1  2.24051860531806030e-05
1  2  2.34764887297627893e-05
1  3  2.72799134249028718e-05
1  4  2.82919090234352643e-05
2  0  3.96640681636451504e-05
2  1  2.34764887297627893e-05
2  2  2.53757997845651745e-05
2  3  2.92242729012718626e-05
2  4  3.04991580574025413e-05
3  0  5.70521062536146463e-05
3  1  2.72799134249028786e-05
3  2  2.92242729012718626e-05
3  3  3.91487324211881979e-05
3  4  3.67198870828854858e-05
4  0  5.04648888172799518e-05
4  1  2.82919090234352711e-05
4  2  3.04991580574025413e-05
4  3  3.67198870828854858e-05
4  4  3.75655054853634297e-05
