numXbins 5
numYbins 5
xbin  ybin  z
0  0  5.05164105454425014e-03
0  1  2.54177713595476508e-03
0  2  2.60648687727672509e-03
0  3  2.74877163455924034e-03
0  4  3.11721184453222491e-03
1  0  2.54177713595476465e-03
1  1  1.29049726151259287e-03
1  2  1.32458396200439482e-03
1  3  1.39167730921583980e-03
1  4  1.58278573308845709e-03
2  0  2.60648687727672509e-03
2  1  1.32458396200439482e-03
2  2  1.36045714892553751e-03
2  3  1.43007327161307298e-03
2  4  1.62607925487030336e-03
3  0  2.74877163455923904e-03
3  1  1.39167730921583980e-03
3  2  1.43007327161307190e-03
3  3  1.51554181341494046e-03
3  4  1.71290105965846129e-03
4  0  3.11721184453222578e-03
4  1  1.58278573308845752e-03
4  2  1.62607925487030292e-03
4  3  1.71290105965846129e-03
4  4  1.94560736792732058e-03
