numXbins 5
numYbins 5
xbin  ybin  z
0  0  5.61551679205761920e-06
0  1  6.51677135245805473e-07
0  2  5.62816342247995814e-07
0  3  1.15092465587099576e-06
0  4  1.05299631050592121e-06
1  0  6.51677135245805685e-07
1  1  3.84047747716825277e-07
1  2  4.60526036642558481e-07
1  3  6.02466041184454559e-07
1  4  7.95112273486317922e-08
2  0  5.62816342247995496e-07
2  1  4.60526036642558322e-07
2  2  5.62833565432061798e-07
2  3  7.16203938731307930e-07
2  4  5.08358422041224816e-08
3  0  1.15092465587099576e-06
3  1  6.02466041184454242e-07
3  2  7.16203938731308036e-07
3  3  9.48773097250459228e-07
3  4  1.50915819299299811e-07
4  0  1.05299631050592142e-06
4  1  7.95112273486317393e-08
4  2  5.08358422041225478e-08
4  3  1.50915819299299864e-07
4  4  2.03361563832534914e-07
