numXbins 5
numYbins 5
xbin  ybin  z
0  0  1.03281056188502692e-04
0  1  -7.00649730656577728e-06
0  2  3.53694159361442979e-05
0  3  2.93601723466868014e-05
0  4  -1.59515987109782016e-05
1  0  -7.00649730656575272e-06
1  1  4.75314702604474894e-07
1  2  -2.39943051162355229e-06
1  3  -1.99176863656306333e-06
1  4  1.08214262642609677e-06
2  0  3.53694159361443047e-05
2  1  -2.39943051162354763e-06
2  2  1.21125367016070428e-05
2  3  1.00546236261519638e-05
2  4  -5.46275135514984803e-06
3  0  2.93601723466868116e-05
3  1  -1.99176863656307265e-06
3  2  1.00546236261519605e-05
3  3  8.34634880818649469e-06
3  4  -4.53463301638508328e-06
4  0  -1.59515987109781846e-05
4  1  1.08214262642609381e-06
4  2  -5.46275135514985227e-06
4  3  -4.53463301638508244e-06
4  4  2.46369964470219010e-06
