numXbins 5
numYbins 5
xbin  ybin  z
0  0  -2.51294766300911914e-03
0  1  -3.09528769435593251e-05
0  2  -1.21065316335729279e-04
0  3  -7.33612231800555986e-04
0  4  -3.42941803882170664e-05
1  0  -3.09528769435620627e-05
1  1  3.54720556146196579e-04
1  2  3.40693202198731973e-04
1  3  1.59877798769979767e-04
1  4  4.23830925520611199e-04
2  0  -1.21065316335729279e-04
2  1  3.40693202198732678e-04
2  2  3.23904374714474857e-04
2  3  1.27426487754459038e-04
2  4  4.07168255564509620e-04
3  0  -7.33612231800554577e-04
3  1  1.59877798769981122e-04
3  2  1.27426487754459715e-04
3  3  -1.33817003490907863e-04
3  4  1.91796190905853183e-04
4  0  -3.42941803882184352e-05
4  1  4.23830925520611199e-04
4  2  4.07168255564509620e-04
4  3  1.91796190905853183e-04
4  4  5.06403225147127392e-04
