numXbins 5
numYbins 5
xbin  ybin  z
0  0  1.79296038000220453e-03
0  1  8.02735122789834349e-04
0  2  8.16953830286981457e-04
0  3  6.85606004947309552e-04
0  4  9.30834971834094819e-04
1  0  8.02735122789834023e-04
1  1  3.59396495621179079e-04
1  2  3.65762423187644106e-04
1  3  3.06956041363362056e-04
1  4  4.16748709980638288e-04
2  0  8.16953830286982000e-04
2  1  3.65762423187643998e-04
2  2  3.72241109320971101e-04
2  3  3.12393100291915562e-04
2  4  4.24130507336700692e-04
3  0  6.85606004947309335e-04
3  1  3.06956041363362110e-04
3  2  3.12393100291915508e-04
3  3  2.62167306797505423e-04
3  4  3.55939848656126108e-04
4  0  9.30834971834095036e-04
4  1  4.16748709980638396e-04
4  2  4.24130507336700584e-04
4  3  3.55939848656126054e-04
4  4  4.83253146278845647e-04
