numXbins 5
numYbins 5
xbin  ybin  z
0  0  3.10340900904732180e-06
0  1  1.35214496533148983e-06
0  2  1.67009282858118481e-06
0  3  2.47284411620524816e-06
0  4  8.30378988315033083e-07
1  0  1.35214496533148983e-06
1  1  5.95679327541826692e-07
1  2  7.42425063157631186e-07
1  3  1.11119734000544381e-06
1  4  3.88849599035183862e-07
2  0  1.67009282858118481e-06
2  1  7.42425063157631186e-07
2  2  9.32046244215695953e-07
2  3  1.40690143462063136e-06
2  4  5.07842562634030581e-07
3  0  2.47284411620524901e-06
3  1  1.11119734000544402e-06
3  2  1.40690143462063157e-06
3  3  2.14457499571858994e-06
3  4  8.01134226643694117e-07
4  0  8.30378988315033295e-07
4  1  3.88849599035183862e-07
4  2  5.07842562634030475e-07
4  3  8.01134226643694117e-07
4  4  3.33873486119846484e-07
