numXbins 5
numYbins 5
xbin  ybin  z
0  0  3.59878200017809682e-06
0  1  -1.62334904305753271e-06
0  2  -4.06054003642270363e-06
0  3  -6.21442220222962642e-06
0  4  -5.66454376066431954e-06
1  0  -1.62334904305753356e-06
1  1  7.32265003955615223e-07
1  2  1.83164019996137370e-06
1  3  2.80321962670862559e-06
1  4  2.55517886128608918e-06
2  0  -4.06054003642270447e-06
2  1  1.83164019996137370e-06
2  2  4.58154603045579054e-06
2  3  7.01179181015655210e-06
2  4  6.39135872278666183e-06
3  0  -6.21442220222963066e-06
3  1  2.80321962670862517e-06
3  2  7.01179181015654956e-06
3  3  1.07311427326393888e-05
3  4  9.78160569604705606e-06
4  0  -5.66454376066431954e-06
4  1  2.55517886128609045e-06
4  2  6.39135872278666183e-06
4  3  9.78160569604706114e-06
4  4  8.91608772492836590e-06
