numXbins 5
numYbins 5
xbin  ybin  z
0  0  9.89860721550125461e-05
0  1  1.58853716884167777e-05
0  2  2.24876495960971585e-05
0  3  5.62698014846321071e-05
0  4  3.05172411023081650e-05
1  0  1.58853716884167777e-05
1  1  7.98736345132382964e-06
1  2  8.88822895787476967e-06
1  3  9.89097541440196436e-06
1  4  6.91471889011890116e-06
2  0  2.24876495960971585e-05
2  1  8.88822895787476967e-06
2  2  1.26709904556152552e-05
2  3  1.60230174263919290e-05
2  4  1.07796775809710384e-05
3  0  5.62698014846321071e-05
3  1  9.89097541440196436e-06
3  2  1.60230174263919290e-05
3  3  5.22939844562952941e-05
3  4  2.62082293020685545e-05
4  0  3.05172411023081650e-05
4  1  6.91471889011890116e-06
4  2  1.07796775809710384e-05
4  3  2.62082293020685545e-05
4  4  1.50730922731744083e-05
