numXbins 5
numYbins 5
xbin  ybin  z
0  0  1.12883074426167293e-04
0  1  1.98181484512541333e-05
0  2  2.68234746678924386e-05
0  3  6.45196257465863795e-05
0  4  3.44343844313467102e-05
1  0  1.98181484512541333e-05
1  1  9.33741016818023018e-06
1  2  1.03634235604095926e-05
1  3  1.23486309135568052e-05
1  4  7.94510878027053009e-06
2  0  2.68234746678924386e-05
2  1  1.03634235604095926e-05
2  2  1.43463012222977555e-05
2  3  1.90464540334335853e-05
2  4  1.20692787310346121e-05
3  0  6.45196257465863795e-05
3  1  1.23486309135568052e-05
3  2  1.90464540334335853e-05
3  3  5.97510577965497026e-05
3  4  2.96914958514215350e-05
4  0  3.44343844313467170e-05
4  1  7.94510878027053009e-06
4  2  1.20692787310346121e-05
4  3  2.96914958514215350e-05
4  4  1.68464354261786178e-05
