numXbins 5
numYbins 5
xbin  ybin  z
0  0  8.97297755264527566e-05
0  1  1.18312361888895236e-04
0  2  1.25017773957803092e-04
0  3  1.89909769917317679e-05
0  4  8.07378649941662834e-05
1  0  1.18312361888895290e-04
1  1  1.55999665591521441e-04
1  2  1.64841024378571010e-04
1  3  2.50403762774048583e-05
1  4  1.06456161795595990e-04
2  0  1.25017773957803065e-04
2  1  1.64841024378571010e-04
2  2  1.74183471580810029e-04
2  3  2.64595520813515467e-05
2  4  1.12489617815890312e-04
3  0  1.89909769917317442e-05
3  1  2.50403762774048312e-05
3  2  2.64595520813515365e-05
3  3  4.01937043734342466e-06
3  4  1.70878721970471850e-05
4  0  8.07378649941662698e-05
4  1  1.06456161795596003e-04
4  2  1.12489617815890312e-04
4  3  1.70878721970471782e-05
4  4  7.26470428079306190e-05
