numXbins 5
numYbins 5
xbin  ybin  z
0  0  5.38540885373539678e-04
0  1  2.26310700365371892e-04
0  2  2.16526865938934660e-04
0  3  2.66563854492503762e-04
0  4  2.58349220651110775e-04
1  0  2.26310700365371756e-04
1  1  1.22634327425605988e-04
1  2  1.22253943254441416e-04
1  3  1.41685736459007503e-04
1  4  1.56807346077433331e-04
2  0  2.16526865938934605e-04
2  1  1.22253943254441443e-04
2  2  1.26699534024036581e-04
2  3  1.50017020027038171e-04
2  4  1.63622274114888326e-04
3  0  2.66563854492503707e-04
3  1  1.41685736459007557e-04
3  2  1.50017020027038225e-04
3  3  1.99481321352212713e-04
3  4  2.00579831377504483e-04
4  0  2.58349220651110721e-04
4  1  1.56807346077433358e-04
4  2  1.63622274114888380e-04
4  3  2.00579831377504483e-04
4  4  2.29436518263641221e-04
