numXbins 5
numYbins 5
xbin  ybin  z
0  0  1.97827355145361987e-04
0  1  8.71653858945889713e-05
0  2  8.59437494344696422e-05
0  3  1.07889267361717140e-04
0  4  1.08805403200764334e-04
1  0  8.71653858945889442e-05
1  1  4.47965127564459888e-05
1  2  4.35295233147153560e-05
1  3  4.78525770916962500e-05
1  4  5.40417451315573400e-05
2  0  8.59437494344696422e-05
2  1  4.35295233147153560e-05
2  2  4.35607067441054550e-05
2  3  5.10421809579251752e-05
2  4  5.35206689930380796e-05
3  0  1.07889267361717099e-04
3  1  4.78525770916962567e-05
3  2  5.10421809579251684e-05
3  3  7.22674180597022850e-05
3  4  6.39417673140296874e-05
4  0  1.08805403200764320e-04
4  1  5.40417451315573400e-05
4  2  5.35206689930380728e-05
4  3  6.39417673140296738e-05
4  4  7.23681194562678847e-05
