numXbins 5
numYbins 5
xbin  ybin  z
0  0  6.97843849994010689e-04
0  1  -1.67087247313669850e-04
0  2  -2.33392265955525849e-04
0  3  -4.18724013811391969e-05
0  4  -2.55491935343673063e-04
1  0  -1.67087247313669172e-04
1  1  1.69407316195623259e-04
1  2  1.22059634245991858e-04
1  3  -1.68418790172674809e-04
1  4  4.40390870447302456e-05
2  0  -2.33392265955526527e-04
2  1  1.22059634245991167e-04
2  2  1.71938559179935326e-04
2  3  -1.16186333400115053e-04
2  4  5.55804059297178245e-05
3  0  -4.18724013811398813e-05
3  1  -1.68418790172675161e-04
3  2  -1.16186333400114701e-04
3  3  3.01256768613965135e-04
3  4  2.52207563399635755e-05
4  0  -2.55491935343672358e-04
4  1  4.40390870447309300e-05
4  2  5.55804059297171401e-05
4  3  2.52207563399639177e-05
4  4  1.30651686029263121e-04
