numXbins 5
numYbins 5
xbin  ybin  z
0  0  3.34490727874041043e-06
0  1  1.87823747833059280e-06
0  2  2.52622997061227071e-06
0  3  3.78200452686945017e-06
0  4  2.05922400443602583e-06
1  0  1.87823747833059323e-06
1  1  1.21185699390156741e-06
1  2  1.70535391099361253e-06
1  3  2.61467999371071346e-06
1  4  1.63135544872845545e-06
2  0  2.52622997061227071e-06
2  1  1.70535391099361295e-06
2  2  2.43129643531593588e-06
2  3  3.75229098407701050e-06
2  4  2.42206942299430011e-06
3  0  3.78200452686945017e-06
3  1  2.61467999371071346e-06
3  2  3.75229098407701050e-06
3  3  5.80996718949445861e-06
3  4  3.81225043391292405e-06
4  0  2.05922400443602668e-06
4  1  1.63135544872845503e-06
4  2  2.42206942299430011e-06
4  3  3.81225043391292532e-06
4  4  2.70346229333107590e-06
