numXbins 5
numYbins 5
xbin  ybin  z
0  0  9.38596590215154056e-03
0  1  4.15052976958937662e-03
0  2  4.24260684843906933e-03
0  3  4.49736574508699527e-03
0  4  4.89363792735997023e-03
1  0  4.15052976958937576e-03
1  1  2.21236485349944872e-03
1  2  2.24746237686289504e-03
1  3  2.03852763621683881e-03
1  4  2.48022082494438580e-03
2  0  4.24260684843906846e-03
2  1  2.24746237686289504e-03
2  2  2.38253785836854909e-03
2  3  2.17528640519417185e-03
2  4  2.59009318338620977e-03
3  0  4.49736574508699614e-03
3  1  2.03852763621683924e-03
3  2  2.17528640519417272e-03
3  3  2.64960904168439230e-03
3  4  2.65708920117851228e-03
4  0  4.89363792735996936e-03
4  1  2.48022082494438667e-03
4  2  2.59009318338620847e-03
4  3  2.65708920117851185e-03
4  4  3.03574409834595892e-03
