numXbins 6
numYbins 6
xbin  ybin  z
0  0  3.18052269141190272e-08
0  1  2.57712084509569461e-08
0  2  3.02669025257469422e-08
0  3  4.79695748836807627e-08
0  4  7.26338942607032281e-08
0  5  1.53042172285972527e-07
1  0  2.57712084509569395e-08
1  1  2.08820530784094809e-08
1  2  2.45225749352462742e-08
1  3  3.88607311008485401e-08
1  4  5.88382379096700212e-08
1  5  1.24165530963394566e-07
2  0  3.02669025257469223e-08
2  1  2.45225749352462643e-08
2  2  2.88484788796361667e-08
2  3  4.58215772802707143e-08
2  4  6.94522612850105718e-08
2  5  1.42302932485986151e-07
3  0  4.79695748836807428e-08
3  1  3.88607311008485401e-08
3  2  4.58215772802707209e-08
3  3  7.30004867426134201e-08
3  4  1.10802706619096271e-07
3  5  2.18196094748320125e-07
4  0  7.26338942607032148e-08
4  1  5.88382379096700410e-08
4  2  6.94522612850106115e-08
4  3  1.10802706619096363e-07
4  4  1.68289413342327593e-07
4  5  3.25192710674062466e-07
5  0  1.53042172285972475e-07
5  1  1.24165530963394566e-07
5  2  1.42302932485986125e-07
5  3  2.18196094748320125e-07
5  4  3.25192710674062466e-07
5  5  9.81179690684825121e-07
