numXbins 6
numYbins 6
xbin  ybin  z
0  0  2.23454614113114604e-06
0  1  1.74740230170971829e-06
0  2  1.94156540889026811e-06
0  3  1.77721959929655444e-06
0  4  1.67246907778111307e-06
0  5  -3.08994666116145381e-06
1  0  1.74740230170971850e-06
1  1  1.36645860553801610e-06
1  2  1.51829304482270076e-06
1  3  1.38977556170864405e-06
1  4  1.30786125301206107e-06
1  5  -2.41632061584576069e-06
2  0  1.94156540889026853e-06
2  1  1.51829304482270098e-06
2  2  1.68699861131128550e-06
2  3  1.54420087125580507e-06
2  4  1.45318463068954692e-06
2  5  -2.68481077306827945e-06
3  0  1.77721959929655444e-06
3  1  1.38977556170864490e-06
3  2  1.54420087125580486e-06
3  3  1.41349039341158568e-06
3  4  1.33017831654413809e-06
3  5  -2.45755219188145074e-06
4  0  1.67246907778111328e-06
4  1  1.30786125301206022e-06
4  2  1.45318463068954459e-06
4  3  1.33017831654413767e-06
4  4  1.25177670966242140e-06
4  5  -2.31270240862850496e-06
5  0  -3.08994666116144831e-06
5  1  -2.41632061584576323e-06
5  2  -2.68481077306827902e-06
5  3  -2.45755219188144566e-06
5  4  -2.31270240862849607e-06
5  5  4.27280072363586527e-06
