numXbins 6
numYbins 6
xbin  ybin  z
0  0  1.12503825791943849e-04
0  1  8.73641413846203867e-05
0  2  9.81674168141160697e-05
0  3  1.50542248264320705e-04
0  4  2.05407431187962268e-04
0  5  -1.20726621753311416e-04
1  0  8.73641413846204816e-05
1  1  6.78303411729199861e-05
1  2  7.62210676242925598e-05
1  3  1.16950873467400442e-04
1  4  1.59587298334545262e-04
1  5  -9.93016108402501433e-05
2  0  9.81674168141160697e-05
2  1  7.62210676242925598e-05
2  2  8.56489933408519604e-05
2  3  1.31400612342340918e-04
2  4  1.79301495702803468e-04
2  5  -1.10179844165097339e-04
3  0  1.50542248264320786e-04
3  1  1.16950873467400442e-04
3  2  1.31400612342340918e-04
3  3  2.01243521586562743e-04
3  4  2.74530777009589038e-04
3  5  -1.38726295745952399e-04
4  0  2.05407431187962458e-04
4  1  1.59587298334545262e-04
4  2  1.79301495702803278e-04
4  3  2.74530777009588658e-04
4  4  3.74491348417553451e-04
4  5  -1.82835920813034688e-04
5  0  -1.20726621753311416e-04
5  1  -9.93016108402501433e-05
5  2  -1.10179844165097718e-04
5  3  -1.38726295745952779e-04
5  4  -1.82835920813035068e-04
5  5  -2.49712416793851887e-03
