numXbins 6
numYbins 6
xbin  ybin  z
0  0  5.32581413956681069e-05
0  1  4.04270167485223258e-05
0  2  4.38223187722524247e-05
0  3  6.80224222333756709e-05
0  4  8.51739903417702529e-05
0  5  -8.84607304339589536e-05
1  0  4.04270167485223326e-05
1  1  3.09730179563995743e-05
1  2  3.38821397683463160e-05
1  3  5.32198680485552024e-05
1  4  6.91486625789318070e-05
1  5  -5.72681274836611546e-05
2  0  4.38223187722524315e-05
2  1  3.38821397683463160e-05
2  2  3.75648640539015226e-05
2  3  6.00319214601740617e-05
2  4  8.15357357912133558e-05
2  5  -5.30330773696847881e-05
3  0  6.80224222333756709e-05
3  1  5.32198680485552024e-05
3  2  6.00319214601740617e-05
3  3  9.86374971394412241e-05
3  4  1.41727343802914110e-04
3  5  -6.14561034380236383e-05
4  0  8.51739903417702665e-05
4  1  6.91486625789318070e-05
4  2  8.15357357912133423e-05
4  3  1.41727343802914110e-04
4  4  2.28736708580085666e-04
4  5  4.39105080166239408e-06
5  0  -8.84607304339589536e-05
5  1  -5.72681274836611546e-05
5  2  -5.30330773696847881e-05
5  3  -6.14561034380236654e-05
5  4  4.39105080166239408e-06
5  5  8.80071619989121522e-04
