numXbins 6
numYbins 6
xbin  ybin  z
0  0  8.22792004940128950e-07
0  1  6.39105934544536496e-07
0  2  7.10891616619787475e-07
0  3  1.04661065983928946e-06
0  4  1.38176009168078412e-06
0  5  1.80169788496894491e-06
1  0  6.39105934544536496e-07
1  1  4.96427278239981035e-07
1  2  5.52187002634676229e-07
1  3  8.12957685350303725e-07
1  4  1.07328592087407397e-06
1  5  1.39947374746766029e-06
2  0  7.10891616619787792e-07
2  1  5.52187002634676229e-07
2  2  6.14209772999761100e-07
2  3  9.04270750660483739e-07
2  4  1.19383958455835388e-06
2  5  1.55666549312085777e-06
3  0  1.04661065983928946e-06
3  1  8.12957685350303513e-07
3  2  9.04270750660483739e-07
3  3  1.33131321975951862e-06
3  4  1.75763112987328257e-06
3  5  2.29180181734460513e-06
4  0  1.38176009168078433e-06
4  1  1.07328592087407375e-06
4  2  1.19383958455835366e-06
4  3  1.75763112987328278e-06
4  4  2.32046609531727016e-06
4  5  3.02569084260476640e-06
5  0  1.80169788496894449e-06
5  1  1.39947374746766093e-06
5  2  1.55666549312085840e-06
5  3  2.29180181734460640e-06
5  4  3.02569084260476513e-06
5  5  3.94524405829366154e-06
