numXbins 6
numYbins 6
xbin  ybin  z
0  0  3.31103721614109278e-05
0  1  2.51068698419508786e-05
0  2  2.74555857329176303e-05
0  3  3.90124411869314689e-05
0  4  4.69590068283138904e-05
0  5  3.90255036996543127e-05
1  0  2.51068698419508786e-05
1  1  1.90836256021895897e-05
1  2  2.09283505358788509e-05
1  3  2.98666771355072199e-05
1  4  3.64091711407192955e-05
1  5  3.24838236860178710e-05
2  0  2.74555857329176371e-05
2  1  2.09283505358788509e-05
2  2  2.30346897653704548e-05
2  3  3.30572797602401191e-05
2  4  4.09267294482437320e-05
2  5  3.92694378240100920e-05
3  0  3.90124411869314689e-05
3  1  2.98666771355072131e-05
3  2  3.30572797602401191e-05
3  3  4.79136553963481479e-05
3  4  6.07698873165967788e-05
3  5  6.42115915847942664e-05
4  0  4.69590068283139039e-05
4  1  3.64091711407192752e-05
4  2  4.09267294482437184e-05
4  3  6.07698873165967652e-05
4  4  8.18182427985634760e-05
4  5  1.06831980426570639e-04
5  0  3.90255036996543399e-05
5  1  3.24838236860178914e-05
5  2  3.92694378240101327e-05
5  3  6.42115915847942664e-05
5  4  1.06831980426570666e-04
5  5  2.56845642023026280e-04
