numXbins 6
numYbins 6
xbin  ybin  z
0  0  1.54807681611938158e-07
0  1  1.26056847618948232e-07
0  2  1.30429355639766976e-07
0  3  1.18348035228859968e-07
0  4  7.75808160545014012e-08
0  5  2.14026084359184735e-06
1  0  1.26056847618948285e-07
1  1  1.02645619924524973e-07
1  2  1.06205967233453336e-07
1  3  9.63698849527415587e-08
1  4  6.31770973645992888e-08
1  5  1.74277349409938984e-06
2  0  1.30429355639766923e-07
2  1  1.06205967233453362e-07
2  2  1.09890770719612776e-07
2  3  9.96991128340378415e-08
2  4  6.53246675298154762e-08
2  5  1.80321298823001227e-06
3  0  1.18348035228859915e-07
3  1  9.63698849527414793e-08
3  2  9.96991128340378018e-08
3  3  9.06655074826998413e-08
3  4  5.99257214517761501e-08
3  5  1.63636068036896544e-06
4  0  7.75808160545016262e-08
4  1  6.31770973645992226e-08
4  2  6.53246675298155821e-08
4  3  5.99257214517763222e-08
4  4  4.08757577305979522e-08
4  5  1.07311149948555279e-06
5  0  2.14026084359184608e-06
5  1  1.74277349409938984e-06
5  2  1.80321298823001185e-06
5  3  1.63636068036896544e-06
5  4  1.07311149948555342e-06
5  5  2.95898663973968910e-05
