numXbins 6
numYbins 6
xbin  ybin  z
0  0  3.98122576531359390e-06
0  1  2.95331080575114869e-06
0  2  3.14844692893608552e-06
0  3  4.14962471907661628e-06
0  4  4.11324602198701343e-06
0  5  6.23934623031616427e-06
1  0  2.95331080575114869e-06
1  1  2.19683752761199671e-06
1  2  2.34874020537540850e-06
1  3  3.10458333046646886e-06
1  4  3.13803739042561856e-06
1  5  5.19493726306176583e-06
2  0  3.14844692893608510e-06
2  1  2.34874020537540808e-06
2  2  2.52201990909927042e-06
2  3  3.35298050465574742e-06
2  4  3.48016213041829473e-06
2  5  6.02357614480303137e-06
3  0  4.14962471907661713e-06
3  1  3.10458333046646886e-06
3  2  3.35298050465574742e-06
3  3  4.51280840443898733e-06
3  4  4.85581965854539785e-06
3  5  8.26807123936980362e-06
4  0  4.11324602198701513e-06
4  1  3.13803739042561856e-06
4  2  3.48016213041829473e-06
4  3  4.85581965854539954e-06
4  4  6.00128887776780893e-06
4  5  1.27342052261426616e-05
5  0  6.23934623031616681e-06
5  1  5.19493726306176753e-06
5  2  6.02357614480302968e-06
5  3  8.26807123936980870e-06
5  4  1.27342052261426718e-05
5  5  7.02952549726751385e-05
