numXbins 6
numYbins 6
xbin  ybin  z
0  0  2.24348711003125449e-06
0  1  2.30392081928002349e-06
0  2  3.26599030145984023e-06
0  3  7.77104995808330312e-06
0  4  1.74406398302265400e-05
0  5  -1.71620562432787545e-05
1  0  2.30392081928002264e-06
1  1  2.36598245551675392e-06
1  2  3.35396758798187873e-06
1  3  7.98038183773823658e-06
1  4  1.79104453182543817e-05
1  5  -1.76243574138448203e-05
2  0  3.26599030145983896e-06
2  1  3.35396758798187873e-06
2  2  4.75451479152074732e-06
2  3  1.13128235423230859e-05
2  4  2.53894752869698969e-05
2  5  -2.49839230156645964e-05
3  0  7.77104995808330312e-06
3  1  7.98038183773823658e-06
3  2  1.13128235423230842e-05
3  3  2.69175682717362235e-05
3  4  6.04113492855057121e-05
3  5  -5.94463840927067838e-05
4  0  1.74406398302265400e-05
4  1  1.79104453182543817e-05
4  2  2.53894752869699036e-05
4  3  6.04113492855057121e-05
4  4  1.35581754103970283e-04
4  5  -1.33416073730392747e-04
5  0  -1.71620562432787511e-05
5  1  -1.76243574138448236e-05
5  2  -2.49839230156645964e-05
5  3  -5.94463840927067567e-05
5  4  -1.33416073730392720e-04
5  5  1.31284986296783407e-04
