numXbins 6
numYbins 6
xbin  ybin  z
0  0  3.08584011332783012e-07
0  1  2.48693836630319175e-07
0  2  2.85586664602379842e-07
0  3  4.48507191881171034e-07
0  4  6.85887223039816049e-07
0  5  2.13782257957974318e-06
1  0  2.48693836630319175e-07
1  1  2.00427306989133150e-07
1  2  2.30162085027000430e-07
1  3  3.61467748133539936e-07
1  4  5.52784151258188375e-07
1  5  1.72294894604761209e-06
2  0  2.85586664602379736e-07
2  1  2.30162085027000377e-07
2  2  2.64344539159231816e-07
2  3  4.15212250290279918e-07
2  4  6.35033993958966043e-07
2  5  1.97916538441081293e-06
3  0  4.48507191881170981e-07
3  1  3.61467748133539936e-07
3  2  4.15212250290279918e-07
3  3  6.52286958741337108e-07
3  4  9.97721350006321768e-07
3  5  3.10928375566999636e-06
4  0  6.85887223039815943e-07
4  1  5.52784151258188057e-07
4  2  6.35033993958965832e-07
4  3  9.97721350006321556e-07
4  4  1.52618677977634858e-06
4  5  4.75594829435919673e-06
5  0  2.13782257957974402e-06
5  1  1.72294894604761166e-06
5  2  1.97916538441081293e-06
5  3  3.10928375566999636e-06
5  4  4.75594829435919673e-06
5  5  1.48212010560811797e-05
