numXbins 6
numYbins 6
xbin  ybin  z
0  0  4.85062304854797881e-07
0  1  3.20183018345098363e-07
0  2  2.79232984845794603e-07
0  3  2.87816245090810908e-07
0  4  -2.15616127925105483e-07
0  5  -2.39533482380690642e-06
1  0  3.20183018345098258e-07
1  1  2.11412874918607107e-07
1  2  1.84420994719039822e-07
1  3  1.90164259541290735e-07
1  4  -1.41578571427850191e-07
1  5  -1.57329170692392535e-06
2  0  2.79232984845794603e-07
2  1  1.84420994719039822e-07
2  2  1.60909428004395644e-07
2  3  1.65974645352866182e-07
2  4  -1.22927499321450204e-07
2  5  -1.36636777245448330e-06
3  0  2.87816245090810855e-07
3  1  1.90164259541290709e-07
3  2  1.65974645352866129e-07
3  3  1.71285143045185559e-07
3  4  -1.25843823395231018e-07
3  5  -1.39931869818260141e-06
4  0  -2.15616127925105404e-07
4  1  -1.41578571427850112e-07
4  2  -1.22927499321450204e-07
4  3  -1.25843823395230991e-07
4  4  1.04498070928313795e-07
4  5  1.15557529033705616e-06
5  0  -2.39533482380690685e-06
5  1  -1.57329170692392577e-06
5  2  -1.36636777245448330e-06
5  3  -1.39931869818260183e-06
5  4  1.15557529033705722e-06
5  5  1.27817456888001654e-05
