numXbins 6
numYbins 6
xbin  ybin  z
0  0  4.65186534436897004e-06
0  1  3.51174251470358457e-06
0  2  3.79467359165443278e-06
0  3  5.85287411595682845e-06
0  4  7.20024106995893438e-06
0  5  -8.62711525291217805e-06
1  0  3.51174251470358457e-06
1  1  2.67850717474048408e-06
1  2  2.92337035862933413e-06
1  3  4.56966137071329820e-06
1  4  5.86324361890593866e-06
1  5  -5.53897506827541659e-06
2  0  3.79467359165443278e-06
2  1  2.92337035862933371e-06
2  2  3.23534123294340860e-06
2  3  5.15042750098656138e-06
2  4  6.93295994787314276e-06
2  5  -5.09094057869153237e-06
3  0  5.85287411595682845e-06
3  1  4.56966137071329820e-06
3  2  5.15042750098656138e-06
3  3  8.44008419061684531e-06
3  4  1.20740727496695731e-05
3  5  -5.76109629933982540e-06
4  0  7.20024106995893438e-06
4  1  5.86324361890593866e-06
4  2  6.93295994787314276e-06
4  3  1.20740727496695714e-05
4  4  1.96121634387183540e-05
4  5  1.01461939305406562e-06
5  0  -8.62711525291217805e-06
5  1  -5.53897506827541659e-06
5  2  -5.09094057869153407e-06
5  3  -5.76109629933982540e-06
5  4  1.01461939305406414e-06
5  5  8.44948364511511620e-05
