numXbins 6
numYbins 6
xbin  ybin  z
0  0  8.77396815943073293e-05
0  1  6.70907571258909228e-05
0  2  7.29359004336318232e-05
0  3  9.46630388435880393e-05
0  4  1.02174120083568416e-04
0  5  4.54544014274393398e-05
1  0  6.70907571258908821e-05
1  1  5.21139490263005051e-05
1  2  5.74095102627479131e-05
1  3  7.61747904598691021e-05
1  4  8.88690191692719834e-05
1  5  2.25229119946219306e-05
2  0  7.29359004336318367e-05
2  1  5.74095102627479267e-05
2  2  6.42378141787096151e-05
2  3  8.73627457100923304e-05
2  4  1.09280997854155042e-04
2  5  9.98623196570713953e-06
3  0  9.46630388435880257e-05
3  1  7.61747904598691157e-05
3  2  8.73627457100923440e-05
3  3  1.24627079467642683e-04
3  4  1.72520244743373037e-04
3  5  -8.31035226397034340e-06
4  0  1.02174120083568443e-04
4  1  8.88690191692720512e-05
4  2  1.09280997854155123e-04
4  3  1.72520244743373173e-04
4  4  2.93326286437626713e-04
4  5  -1.10610028066760518e-04
5  0  4.54544014274393398e-05
5  1  2.25229119946218188e-05
5  2  9.98623196570711582e-06
5  3  -8.31035226397046199e-06
5  4  -1.10610028066760707e-04
5  5  4.66744006095665153e-04
