numXbins 6
numYbins 6
xbin  ybin  z
0  0  4.78236454274109804e-04
0  1  3.71299401195745689e-04
0  2  4.12283409951983110e-04
0  3  6.04785447415091132e-04
0  4  7.86844701135845431e-04
0  5  3.86260287225824374e-04
1  0  3.71299401195745635e-04
1  1  2.89585500406879697e-04
1  2  3.22726581360340036e-04
1  3  4.75159234186296286e-04
1  4  6.26803983218213981e-04
1  5  2.97046275342734698e-04
2  0  4.12283409951983110e-04
2  1  3.22726581360340090e-04
2  2  3.61196210241416171e-04
2  3  5.34642882868568612e-04
2  4  7.15686023146961986e-04
2  5  3.28903103242061295e-04
3  0  6.04785447415091132e-04
3  1  4.75159234186296395e-04
3  2  5.34642882868568612e-04
3  3  8.02168814597658446e-04
3  4  1.09821971776357156e-03
3  5  4.88611647380436708e-04
4  0  7.86844701135845323e-04
4  1  6.26803983218213981e-04
4  2  7.15686023146961661e-04
4  3  1.09821971776357156e-03
4  4  1.58103931659498743e-03
4  5  6.52873431050962822e-04
5  0  3.86260287225823995e-04
5  1  2.97046275342734752e-04
5  2  3.28903103242061186e-04
5  3  4.88611647380436816e-04
5  4  6.52873431050963147e-04
5  5  3.50047114606926932e-03
