numXbins 6
numYbins 6
xbin  ybin  z
0  0  3.11418665565778223e-06
0  1  2.41298319141696312e-06
0  2  2.67701568591177167e-06
0  3  3.92702786597437632e-06
0  4  5.13684301452636921e-06
0  5  7.16371953364024355e-06
1  0  2.41298319141696312e-06
1  1  1.86966567064393250e-06
1  2  2.07424748979930834e-06
1  3  3.04280163027694091e-06
1  4  3.98020967320009996e-06
1  5  5.55070608606410463e-06
2  0  2.67701568591177167e-06
2  1  2.07424748979930834e-06
2  2  2.30121498003271645e-06
2  3  3.37574986943277082e-06
2  4  4.41573060528345776e-06
2  5  6.15807325684427409e-06
3  0  3.92702786597437632e-06
3  1  3.04280163027694133e-06
3  2  3.37574986943277082e-06
3  3  4.95203067938196632e-06
3  4  6.47762253573718436e-06
3  5  9.03353887973297752e-06
4  0  5.13684301452636836e-06
4  1  3.98020967320009911e-06
4  2  4.41573060528345606e-06
4  3  6.47762253573718520e-06
4  4  8.47320956434926387e-06
4  5  1.18165372578264045e-05
5  0  7.16371953364024355e-06
5  1  5.55070608606410294e-06
5  2  6.15807325684427494e-06
5  3  9.03353887973297921e-06
5  4  1.18165372578264096e-05
5  5  1.64790628279855502e-05
