numXbins 6
numYbins 6
xbin  ybin  z
0  0  4.18468873115639242e-05
0  1  3.19633226407985710e-05
0  2  3.51529864285783175e-05
0  3  5.02643853571147132e-05
0  4  6.21517217886096026e-05
0  5  5.29447689802228753e-05
1  0  3.19633226407985710e-05
1  1  2.44500120689646950e-05
1  2  2.69367048486697606e-05
1  3  3.86279934075616367e-05
1  4  4.81367699039447571e-05
1  5  4.31512998615997238e-05
2  0  3.51529864285783175e-05
2  1  2.69367048486697538e-05
2  2  2.97449420439974412e-05
2  3  4.28132994930089297e-05
2  4  5.38685591939495342e-05
2  5  5.08042160477875196e-05
3  0  5.02643853571147132e-05
3  1  3.86279934075616299e-05
3  2  4.28132994930089297e-05
3  3  6.20561691604209039e-05
3  4  7.93444760118869216e-05
3  5  7.96602170075332060e-05
4  0  6.21517217886096161e-05
4  1  4.81367699039447571e-05
4  2  5.38685591939495545e-05
4  3  7.93444760118869216e-05
4  4  1.05441931743771177e-04
4  5  1.24897379288306173e-04
5  0  5.29447689802229159e-05
5  1  4.31512998615997374e-05
5  2  5.08042160477875060e-05
5  3  7.96602170075331789e-05
5  4  1.24897379288306173e-04
5  5  3.39919344585533660e-04
