numXbins 6
numYbins 6
xbin  ybin  z
0  0  3.43342423748959930e-07
0  1  2.76629976152667711e-07
0  2  3.15346737914609603e-07
0  3  4.88720723482506363e-07
0  4  7.09009691961374254e-07
0  5  1.40745652876583185e-06
1  0  2.76629976152667764e-07
1  1  2.22879994392484839e-07
1  2  2.54073988229587710e-07
1  3  3.93760954401323912e-07
1  4  5.71247701705979259e-07
1  5  1.13397057704191475e-06
2  0  3.15346737914609603e-07
2  1  2.54073988229587710e-07
2  2  2.89633854304729087e-07
2  3  4.48871232763623910e-07
2  4  6.51198898491708165e-07
2  5  1.29267709415165495e-06
3  0  4.88720723482506363e-07
3  1  3.93760954401323912e-07
3  2  4.48871232763624016e-07
3  3  6.95655520503727183e-07
3  4  1.00922101098284302e-06
3  5  2.00336660710027414e-06
4  0  7.09009691961374360e-07
4  1  5.71247701705979365e-07
4  2  6.51198898491707954e-07
4  3  1.00922101098284302e-06
4  4  1.46413248691890156e-06
4  5  2.90620601124368133e-06
5  0  1.40745652876583185e-06
5  1  1.13397057704191475e-06
5  2  1.29267709415165474e-06
5  3  2.00336660710027287e-06
5  4  2.90620601124368133e-06
5  5  5.77376306315028826e-06
