numXbins 6
numYbins 6
xbin  ybin  z
0  0  3.75526563371697975e-04
0  1  2.90055573795818423e-04
0  2  3.20583204035856397e-04
0  3  4.59054812745005167e-04
0  4  5.78738987607533271e-04
0  5  5.99396261304308573e-04
1  0  2.90055573795818423e-04
1  1  2.24939190626208079e-04
1  2  2.49467009649613697e-04
1  3  3.59017010726713566e-04
1  4  4.59587275525875243e-04
1  5  4.57203557862151161e-04
2  0  3.20583204035856397e-04
2  1  2.49467009649613643e-04
2  2  2.77819313173755271e-04
2  3  4.02245263547604769e-04
2  4  5.23109646251239922e-04
2  5  4.99418606183500051e-04
3  0  4.59054812745005275e-04
3  1  3.59017010726713458e-04
3  2  4.02245263547604769e-04
3  3  5.89876587220685626e-04
3  4  7.86754447266862947e-04
3  5  7.23372585182609738e-04
4  0  5.78738987607533379e-04
4  1  4.59587275525875352e-04
4  2  5.23109646251239922e-04
4  3  7.86754447266862947e-04
4  4  1.11295503659838415e-03
4  5  8.96208400081842014e-04
5  0  5.99396261304308681e-04
5  1  4.57203557862151161e-04
5  2  4.99418606183499834e-04
5  3  7.23372585182609413e-04
5  4  8.96208400081842556e-04
5  5  2.25666750485867566e-03
