numXbins 6
numYbins 6
xbin  ybin  z
0  0  2.00498928659718127e-06
0  1  2.62738036424643996e-06
0  2  3.89643436480956043e-06
0  3  5.89908895680910805e-06
0  4  1.26783969049985623e-05
0  5  -2.30784487572907353e-05
1  0  2.62738036424643445e-06
1  1  3.44297479521376957e-06
1  2  5.10596999650324166e-06
1  3  7.73029092757298405e-06
1  4  1.66140394370139001e-05
1  5  -3.02424873327292648e-05
2  0  3.89643436480954858e-06
2  1  5.10596999650323743e-06
2  2  7.57221041566543786e-06
2  3  1.14641076069736846e-05
2  4  2.46388056642301072e-05
2  5  -4.48499457954809792e-05
3  0  5.89908895680910212e-06
3  1  7.73029092757298575e-06
3  2  1.14641076069736880e-05
3  3  1.73563274143013098e-05
3  4  3.73024393059241674e-05
3  5  -6.79015210278129615e-05
4  0  1.26783969049985487e-05
4  1  1.66140394370138967e-05
4  2  2.46388056642301174e-05
4  3  3.73024393059241674e-05
4  4  8.01708763010317379e-05
4  5  -1.45934811349137576e-04
5  0  -2.30784487572906879e-05
5  1  -3.02424873327292648e-05
5  2  -4.48499457954809928e-05
5  3  -6.79015210278129615e-05
5  4  -1.45934811349137630e-04
5  5  2.65644709726520765e-04
