numXbins 6
numYbins 6
xbin  ybin  z
0  0  4.73439468758772878e-04
0  1  3.67060767724541003e-04
0  2  4.07199664228923453e-04
0  3  5.97115054681029728e-04
0  4  7.74081174313059677e-04
0  5  4.21117751921493101e-04
1  0  3.67060767724540949e-04
1  1  2.85840228788740382e-04
1  2  3.18234565549168507e-04
1  3  4.68381647871738761e-04
1  4  6.15526085499175585e-04
1  5  3.27846455186517349e-04
2  0  4.07199664228923453e-04
2  1  3.18234565549168561e-04
2  2  3.55808561999807523e-04
2  3  5.26513959791502831e-04
2  4  7.02159502233142604e-04
2  5  3.65844321116650132e-04
3  0  5.97115054681029728e-04
3  1  4.68381647871738869e-04
3  2  5.26513959791502831e-04
3  3  7.89903835996694182e-04
3  4  1.07781080406360650e-03
3  5  5.44348827131057927e-04
4  0  7.74081174313059569e-04
4  1  6.15526085499175585e-04
4  2  7.02159502233142279e-04
4  3  1.07781080406360650e-03
4  4  1.54707890198978962e-03
4  5  7.45620049566908961e-04
5  0  4.21117751921492721e-04
5  1  3.27846455186517403e-04
5  2  3.65844321116650024e-04
5  3  5.44348827131058035e-04
5  4  7.45620049566909286e-04
5  5  3.24717814755487878e-03
