numXbins 6
numYbins 6
xbin  ybin  z
0  0  2.15373283066186838e+00
0  1  8.84772027618562884e-01
0  2  -2.11185010443567256e+00
0  3  3.45948897229893237e+00
0  4  3.06843336820651125e-01
0  5  -7.07400601101494608e-01
1  0  1.52979184277713465e+00
1  1  6.21788326348936105e-01
1  2  -1.68209917678924037e+00
1  3  2.74908855681942921e+00
1  4  4.20104220325653976e-01
1  5  -6.08038174713850799e-01
2  0  1.60570893865651954e+00
2  1  3.90709998397300529e-01
2  2  -1.83456016846255565e+00
2  3  3.13747846476944314e+00
2  4  6.98207881607123992e-01
2  5  -7.49248926975690344e-01
3  0  2.17672820544022461e+00
3  1  -1.33810777831506467e-02
3  2  -3.23134293247930326e+00
3  3  5.14349930584032400e+00
3  4  1.54535432802938844e+00
3  5  -1.25936977570805131e+00
4  0  2.01256790641765226e+00
4  1  -1.70707344137053818e+00
4  2  -4.84267740016506298e+00
4  3  7.44990826075852297e+00
4  4  4.00053161489762754e+00
4  5  -2.20411245691067670e+00
5  0  -1.02598523337006480e+01
5  1  -9.59030823407753363e-01
5  2  3.45888493872671532e+00
5  3  -7.90940682424953523e-01
5  4  6.80960906518893339e+00
5  5  8.37483487182348796e+00
