numXbins 6
numYbins 6
xbin  ybin  z
0  0  1.40600783723539213e+00
0  1  9.25943878906689610e-01
0  2  -1.04930699513754910e+00
0  3  3.44167995775221769e+00
0  4  -2.85506873962557695e-01
0  5  -3.78128623159057042e-01
1  0  8.84350453397278691e-01
1  1  7.07914664428329288e-01
1  2  -7.72891558646858545e-01
1  3  2.70288815560806617e+00
1  4  -4.89543280340214437e-02
1  5  -3.50542789964855106e-01
2  0  8.19843170713822400e-01
2  1  5.44482769852545734e-01
2  2  -7.48443515930987457e-01
2  3  3.06834477545558126e+00
2  4  1.56675978397438076e-01
2  5  -4.57576526633702407e-01
3  0  9.16780944491335958e-01
3  1  2.09691901906804978e-01
3  2  -1.40987857429767804e+00
3  3  5.02005170772346077e+00
3  4  6.80153868190481070e-01
3  5  -8.08834212379577533e-01
4  0  -1.09066403382518481e-01
4  1  -1.10506995396779639e+00
4  2  -1.82138204994008746e+00
4  3  7.20583111098812168e+00
4  4  2.63850314090778859e+00
4  5  -1.54332684740167503e+00
5  0  -1.03735786337517464e+01
5  1  5.55032910362874277e-01
5  2  1.98498443180151929e+00
5  3  -9.94159649876318885e-01
5  4  7.56657110606170313e+00
5  5  7.39469585671966545e+00
