numXbins 4
numYbins 4
xbin  ybin  z
0  0  2.05565255986889510e-04
0  1  -1.50392172547645218e-05
0  2  -1.96539781350370909e-05
0  3  -6.37344495841300936e-05
1  0  -1.50392172547645218e-05
1  1  2.99106523319081366e-04
1  2  1.13052653015761312e-04
1  3  1.97115522802570203e-05
2  0  -1.96539781350370909e-05
2  1  1.13052653015761285e-04
2  2  3.80559353854573559e-04
2  3  5.21495773771179773e-05
3  0  -6.37344495841301071e-05
3  1  1.97115522802570271e-05
3  2  5.21495773771179705e-05
3  3  1.97947616675684876e-04
