numXbins 4
numYbins 4
xbin  ybin  z
0  0  1.71198980103491177e-06
0  1  -8.58681056736677585e-06
0  2  -4.26579841833533936e-06
0  3  1.29226388163259255e-05
1  0  -8.58681056736677585e-06
1  1  4.30687821126442155e-05
1  2  2.13959235707335739e-05
1  3  -6.48159536226282872e-05
2  0  -4.26579841833533766e-06
2  1  2.13959235707335739e-05
2  2  1.06291732198825052e-05
2  3  -3.21995914870977528e-05
3  0  1.29226388163259170e-05
3  1  -6.48159536226282736e-05
3  2  -3.21995914870977460e-05
3  3  9.75441523519962665e-05
