numXbins 4
numYbins 4
xbin  ybin  z
0  0  3.35550407449924966e-05
0  1  -2.96827893550961910e-05
0  2  -3.43558240674972024e-05
0  3  7.58655137042688537e-05
1  0  -2.96827893550961978e-05
1  1  3.62250922881888975e-05
1  2  5.37879402212648906e-05
1  3  -4.93332494887014980e-05
2  0  -3.43558240674971956e-05
2  1  5.37879402212648906e-05
2  2  9.51520638545490217e-05
2  3  -2.07791151216032077e-05
3  0  7.58655137042688537e-05
3  1  -4.93332494887014980e-05
3  2  -2.07791151216032009e-05
3  3  2.76300232890384434e-04
