numXbins 4
numYbins 4
xbin  ybin  z
0  0  5.60711804047866284e-07
0  1  5.98600425908805240e-08
0  2  9.43336880329294209e-08
0  3  -5.81116244334237810e-07
1  0  5.98600425908805240e-08
1  1  5.02875155612506956e-07
1  2  3.02409240927483993e-07
1  3  -4.47301477567412389e-07
2  0  9.43336880329294209e-08
2  1  3.02409240927483993e-07
2  2  5.48583670755101263e-07
2  3  -6.82361221890290456e-07
3  0  -5.81116244334237810e-07
3  1  -4.47301477567412389e-07
3  2  -6.82361221890290456e-07
3  3  2.51471980091428829e-06
