numXbins 4
numYbins 4
xbin  ybin  z
0  0  1.97122159839948529e-05
0  1  -1.30889039020217464e-06
0  2  -1.70083196812004300e-06
0  3  -6.65955967373960491e-06
1  0  -1.30889039020217443e-06
1  1  2.84425232433030622e-05
1  2  1.09205897518139265e-05
1  3  1.25888665601289249e-06
2  0  -1.70083196812004300e-06
2  1  1.09205897518139265e-05
2  2  4.01015874851765896e-05
2  3  4.97661034208949110e-06
3  0  -6.65955967373960491e-06
3  1  1.25888665601289164e-06
3  2  4.97661034208949195e-06
3  3  2.18948266172859942e-05
