numXbins 4
numYbins 4
xbin  ybin  z
0  0  7.91195856701379965e-05
0  1  -1.30882097420921660e-05
0  2  9.40240482075090835e-06
0  3  1.46542832685333304e-04
1  0  -1.30882097420921575e-05
1  1  5.76236165179605240e-05
1  2  8.85713870569246000e-05
1  3  1.01986975315247580e-05
2  0  9.40240482075090835e-06
2  1  8.85713870569246271e-05
2  2  2.09922941910965132e-04
2  3  1.79958805725969993e-04
3  0  1.46542832685333331e-04
3  1  1.01986975315247461e-05
3  2  1.79958805725969912e-04
3  3  6.97518266024582949e-04
