numXbins 4
numYbins 4
xbin  ybin  z
0  0  3.45554502105656818e-07
0  1  -5.24666250552662053e-08
0  2  1.62002878584412955e-07
0  3  -1.93621440961422475e-08
1  0  -5.24666250552661987e-08
1  1  7.96617242118352509e-09
1  2  -2.45974057254890714e-08
1  3  2.93981513297638889e-09
2  0  1.62002878584412955e-07
2  1  -2.45974057254890780e-08
2  2  7.59501974643970515e-08
2  3  -9.07736134250149462e-09
3  0  -1.93621440961422542e-08
3  1  2.93981513297638972e-09
3  2  -9.07736134250149296e-09
3  3  1.08490157620677993e-09
