numXbins 4
numYbins 4
xbin  ybin  z
0  0  1.69024109887532924e-05
0  1  1.65036856027046485e-05
0  2  1.57979857166442351e-05
0  3  -2.29217820345033954e-06
1  0  1.65036856027046519e-05
1  1  1.85449865880130515e-05
1  2  1.96551604403496831e-05
1  3  2.37172554632918518e-06
2  0  1.57979857166442351e-05
2  1  1.96551604403496831e-05
2  2  3.25428461222401378e-05
2  3  2.09515530778845635e-05
3  0  -2.29217820345033869e-06
3  1  2.37172554632918603e-06
3  2  2.09515530778845703e-05
3  3  3.41159952307276985e-05
