numXbins 4
numYbins 4
xbin  ybin  z
0  0  9.06573021045708289e-04
0  1  2.48908353517486331e-04
0  2  4.36047049344227822e-04
0  3  5.95240905604931458e-04
1  0  2.48908353517486331e-04
1  1  9.43177823873850773e-04
1  2  1.17526053906756838e-03
1  3  1.05892837785028383e-03
2  0  4.36047049344227822e-04
2  1  1.17526053906756795e-03
2  2  2.85340785820232049e-03
2  3  2.64009110631974403e-03
3  0  5.95240905604931241e-04
3  1  1.05892837785028383e-03
3  2  2.64009110631974403e-03
3  3  4.21938947013922316e-03
