numXbins 4
numYbins 4
xbin  ybin  z
0  0  2.87503384976843523e-04
0  1  7.52328235409173055e-05
0  2  7.26843724883233997e-05
0  3  -5.86160199759242715e-05
1  0  7.52328235409172920e-05
1  1  2.05598774250980067e-04
1  2  2.32297385060032351e-04
1  3  5.83184445256512940e-05
2  0  7.26843724883234133e-05
2  1  2.32297385060032297e-04
2  2  4.26253617450927816e-04
2  3  1.44149192573253071e-04
3  0  -5.86160199759242715e-05
3  1  5.83184445256512804e-05
3  2  1.44149192573253071e-04
3  3  3.85293633115207001e-04
