numXbins 4
numYbins 4
xbin  ybin  z
0  0  2.58358960138236920e-07
0  1  -2.11751789726849432e-07
0  2  -5.86428536885834548e-07
0  3  -1.10199983122180099e-06
1  0  -2.11751789726849618e-07
1  1  2.20515906709251541e-06
1  2  8.17983729050221640e-06
1  3  1.29029101727346975e-05
2  0  -5.86428536885834442e-07
2  1  8.17983729050221978e-06
2  2  3.05088126600811760e-05
2  3  4.79767464402550814e-05
3  0  -1.10199983122180036e-06
3  1  1.29029101727346925e-05
3  2  4.79767464402550950e-05
3  3  7.55768609715413579e-05
