numXbins 4
numYbins 4
xbin  ybin  z
0  0  3.56748579760680592e-04
0  1  6.09860556690235839e-04
0  2  8.27809432356122138e-04
0  3  9.83772724041092434e-04
1  0  6.09860556690235839e-04
1  1  1.04255467213360139e-03
1  2  1.41513757837186788e-03
1  3  1.68175632694276536e-03
2  0  8.27809432356122138e-04
2  1  1.41513757837186788e-03
2  2  1.92087227581247064e-03
2  3  2.28277388182513514e-03
3  0  9.83772724041092434e-04
3  1  1.68175632694276536e-03
3  2  2.28277388182513514e-03
3  3  2.71285949678193913e-03
