numXbins 4
numYbins 4
xbin  ybin  z
0  0  5.25015758249693489e-04
0  1  2.86413821466687706e-04
0  2  5.73129716321895809e-04
0  3  7.07475217083865693e-04
1  0  2.86413821466687869e-04
1  1  6.48765208787675232e-04
1  2  1.10893116246160869e-03
1  3  1.06884850581047647e-03
2  0  5.73129716321896135e-04
2  1  1.10893116246160890e-03
2  2  2.43203184356080397e-03
2  3  2.59959300958426424e-03
3  0  7.07475217083865693e-04
3  1  1.06884850581047647e-03
3  2  2.59959300958426381e-03
3  3  4.12049820715706689e-03
