numXbins 4
numYbins 4
xbin  ybin  z
0  0  5.74563123486987330e-07
0  1  -7.11033423831661375e-07
0  2  2.58245195917397999e-07
0  3  -3.66987363722278992e-08
1  0  -7.11033423831661375e-07
1  1  1.42561899041204449e-06
1  2  -3.08618401854619653e-07
1  3  8.00371456959663686e-08
2  0  2.58245195917397999e-07
2  1  -3.08618401854619758e-07
2  2  1.16292142554977925e-07
2  3  -1.57990620621140357e-08
3  0  -3.66987363722279191e-08
3  1  8.00371456959664480e-08
3  2  -1.57990620621139795e-08
3  3  4.54059517258270893e-09
