numXbins 4
numYbins 4
xbin  ybin  z
0  0  7.94361946411423317e-05
0  1  -1.12859339303883433e-05
0  2  -8.94270039389662689e-05
0  3  -2.81288718894145101e-05
1  0  -1.12859339303883433e-05
1  1  1.60345425981824417e-06
1  2  1.27053827616891155e-05
1  3  3.99642242575235235e-06
2  0  -8.94270039389662689e-05
2  1  1.27053827616891155e-05
2  2  1.00674372301287312e-04
2  3  3.16666822802524688e-05
3  0  -2.81288718894145101e-05
3  1  3.99642242575235235e-06
3  2  3.16666822802524756e-05
3  3  9.96061603083502784e-06
