numXbins 4
numYbins 4
xbin  ybin  z
0  0  3.67864533373769454e-05
0  1  1.95385297324069960e-05
0  2  5.22040909100078307e-05
0  3  7.38948733769562811e-05
1  0  1.95385297324069960e-05
1  1  3.00781263026157785e-05
1  2  5.35659076339420031e-05
1  3  7.64088578670516242e-05
2  0  5.22040909100078443e-05
2  1  5.35659076339419692e-05
2  2  1.55275146135196168e-04
2  3  2.32802989112170395e-04
3  0  7.38948733769563218e-05
3  1  7.64088578670516513e-05
3  2  2.32802989112170314e-04
3  3  4.51415919876837449e-04
