numXbins 4
numYbins 4
xbin  ybin  z
0  0  6.96882068375463508e-04
0  1  2.72296756246903258e-04
0  2  5.39462305487463010e-04
0  3  6.48746477348758894e-04
1  0  2.72296756246903366e-04
1  1  9.60969038017356184e-04
1  2  1.22858188938979518e-03
1  3  1.10433388905261829e-03
2  0  5.39462305487463227e-04
2  1  1.22858188938979518e-03
2  2  2.78961250423635744e-03
2  3  2.63370197843209100e-03
3  0  6.48746477348758894e-04
3  1  1.10433388905261829e-03
3  2  2.63370197843209057e-03
3  3  4.33354582239869630e-03
