numXbins 4
numYbins 4
xbin  ybin  z
0  0  3.08547796923516705e-05
0  1  -2.94603974366802857e-05
0  2  -3.58230230149297912e-05
0  3  7.39079970799111444e-05
1  0  -2.94603974366802958e-05
1  1  2.82410585295459690e-05
1  2  3.44315075814582381e-05
1  3  -7.09099731953940989e-05
2  0  -3.58230230149297844e-05
2  1  3.44315075814582313e-05
2  2  4.20528003851746107e-05
2  3  -8.65028736262083282e-05
3  0  7.39079970799111309e-05
3  1  -7.09099731953940989e-05
3  2  -8.65028736262083553e-05
3  3  1.78079634707888204e-04
