numXbins 4
numYbins 4
xbin  ybin  z
0  0  1.34192757893062699e-04
0  1  2.04817813731122782e-04
0  2  4.63452005899228582e-04
0  3  6.13532277635034178e-04
1  0  2.04817813731122673e-04
1  1  3.27214007249098553e-04
1  2  7.29553370201274989e-04
1  3  9.62577971528763413e-04
2  0  4.63452005899228799e-04
2  1  7.29553370201275315e-04
2  2  1.65817372944079291e-03
2  3  2.18535481977525856e-03
3  0  6.13532277635034070e-04
3  1  9.62577971528763413e-04
3  2  2.18535481977525856e-03
3  3  2.90179542254684689e-03
