numXbins 4
numYbins 4
xbin  ybin  z
0  0  6.48831166805333810e-05
0  1  -3.07126900337963580e-05
0  2  -1.80033413065899819e-05
0  3  -8.23563587170826991e-05
1  0  -3.07126900337963512e-05
1  1  1.45379780961579316e-05
1  2  8.52195562436404953e-06
1  3  3.89837209892967916e-05
2  0  -1.80033413065899819e-05
2  1  8.52195562436404953e-06
2  2  4.99544896706254483e-06
2  3  2.28517018079133298e-05
3  0  -8.23563587170826991e-05
3  1  3.89837209892967916e-05
3  2  2.28517018079133399e-05
3  3  1.04535203734621893e-04
