numXbins 4
numYbins 4
xbin  ybin  z
0  0  3.15122536335193782e-05
0  1  -8.92561898061367745e-06
0  2  -2.49364451653657404e-06
0  3  -3.67255798465883045e-05
1  0  -8.92561898061367575e-06
1  1  2.52811731949092359e-06
1  2  7.06306857216555418e-07
1  3  1.04022560990076110e-05
2  0  -2.49364451653657701e-06
2  1  7.06306857216555736e-07
2  2  1.97328412216084581e-07
2  3  2.90618823604724783e-06
3  0  -3.67255798465883045e-05
3  1  1.04022560990076110e-05
3  2  2.90618823604724444e-06
3  3  4.28013886519832082e-05
