numXbins 4
numYbins 4
xbin  ybin  z
0  0  -1.04153899201126458e-04
0  1  -1.87268210773210907e-04
0  2  -9.35479342098246831e-05
0  3  -3.86033735851913835e-05
1  0  -1.87268210773210744e-04
1  1  -3.33815633599330555e-04
1  2  -1.97604682163252685e-04
1  3  -1.13472279646531504e-04
2  0  -9.35479342098250220e-05
2  1  -1.97604682163253037e-04
2  2  2.15008537963611902e-04
2  3  4.13412511386902651e-04
3  0  -3.86033735851913835e-05
3  1  -1.13472279646531504e-04
3  2  4.13412511386902651e-04
3  3  6.57128932819068829e-04
