numXbins 4
numYbins 4
xbin  ybin  z
0  0  3.09553719202008841e-07
0  1  -1.82676513330573053e-07
0  2  2.16124388452194489e-08
0  3  6.71628835750179966e-07
1  0  -1.82676513330573079e-07
1  1  3.79737803726067016e-07
1  2  2.08803210838303122e-07
1  3  -1.58569613592254400e-06
2  0  2.16124388452193464e-08
2  1  2.08803210838303122e-07
2  2  1.82021270704570885e-07
2  3  -9.22121993004694235e-07
3  0  6.71628835750180072e-07
3  1  -1.58569613592254443e-06
3  2  -9.22121993004694023e-07
3  3  6.65900457668021127e-06
