numXbins 4
numYbins 4
xbin  ybin  z
0  0  1.29389149678914896e-04
0  1  1.30009518695156211e-04
0  2  1.86274442439777766e-04
0  3  8.51329685457088693e-05
1  0  1.30009518695156184e-04
1  1  1.30632862131719983e-04
1  2  1.87167553592405551e-04
1  3  8.55411469445735878e-05
2  0  1.86274442439777739e-04
2  1  1.87167553592405470e-04
2  2  2.68169069758593826e-04
2  3  1.22561252535066922e-04
3  0  8.51329685457088964e-05
3  1  8.55411469445735472e-05
3  2  1.22561252535066895e-04
3  3  5.60141430049580232e-05
