numXbins 8
numYbins 8
xbin  ybin  z
0  0  3.02229878288926557e-01
0  1  -1.01075517944991589e-01
0  2  -7.76893869042396545e-02
0  3  -3.13370540738105774e-01
0  4  3.58732044696807861e-03
0  5  4.54452425241470337e-01
0  6  3.81155610084533691e-02
0  7  3.59165787696838379e-01
1  0  4.92861386737786233e-02
1  1  1.08277582330629230e-02
1  2  -1.55210093595087528e-01
1  3  -9.16428584605455399e-03
1  4  -1.94351561367511749e-01
1  5  3.31653028726577759e-01
1  6  3.25567573308944702e-02
1  7  4.05264586210250854e-01
2  0  3.48914154892554507e-02
2  1  -3.29254864132963121e-01
2  2  5.14156313380226493e-01
2  3  -1.18275826331228018e-01
2  4  -2.03782573342323303e-01
2  5  2.42407362908124924e-01
2  6  -7.06758871674537659e-02
2  7  4.19519729912281036e-01
3  0  2.34373180574038997e-02
3  1  -1.84071327035780996e-01
3  2  -1.60649700090289116e-01
3  3  6.81089626625180244e-01
3  4  -1.54242704622447491e-01
3  5  1.01515614427626133e-01
3  6  -1.15725856274366379e-01
3  7  3.36888704448938370e-01
4  0  2.53004853984748479e-02
4  1  -1.78109087399207056e-01
4  2  -1.42415499081835151e-01
4  3  -1.04779766406863928e-01
4  4  4.94698099326342344e-01
4  5  1.51533330790698528e-01
4  6  2.18879926949739456e-01
4  7  6.38646855950355530e-02
5  0  1.78978972217009868e-02
5  1  -1.16125263768481091e-01
5  2  -7.66318214591592550e-02
5  3  -1.14559872308745980e-01
5  4  -1.56032424652948976e-01
5  5  7.65038263052701950e-01
5  6  6.43382500857114792e-02
5  7  2.14922456070780754e-01
6  0  9.25750257056279224e-03
6  1  -5.72870846517616883e-02
6  2  -3.35087084094993770e-02
6  3  -6.07798022683709860e-02
6  4  -1.19141402537934482e-01
6  5  2.00972184538841248e-01
6  6  1.46592678502202034e-01
6  7  4.41711775027215481e-01
7  0  9.46301348449196666e-03
7  1  -5.67696254584006965e-02
7  2  -3.05513014900498092e-02
7  3  -6.06903384905308485e-02
7  4  -1.40530177159234881e-01
7  5  9.88960345275700092e-02
7  6  -5.40406536310911179e-03
7  7  8.30805968493223190e-01
