numXbins 5
numYbins 5
xbin  ybin  z
0  0  6.81602004487651960e-05
0  1  1.67430139182610534e-05
0  2  2.26297864681601546e-05
0  3  3.46852124863700832e-05
0  4  5.41218591192822650e-05
1  0  1.67430139182610534e-05
1  1  9.74022387418105449e-06
1  2  8.37093619287597498e-06
1  3  1.24744381078258112e-05
1  4  3.33350787019188479e-05
2  0  2.26297864681601546e-05
2  1  8.37093619287597498e-06
2  2  9.76243344325707978e-06
2  3  1.46251363808600910e-05
2  4  2.92247829978981100e-05
3  0  3.46852124863701036e-05
3  1  1.24744381078258112e-05
3  2  1.46251363808600961e-05
3  3  2.47076696682637968e-05
3  4  4.51772698331783280e-05
4  0  5.41218591192822718e-05
4  1  3.33350787019188479e-05
4  2  2.92247829978981100e-05
4  3  4.51772698331783212e-05
4  4  1.17477131653897555e-04
