numXbins 5
numYbins 5
xbin  ybin  z
0  0  1.95622575976001274e-04
0  1  4.20081931313947963e-05
0  2  6.04583097297257160e-05
0  3  6.28549797090598009e-05
0  4  1.16593768696730401e-04
1  0  4.20081931313948031e-05
1  1  4.37191870310503958e-05
1  2  -5.60331964126465607e-06
1  3  2.07200511992535201e-06
1  4  1.05220038693155097e-04
2  0  6.04583097297257296e-05
2  1  -5.60331964126465268e-06
2  2  2.59141715962367142e-04
2  3  1.04735616460210928e-05
2  4  8.79845383388674110e-05
3  0  6.28549797090598009e-05
3  1  2.07200511992535201e-06
3  2  1.04735616460210945e-05
3  3  1.73419339823048350e-04
3  4  1.19142386510974382e-04
4  0  1.16593768696730401e-04
4  1  1.05220038693155097e-04
4  2  8.79845383388674110e-05
4  3  1.19142386510974395e-04
4  4  3.81953427463257642e-04
