numXbins 5
numYbins 5
xbin  ybin  z
0  0  6.47777048123407374e-04
0  1  4.53226299411103319e-04
0  2  3.96519298791283127e-04
0  3  3.20806560885730199e-04
0  4  1.40629773930855658e-03
1  0  4.53226299411103374e-04
1  1  3.17106138713870844e-04
1  2  2.77430290185307483e-04
1  3  2.24456810932490260e-04
1  4  9.83935942317598752e-04
2  0  3.96519298791283073e-04
2  1  2.77430290185307429e-04
2  2  2.42718624825338878e-04
2  3  1.96373108523318517e-04
2  4  8.60827340360109552e-04
3  0  3.20806560885730254e-04
3  1  2.24456810932490233e-04
3  2  1.96373108523318680e-04
3  3  1.58876962074338884e-04
3  4  6.96458052405412426e-04
4  0  1.40629773930855636e-03
4  1  9.83935942317598752e-04
4  2  8.60827340360109335e-04
4  3  6.96458052405411884e-04
4  4  3.05301544306582455e-03
