numXbins 8
numYbins 8
xbin  ybin  z
0  0  5.18892875212946951e-06
0  1  2.49344284394840395e-06
0  2  2.27612174928976247e-06
0  3  1.97532508006283236e-06
0  4  2.77552983765605250e-06
0  5  3.12875826874988953e-06
0  6  2.52436277787630587e-06
0  7  3.27875447067961695e-06
1  0  2.49344284394840438e-06
1  1  1.19817741060445756e-06
1  2  1.09374781555687750e-06
1  3  9.49205591488064098e-07
1  4  1.33372904937818376e-06
1  5  1.50346637780625296e-06
1  6  1.21303540763443115e-06
1  7  1.57554425248657660e-06
2  0  2.27612174928976205e-06
2  1  1.09374781555687750e-06
2  2  9.98419994775180354e-07
2  3  8.66475642935629134e-07
2  4  1.21748517489260607e-06
2  5  1.37242870040357828e-06
2  6  1.10731083356343953e-06
2  7  1.43822448096483588e-06
3  0  1.97532508006283279e-06
3  1  9.49205591488064204e-07
3  2  8.66475642935629663e-07
3  3  7.51968153411999313e-07
3  4  1.05659066845632630e-06
3  5  1.19105791829947606e-06
3  6  9.60976213880327053e-07
3  7  1.24815857890584144e-06
4  0  2.77552983765605419e-06
4  1  1.33372904937818418e-06
4  2  1.21748517489260628e-06
4  3  1.05659066845632587e-06
4  4  1.48461585188611309e-06
4  5  1.67355582328329832e-06
4  6  1.35026795428413913e-06
4  7  1.75378797791062707e-06
5  0  3.12875826874988826e-06
5  1  1.50346637780625211e-06
5  2  1.37242870040357722e-06
5  3  1.19105791829947585e-06
5  4  1.67355582328329832e-06
5  5  1.88654128277507654e-06
5  6  1.52211011017710426e-06
5  7  1.97698420066561771e-06
6  0  2.52436277787630630e-06
6  1  1.21303540763443136e-06
6  2  1.10731083356343974e-06
6  3  9.60976213880327053e-07
6  4  1.35026795428413850e-06
6  5  1.52211011017710532e-06
6  6  1.22807765123239140e-06
6  7  1.59508178642508452e-06
7  0  3.27875447067961780e-06
7  1  1.57554425248657660e-06
7  2  1.43822448096483566e-06
7  3  1.24815857890584144e-06
7  4  1.75378797791062707e-06
7  5  1.97698420066561813e-06
7  6  1.59508178642508452e-06
7  7  2.07176305409663188e-06
