numXbins 5
numYbins 5
xbin  ybin  z
0  0  1.29768003253804285e-04
0  1  3.79000060338318811e-05
0  2  4.65503508331870729e-05
0  3  5.30587648259669016e-05
0  4  1.13069338690085619e-04
1  0  3.79000060338318811e-05
1  1  1.17637653725188510e-05
1  2  1.43314050980498218e-05
1  3  1.68006405244394015e-05
1  4  3.62169457618617433e-05
2  0  4.65503508331870661e-05
2  1  1.43314050980498218e-05
2  2  1.74781235359075754e-05
2  3  2.04149377366103657e-05
2  4  4.39436803948177262e-05
3  0  5.30587648259668948e-05
3  1  1.68006405244393981e-05
3  2  2.04149377366103521e-05
3  3  2.41432215788099732e-05
3  4  5.22278088332169761e-05
4  0  1.13069338690085646e-04
4  1  3.62169457618617433e-05
4  2  4.39436803948177330e-05
4  3  5.22278088332169761e-05
4  4  1.13203928547821769e-04
