numXbins 8
numYbins 8
xbin  ybin  z
0  0  3.64504924719708011e-05
0  1  6.42340692468772671e-06
0  2  1.35860604827488447e-05
0  3  4.75737820911530873e-06
0  4  1.81189243174352118e-05
0  5  7.37581733817805455e-06
0  6  6.80573807776890757e-06
0  7  8.83382161308515854e-06
1  0  6.42340692468772755e-06
1  1  1.15659903262287770e-06
1  2  2.49463625684100125e-06
1  3  8.66618422541003021e-07
1  4  3.37925900572269003e-06
1  5  1.37319640744369262e-06
1  6  1.28003041740744205e-06
1  7  1.68437393014548321e-06
2  0  1.35860604827488447e-05
2  1  2.49463625684100125e-06
2  2  5.47335382303754629e-06
2  3  1.88838364507953582e-06
2  4  7.51269626583972939e-06
2  5  3.04836642094239748e-06
2  6  2.86561588617026544e-06
2  7  3.81289254223410911e-06
3  0  4.75737820911530788e-06
3  1  8.66618422541002280e-07
3  2  1.88838364507953519e-06
3  3  6.53315535397909694e-07
3  4  2.57840053220196821e-06
3  5  1.04682900073098291e-06
3  6  9.80788293385163230e-07
3  7  1.29931413298409051e-06
4  0  1.81189243174352118e-05
4  1  3.37925900572268918e-06
4  2  7.51269626583972600e-06
4  3  2.57840053220196567e-06
4  4  1.04145976256200226e-05
4  5  4.22121950689695173e-06
4  6  3.99297772851712741e-06
4  7  5.35594242431188472e-06
5  0  7.37581733817805031e-06
5  1  1.37319640744369304e-06
5  2  3.04836642094239706e-06
5  3  1.04682900073098523e-06
5  4  4.22121950689695088e-06
5  5  1.71114096058297016e-06
5  6  1.61751074921424650e-06
5  7  2.16772303786441495e-06
6  0  6.80573807776890842e-06
6  1  1.28003041740744205e-06
6  2  2.86561588617026544e-06
6  3  9.80788293385163442e-07
6  4  3.99297772851712910e-06
6  5  1.61751074921424608e-06
6  6  1.53495549473116820e-06
6  7  2.06734395508271953e-06
7  0  8.83382161308515685e-06
7  1  1.68437393014548490e-06
7  2  3.81289254223410953e-06
7  3  1.29931413298408967e-06
7  4  5.35594242431188387e-06
7  5  2.16772303786441453e-06
7  6  2.06734395508271953e-06
7  7  2.80199966781288670e-06
