numXbins 8
numYbins 8
xbin  ybin  z
0  0  1.00094448720550101e-05
0  1  1.30982651988119685e-06
0  2  1.66609587139952064e-06
0  3  6.61222084989896889e-07
0  4  7.24469098264338481e-07
0  5  6.58060460779096066e-07
0  6  1.70651218943928150e-07
0  7  -3.95035777840914884e-07
1  0  1.30982651988119664e-06
1  1  1.73959499997128204e-07
1  2  2.24217792672332445e-07
1  3  8.69975238738197945e-08
1  4  9.79444112966093144e-08
1  5  9.34309351071037300e-08
1  6  2.65245252528246822e-08
1  7  -4.77217514794078885e-08
2  0  1.66609587139952085e-06
2  1  2.24217792672332497e-07
2  2  2.92331013441494741e-07
2  3  1.11202098290841749e-07
2  4  1.28198988572986559e-07
2  5  1.27263356346662170e-07
2  6  3.85636906182455639e-08
2  7  -5.61316597933930603e-08
3  0  6.61222084989896995e-07
3  1  8.69975238738198209e-08
3  2  1.11202098290841789e-07
3  3  4.37668349921931102e-08
3  4  4.84364572460094909e-08
3  5  4.48183001143382522e-08
3  6  1.20450236815598468e-08
3  7  -2.53648353824702954e-08
4  0  7.24469098264338481e-07
4  1  9.79444112966092879e-08
4  2  1.28198988572986586e-07
4  3  4.84364572460094644e-08
4  4  5.62948177046703729e-08
4  5  5.66193183929049753e-08
4  6  1.75029079754684188e-08
4  7  -2.37122060021253847e-08
5  0  6.58060460779096066e-07
5  1  9.34309351071036903e-08
5  2  1.27263356346662144e-07
5  3  4.48183001143382390e-08
5  4  5.66193183929049885e-08
5  5  6.42072144251473124e-08
5  6  2.32205778106116827e-08
5  7  -1.46024587890237331e-08
6  0  1.70651218943928203e-07
6  1  2.65245252528246689e-08
6  2  3.85636906182455639e-08
6  3  1.20450236815598402e-08
6  4  1.75029079754684287e-08
6  5  2.32205778106116827e-08
6  6  9.78648652944771615e-09
6  7  -2.20382607848722727e-10
7  0  -3.95035777840914884e-07
7  1  -4.77217514794079216e-08
7  2  -5.61316597933930537e-08
7  3  -2.53648353824702954e-08
7  4  -2.37122060021253880e-08
7  5  -1.46024587890237331e-08
7  6  -2.20382607848722494e-10
7  7  2.17618346324626007e-08
