numXbins 5
numYbins 5
xbin  ybin  z
0  0  5.24928236211278949e-03
0  1  1.89542083609631597e-03
0  2  2.08955043518105734e-03
0  3  3.16835074604155612e-03
0  4  6.40066991736640452e-03
1  0  1.89542083609631640e-03
1  1  8.99435882325559590e-04
1  2  9.05847549679865091e-04
1  3  1.16048726443942476e-03
1  4  2.98561849625293219e-03
2  0  2.08955043518105690e-03
2  1  9.05847549679865091e-04
2  2  1.41146567318764537e-03
2  3  1.25234375842267465e-03
2  4  3.20983801818677198e-03
3  0  3.16835074604155569e-03
3  1  1.16048726443942520e-03
3  2  1.25234375842267552e-03
3  3  3.50984582804065920e-03
3  4  5.11123213174933828e-03
4  0  6.40066991736640452e-03
4  1  2.98561849625293219e-03
4  2  3.20983801818677068e-03
4  3  5.11123213174933741e-03
4  4  1.09056658868581548e-02
