numXbins 8
numYbins 8
xbin  ybin  z
0  0  1.20935014847354239e-05
0  1  1.39137076373482931e-06
0  2  1.60348064909684930e-06
0  3  7.31507320380901806e-07
0  4  7.56549476798621401e-07
0  5  3.13249124156225090e-07
0  6  -7.01810630841175335e-08
0  7  -7.41905222864510979e-07
1  0  1.39137076373482931e-06
1  1  1.60178920773367440e-07
1  2  1.84570521660595624e-07
1  3  8.42718763944035959e-08
1  4  8.68306430381493784e-08
1  5  3.61382754220342924e-08
1  6  -8.01713666142010812e-09
1  7  -8.52946397805056275e-08
2  0  1.60348064909684930e-06
2  1  1.84570521660595624e-07
2  2  2.12683760425166391e-07
2  3  9.70887237702084133e-08
2  4  1.00124929711326714e-07
2  5  4.16207102022891226e-08
2  6  -9.25484424930192406e-09
2  7  -9.83144319135869112e-08
3  0  7.31507320380902123e-07
3  1  8.42718763944035826e-08
3  2  9.70887237702084133e-08
3  3  4.43704761508071811e-08
3  4  4.55275307579652671e-08
3  5  1.90571218108323658e-08
3  6  -4.18153807147451014e-09
3  7  -4.48068784368438220e-08
4  0  7.56549476798621295e-07
4  1  8.68306430381493916e-08
4  2  1.00124929711326714e-07
4  3  4.55275307579652605e-08
4  4  4.77738377064160539e-08
4  5  1.93884118889665739e-08
4  6  -4.51117266795177171e-09
4  7  -4.65438943283717730e-08
5  0  3.13249124156225196e-07
5  1  3.61382754220342858e-08
5  2  4.16207102022891359e-08
5  3  1.90571218108323658e-08
5  4  1.93884118889665739e-08
5  5  8.21094869414450431e-09
5  6  -1.76146503492619442e-09
5  7  -1.91556171671531376e-08
6  0  -7.01810630841174541e-08
6  1  -8.01713666142009819e-09
6  2  -9.25484424930191247e-09
6  3  -4.18153807147450187e-09
6  4  -4.51117266795177419e-09
6  5  -1.76146503492619794e-09
6  6  4.40020590474943211e-10
6  7  4.34109308630644403e-09
7  0  -7.41905222864510873e-07
7  1  -8.52946397805056540e-08
7  2  -9.83144319135869112e-08
7  3  -4.48068784368438220e-08
7  4  -4.65438943283717863e-08
7  5  -1.91556171671531410e-08
7  6  4.34109308630644073e-09
7  7  4.55528233665984180e-08
