numXbins 8
numYbins 8
xbin  ybin  z
0  0  1.70796260788630494e-05
0  1  4.52562317275219248e-06
0  2  4.52693580669203131e-06
0  3  3.52277530598404610e-06
0  4  2.47098382115943850e-06
0  5  2.98300433291400118e-06
0  6  2.90868337847421377e-06
0  7  4.22264103953501515e-06
1  0  4.52562317275219248e-06
1  1  1.40170036140156879e-06
1  2  1.37846560939946549e-06
1  3  1.12981983658609738e-06
1  4  7.76202039105227922e-07
1  5  9.91398916821994265e-07
1  6  1.01101845965635384e-06
1  7  1.54144860883958277e-06
2  0  4.52693580669203215e-06
2  1  1.37846560939946591e-06
2  2  1.35797681616313318e-06
2  3  1.10722454600236773e-06
2  4  7.62249582917620390e-07
2  5  9.68226154399416169e-07
2  6  9.83262595590305011e-07
2  7  1.49257116757232516e-06
3  0  3.52277530598404610e-06
3  1  1.12981983658609738e-06
3  2  1.10722454600236773e-06
3  3  9.17009539143770766e-07
3  4  6.27425212981103330e-07
3  5  8.10141962309009104e-07
3  6  8.32930862695131602e-07
3  7  1.28067258616661832e-06
4  0  2.47098382115943850e-06
4  1  7.76202039105227922e-07
4  2  7.62249582917620390e-07
4  3  6.27425212981103330e-07
4  4  4.30327280547275448e-07
4  5  5.52094770693277046e-07
4  6  5.64917980274754708e-07
4  7  8.64319352536752105e-07
5  0  2.98300433291400160e-06
5  1  9.91398916821994265e-07
5  2  9.68226154399416169e-07
5  3  8.10141962309008998e-07
5  4  5.52094770693277046e-07
5  5  7.20437504067547181e-07
5  6  7.46468686406249586e-07
5  7  1.15682775280118979e-06
6  0  2.90868337847421420e-06
6  1  1.01101845965635384e-06
6  2  9.83262595590305011e-07
6  3  8.32930862695131496e-07
6  4  5.64917980274754814e-07
6  5  7.46468686406249480e-07
6  6  7.80453855170508988e-07
6  7  1.22047366742054517e-06
7  0  4.22264103953501515e-06
7  1  1.54144860883958256e-06
7  2  1.49257116757232494e-06
7  3  1.28067258616661811e-06
7  4  8.64319352536752105e-07
7  5  1.15682775280118958e-06
7  6  1.22047366742054517e-06
7  7  1.92560574345057368e-06
