numXbins 8
numYbins 8
xbin  ybin  z
0  0  2.53394677691677617e-03
0  1  1.04224355749113506e-03
0  2  9.40944588952921136e-04
0  3  4.28538834473913318e-04
0  4  1.49479508161186932e-03
0  5  1.33961020185636233e-03
0  6  1.05604362681020096e-03
0  7  1.30653878400848670e-03
1  0  1.04224355749113549e-03
1  1  6.21032775966208483e-04
1  2  5.24095274274790951e-04
1  3  4.85853399544322010e-04
1  4  5.70740024157090635e-04
1  5  7.48175980850755555e-04
1  6  6.18766405651262016e-04
1  7  7.76653593510456364e-04
2  0  9.40944588952921245e-04
2  1  5.24095274274790734e-04
2  2  8.02924169184833893e-04
2  3  3.39506161848819718e-04
2  4  4.01692099258963667e-04
2  5  7.46157275075174232e-04
2  6  5.70181717454190250e-04
2  7  6.87845567861936156e-04
3  0  4.28538834473913156e-04
3  1  4.85853399544321901e-04
3  2  3.39506161848819447e-04
3  3  8.94180200545307093e-04
3  4  2.63076666725261859e-04
3  5  4.98544322092872843e-04
3  6  4.57132501501800279e-04
3  7  5.92686901564289190e-04
4  0  1.49479508161186932e-03
4  1  5.70740024157090635e-04
4  2  4.01692099258963884e-04
4  3  2.63076666725261859e-04
4  4  1.31605423038987893e-03
4  5  7.69645119139831255e-04
4  6  6.31433020446801950e-04
4  7  8.28678952268875960e-04
5  0  1.33961020185636276e-03
5  1  7.48175980850755446e-04
5  2  7.46157275075174449e-04
5  3  4.98544322092872951e-04
5  4  7.69645119139830821e-04
5  5  1.03356107591049263e-03
5  6  7.49412260442610485e-04
5  7  9.11574456997973600e-04
6  0  1.05604362681020096e-03
6  1  6.18766405651262016e-04
6  2  5.70181717454190358e-04
6  3  4.57132501501800442e-04
6  4  6.31433020446801841e-04
6  5  7.49412260442610485e-04
6  6  6.52568936923139187e-04
6  7  8.14222775856798483e-04
7  0  1.30653878400848605e-03
7  1  7.76653593510456364e-04
7  2  6.87845567861935939e-04
7  3  5.92686901564289190e-04
7  4  8.28678952268875960e-04
7  5  9.11574456997973166e-04
7  6  8.14222775856798483e-04
7  7  1.07684454280851730e-03
