numXbins 8
numYbins 8
xbin  ybin  z
0  0  8.83262538848263509e-05
0  1  3.53463676659914190e-05
0  2  5.32130884718634483e-05
0  3  -4.17694215369827823e-05
0  4  1.59170068805392464e-05
0  5  4.67660923426444351e-05
0  6  3.60207419609043748e-05
0  7  5.73450392666570720e-05
1  0  3.53463676659914258e-05
1  1  1.41448963612626790e-05
1  2  2.12947940962379540e-05
1  3  -1.67152716877037761e-05
1  4  6.36966193624913205e-06
1  5  1.87148375657397704e-05
1  6  1.44147672175945761e-05
1  7  2.29483166396145030e-05
2  0  5.32130884718634347e-05
2  1  2.12947940962379574e-05
2  2  3.20587895463866684e-05
2  3  -2.51644310259586297e-05
2  4  9.58936961648839744e-06
2  5  2.81747283492568374e-05
2  6  2.17010780428564395e-05
2  7  3.45481271276164328e-05
3  0  -4.17694215369827823e-05
3  1  -1.67152716877037863e-05
3  2  -2.51644310259586264e-05
3  3  1.97527292146812433e-05
3  4  -7.52714103404891688e-06
3  5  -2.21156512223932657e-05
3  6  -1.70341828036971605e-05
3  7  -2.71184275663627475e-05
4  0  1.59170068805392464e-05
4  1  6.36966193624913205e-06
4  2  9.58936961648839744e-06
4  3  -7.52714103404892281e-06
4  4  2.86835563484321128e-06
4  5  8.42757595679807870e-06
4  6  6.49118888684509866e-06
4  7  1.03339759632778664e-05
5  0  4.67660923426444351e-05
5  1  1.87148375657397670e-05
5  2  2.81747283492568374e-05
5  3  -2.21156512223932691e-05
5  4  8.42757595679807701e-06
5  5  2.47612379876609356e-05
5  6  1.90718984526480753e-05
5  7  3.03624719014350140e-05
6  0  3.60207419609043613e-05
6  1  1.44147672175945761e-05
6  2  2.17010780428564361e-05
6  3  -1.70341828036971571e-05
6  4  6.49118888684509866e-06
6  5  1.90718984526480753e-05
6  6  1.46897869472188061e-05
6  7  2.33861481871024537e-05
7  0  5.73450392666570720e-05
7  1  2.29483166396145030e-05
7  2  3.45481271276164328e-05
7  3  -2.71184275663627407e-05
7  4  1.03339759632778647e-05
7  5  3.03624719014350174e-05
7  6  2.33861481871024503e-05
7  7  3.72307596423419372e-05
