numXbins 8
numYbins 8
xbin  ybin  z
0  0  2.70904754982972777e-03
0  1  1.04573935964458100e-03
0  2  9.04866902852205696e-04
0  3  4.92096809493131407e-04
0  4  1.40634292362817816e-03
0  5  1.29423687877842615e-03
0  6  1.05723877835355484e-03
0  7  1.28089448854836634e-03
1  0  1.04573935964458100e-03
1  1  5.43739464831547174e-04
1  2  4.51803113684508446e-04
1  3  4.24317682775817286e-04
1  4  5.23392563737333527e-04
1  5  6.33185364870197291e-04
1  6  5.64745224967599523e-04
1  7  6.96849758466094220e-04
2  0  9.04866902852206022e-04
2  1  4.51803113684508229e-04
2  2  4.95205406913289820e-04
2  3  3.40632924416510625e-04
2  4  4.51646094603465190e-04
2  5  6.00547415082209918e-04
2  6  4.93314239223477846e-04
2  7  5.97367087969928015e-04
3  0  4.92096809493131298e-04
3  1  4.24317682775817177e-04
3  2  3.40632924416511059e-04
3  3  7.76730171661736799e-04
3  4  2.22408315411925042e-04
3  5  4.30028613840100112e-04
3  6  4.42889728508168688e-04
3  7  5.54841482620494169e-04
4  0  1.40634292362817816e-03
4  1  5.23392563737333201e-04
4  2  4.51646094603464865e-04
4  3  2.22408315411925394e-04
4  4  1.14974504875872555e-03
4  5  7.68326030352563076e-04
4  6  5.82859070981135924e-04
4  7  7.66797792121561429e-04
5  0  1.29423687877842637e-03
5  1  6.33185364870197291e-04
5  2  6.00547415082210026e-04
5  3  4.30028613840100112e-04
5  4  7.68326030352562968e-04
5  5  8.36610213120161060e-04
5  6  6.82169285443749089e-04
5  7  8.46753595652942228e-04
6  0  1.05723877835355506e-03
6  1  5.64745224967599523e-04
6  2  4.93314239223478172e-04
6  3  4.42889728508168905e-04
6  4  5.82859070981135924e-04
6  5  6.82169285443749414e-04
6  6  6.08368777327096652e-04
6  7  7.47401841472307925e-04
7  0  1.28089448854836700e-03
7  1  6.96849758466094329e-04
7  2  5.97367087969928232e-04
7  3  5.54841482620494278e-04
7  4  7.66797792121561321e-04
7  5  8.46753595652942445e-04
7  6  7.47401841472307709e-04
7  7  9.60319969781719398e-04
