numXbins 8
numYbins 8
xbin  ybin  z
0  0  9.60598323285288443e-07
0  1  2.33418238499658299e-07
0  2  4.88680792025332923e-06
0  3  3.37041342306133794e-06
0  4  5.87320654655947519e-06
0  5  2.91840938002416756e-06
0  6  1.55923538139398568e-06
0  7  2.15820558558525294e-06
1  0  2.33418238499667749e-07
1  1  5.67188935724505965e-08
1  2  1.18745793010610965e-06
1  3  8.18985360640642735e-07
1  4  1.42714545009198500e-06
1  5  7.09151744483959680e-07
1  6  3.78882585268935524e-07
1  7  5.24427884055177254e-07
2  0  4.88680792025331059e-06
2  1  1.18745793010608169e-06
2  2  2.48604344506630627e-05
2  3  1.71461500723989402e-05
2  4  2.98784950725827767e-05
2  5  1.48466905751700138e-05
2  6  7.93222684927842771e-06
2  7  1.09793405771339534e-05
3  0  3.37041342306134514e-06
3  1  8.18985360640652688e-07
3  2  1.71461500723989572e-05
3  3  1.18256365506671601e-05
3  4  2.06070880003576564e-05
3  5  1.02397078050076739e-05
3  6  5.47082764124473407e-06
3  7  7.57241075593903583e-06
4  0  5.87320654655950822e-06
4  1  1.42714545009199305e-06
4  2  2.98784950725828004e-05
4  3  2.06070880003576632e-05
4  4  3.59094475832277891e-05
4  5  1.78434842751731600e-05
4  6  9.53334107258344029e-06
4  7  1.31955124913497084e-05
5  0  2.91840938002418408e-06
5  1  7.09151744483972174e-07
5  2  1.48466905751700324e-05
5  3  1.02397078050076739e-05
5  4  1.78434842751731125e-05
5  5  8.86646697475405795e-06
5  6  4.73713835681386202e-06
5  7  6.55687947013207798e-06
6  0  1.55923538139399330e-06
6  1  3.78882585268938065e-07
6  2  7.93222684927844126e-06
6  3  5.47082764124473238e-06
6  4  9.53334107258344198e-06
6  5  4.73713835681385778e-06
6  6  2.53093818264851129e-06
6  7  3.50318174391322786e-06
7  0  2.15820558558524913e-06
7  1  5.24427884055166560e-07
7  2  1.09793405771339720e-05
7  3  7.57241075593903244e-06
7  4  1.31955124913497219e-05
7  5  6.55687947013206442e-06
7  6  3.50318174391321854e-06
7  7  4.84890639171775990e-06
