numXbins 5
numYbins 5
xbin  ybin  z
0  0  3.50918751122872969e-04
0  1  5.71896728146969723e-05
0  2  8.79555899669203222e-05
0  3  1.24448051043359411e-04
0  4  1.40543000690383188e-04
1  0  5.71896728146969519e-05
1  1  1.60479747157012935e-05
1  2  1.91097408703701725e-05
1  3  2.98400212826240757e-05
1  4  5.13579659282834607e-05
2  0  8.79555899669203222e-05
2  1  1.91097408703701792e-05
2  2  3.28960303292906856e-05
2  3  3.97523550940503771e-05
2  4  6.02101000828887551e-05
3  0  1.24448051043359384e-04
3  1  2.98400212826240893e-05
3  2  3.97523550940504043e-05
3  3  6.44101017686977728e-05
3  4  9.59734780170211729e-05
4  0  1.40543000690383080e-04
4  1  5.13579659282834472e-05
4  2  6.02101000828888296e-05
4  3  9.59734780170211458e-05
4  4  1.83046899594629470e-04
