numXbins 8
numYbins 8
xbin  ybin  z
0  0  6.73660772194719162e-04
0  1  1.98902230654705338e-04
0  2  1.33268561280679512e-04
0  3  -1.67960826787104727e-05
0  4  4.20856632578833984e-04
0  5  2.31606204716600989e-04
0  6  2.16675333154264994e-04
0  7  2.40578458207759902e-04
1  0  1.98902230654705338e-04
1  1  -5.04062013184104944e-05
1  2  -9.77864721667150166e-05
1  3  -1.97076029613166054e-04
1  4  1.27011290613761037e-04
1  5  -8.25597655134908064e-05
1  6  -4.03519182570293475e-05
1  7  -8.27966179471062842e-05
2  0  1.33268561280679512e-04
2  1  -9.77864721667150166e-05
2  2  -1.45956837298109952e-04
2  3  -2.44733223745169706e-04
2  4  8.67137560500165868e-05
2  5  -1.43853894724136190e-04
2  6  -8.82304911278231980e-05
2  7  -1.45705383183199921e-04
3  0  -1.67960826787107200e-05
3  1  -1.97076029613166189e-04
3  2  -2.44733223745169815e-04
3  3  -3.37781595655101249e-04
3  4  -5.65030504231812462e-06
3  5  -2.71492564942952738e-04
3  6  -1.89057548290643291e-04
3  7  -2.76796680574387804e-04
4  0  4.20856632578833984e-04
4  1  1.27011290613761037e-04
4  2  8.67137560500165868e-05
4  3  -5.65030504231800010e-06
4  4  2.62852756935572324e-04
4  5  1.48496372632748194e-04
4  6  1.37993532493534257e-04
4  7  1.54174362693139470e-04
5  0  2.31606204716600989e-04
5  1  -8.25597655134908064e-05
5  2  -1.43853894724136190e-04
5  3  -2.71492564942952738e-04
5  4  1.48496372632748194e-04
5  5  -1.29143172327481840e-04
5  6  -6.98011927609940204e-05
5  7  -1.30050081417931469e-04
6  0  2.16675333154264994e-04
6  1  -4.03519182570293475e-05
6  2  -8.82304911278231980e-05
6  3  -1.89057548290643291e-04
6  4  1.37993532493534257e-04
6  5  -6.98011927609940204e-05
6  6  -3.00404352053340851e-05
6  7  -6.96742219037629537e-05
7  0  2.40578458207759414e-04
7  1  -8.27966179471065417e-05
7  2  -1.45705383183199921e-04
7  3  -2.76796680574387804e-04
7  4  1.54174362693139226e-04
7  5  -1.30050081417931469e-04
7  6  -6.96742219037629537e-05
7  7  -1.30913809698817053e-04
