numXbins 8
numYbins 8
xbin  ybin  z
0  0  5.46256260436524921e-05
0  1  -4.29604681075999460e-06
0  2  -5.38391967875656966e-06
0  3  -4.63143375818717693e-05
0  4  1.41524613279466485e-04
0  5  3.21357434228100166e-05
0  6  3.93120187133725068e-06
0  7  3.06139924349749999e-05
1  0  -4.29604681075999121e-06
1  1  3.37863737900102565e-07
1  2  4.23419787387455248e-07
1  3  3.64240333103115722e-06
1  4  -1.11302406500098210e-05
1  5  -2.52732404261400201e-06
1  6  -3.09170411123818234e-07
1  7  -2.40764553361467184e-06
2  0  -5.38391967875656712e-06
2  1  4.23419787387460330e-07
2  2  5.30640895248265631e-07
2  3  4.56475635293133471e-06
2  4  -1.39487124569489575e-05
2  5  -3.16730944680209733e-06
2  6  -3.87460550096831787e-07
2  7  -3.01732516867180441e-06
3  0  -4.63143375818717625e-05
3  1  3.64240333103116908e-06
3  2  4.56475635293134488e-06
3  3  3.92676115772742039e-05
3  4  -1.19991644770004705e-04
3  5  -2.72462903791540917e-05
3  6  -3.33306954552983252e-06
3  7  -2.59560737890537757e-05
4  0  1.41524613279466485e-04
4  1  -1.11302406500098040e-05
4  2  -1.39487124569489490e-05
4  3  -1.19991644770004691e-04
4  4  3.66663370556097291e-04
4  5  8.32576025165724477e-05
4  6  1.01849967654360398e-05
4  7  7.93150349771378535e-05
5  0  3.21357434228100369e-05
5  1  -2.52732404261399820e-06
5  2  -3.16730944680209351e-06
5  3  -2.72462903791540917e-05
5  4  8.32576025165724341e-05
5  5  1.89051564280731546e-05
5  6  2.31268918693233960e-06
5  7  1.80099245956838187e-05
6  0  3.93120187133725068e-06
6  1  -3.09170411123817970e-07
6  2  -3.87460550096833005e-07
6  3  -3.33306954552982828e-06
6  4  1.01849967654360516e-05
6  5  2.31268918693234044e-06
6  6  2.82913886256528320e-07
6  7  2.20317446345244746e-06
7  0  3.06139924349749999e-05
7  1  -2.40764553361466421e-06
7  2  -3.01732516867180145e-06
7  3  -2.59560737890537689e-05
7  4  7.93150349771378535e-05
7  5  1.80099245956838187e-05
7  6  2.20317446345244661e-06
7  7  1.71570854320233621e-05
