numXbins 5
numYbins 5
xbin  ybin  z
0  0  9.65714538924936799e-04
0  1  7.34904062257110650e-06
0  2  -1.60561324012354771e-04
0  3  -2.09006520671719821e-04
0  4  -6.03495734863431508e-04
1  0  7.34904062257135468e-06
1  1  1.13505190436870271e-04
1  2  1.98199489072571874e-05
1  3  -2.62788358253582364e-04
1  4  1.22114178286883293e-04
2  0  -1.60561324012355042e-04
2  1  1.98199489072571874e-05
2  2  4.71192529186876445e-04
2  3  -3.72365663658144163e-04
2  4  4.19145095763658301e-05
3  0  -2.09006520671720309e-04
3  1  -2.62788358253581876e-04
3  2  -3.72365663658143675e-04
3  3  9.39313288097647190e-04
3  4  -9.51527455142013432e-05
4  0  -6.03495734863431508e-04
4  1  1.22114178286883293e-04
4  2  4.19145095763643393e-05
4  3  -9.51527455142013432e-05
4  4  5.34619792514379275e-04
