numXbins 5
numYbins 5
xbin  ybin  z
0  0  4.21515974624217708e-05
0  1  6.29416339405502559e-06
0  2  1.01852553868140879e-05
0  3  7.78931906947250774e-06
0  4  1.11351796994316207e-05
1  0  6.29416339405502814e-06
1  1  9.71117197215946735e-07
1  2  1.59122133685365294e-06
1  3  1.26971112255773414e-06
1  4  1.86001053155859256e-06
2  0  1.01852553868140896e-05
2  1  1.59122133685365315e-06
2  2  2.61937168664923705e-06
2  3  2.12201222365574808e-06
2  4  3.13454536001958173e-06
3  0  7.78931906947250943e-06
3  1  1.26971112255773414e-06
3  2  2.12201222365574850e-06
3  3  1.80289067645791489e-06
3  4  2.73042514626928077e-06
4  0  1.11351796994316191e-05
4  1  1.86001053155859235e-06
4  2  3.13454536001958131e-06
4  3  2.73042514626928077e-06
4  4  4.18664292187609806e-06
