numXbins 5
numYbins 5
xbin  ybin  z
0  0  2.49210879720018560e-05
0  1  3.51175424540637880e-06
0  2  5.18526444303324436e-06
0  3  2.64142223064553756e-06
0  4  4.40467912012938260e-06
1  0  3.51175424540637880e-06
1  1  5.36419731003838183e-07
1  2  7.94128313066344226e-07
1  3  4.11031214845488176e-07
1  4  8.12437627747490650e-07
2  0  5.18526444303324267e-06
2  1  7.94128313066344014e-07
2  2  1.17574217912882168e-06
2  3  6.08849050427050028e-07
2  4  1.20919876891105803e-06
3  0  2.64142223064553925e-06
3  1  4.11031214845488388e-07
3  2  6.08849050427050663e-07
3  3  3.16219146972255474e-07
3  4  6.45942701317612715e-07
4  0  4.40467912012938429e-06
4  1  8.12437627747490650e-07
4  2  1.20919876891105824e-06
4  3  6.45942701317612715e-07
4  4  1.66320458290867123e-06
