numXbins 8
numYbins 8
xbin  ybin  z
0  0  5.18077522825660708e+00
0  1  -1.95817320197265587e+00
0  2  -5.04959930156292369e-02
0  3  -2.28611741294798865e+00
0  4  -1.30728395778207407e+00
0  5  2.03103835686603107e+00
0  6  -1.14812717550801002e+00
0  7  2.51886982436711371e+00
1  0  6.53326210726208667e-01
1  1  5.10694397389701571e-01
1  2  -1.57701938155365506e+00
1  3  2.33239078408124856e-01
1  4  -1.88183752026928963e+00
1  5  1.81662032124565065e+00
1  6  -6.38670591510790864e-01
1  7  2.20975038033665161e+00
2  0  4.38358210253049885e-01
2  1  -3.30410357628983498e+00
2  2  4.64853720973745332e+00
2  3  -1.50875218937373190e+00
2  4  -1.60499870425302826e+00
2  5  1.39785964911568161e+00
2  6  -4.57338697064216315e-01
2  7  1.81246322107418911e+00
3  0  2.85803409541844300e-01
3  1  -1.44940717989647472e+00
3  2  -2.29803648489808410e+00
3  3  6.53492991814645130e+00
3  4  -1.91769144184433671e+00
3  5  4.91178695942925181e-01
3  6  -1.77911220779707580e+00
3  7  2.34031994166688095e+00
4  0  2.10625377512630163e-01
4  1  -1.59116957725138120e+00
4  2  -6.87026950628915944e-01
4  3  -1.84123949500559836e+00
4  4  3.76095376238696844e+00
4  5  -5.91571273895944882e-01
4  6  1.84873657025968852e+00
4  7  3.04464969196332147e-01
5  0  4.65463567819817819e-02
5  1  -1.12278568394350042e+00
5  2  -1.13651681301243979e-01
5  3  -1.03839464739434462e+00
5  4  -1.81252760126723445e+00
5  5  4.40919880619915538e+00
5  6  -5.52405061270707654e-01
5  7  1.31728577996548113e+00
6  0  -5.07308501355250574e-02
6  1  -5.71815712906824314e-01
6  2  2.44768400726094737e-02
6  3  -5.39320304503498327e-01
6  4  -1.00504745020223796e+00
6  5  7.41165439486862643e-01
6  6  8.10327377057259213e-01
6  7  2.10050345065775712e+00
7  0  -1.13970274591004728e-01
7  1  -5.79795914706046744e-01
7  2  7.57131476827362371e-02
7  3  -5.19240621979996209e-01
7  4  -1.09700894081028322e+00
7  5  2.28776050072426296e-01
7  6  -5.26394593013048251e-01
7  7  4.19333305061512540e+00
