numXbins 5
numYbins 5
xbin  ybin  z
0  0  6.11927156569259534e+00
0  1  -2.82762466836609327e+00
0  2  -1.23034683451513760e+00
0  3  -2.04257764698639876e-02
0  4  1.22079544452473576e+00
1  0  6.50782909603579318e-01
1  1  4.94404147466884769e-01
1  2  -1.49284442442472520e+00
1  3  -1.16665893039493018e+00
1  4  1.46962137688415440e+00
2  0  7.77404598358423571e-01
2  1  -6.84752056477922633e+00
2  2  5.55824369547186681e+00
2  3  -1.54975434045991478e+00
2  4  1.22448108364113573e+00
3  0  3.75132449383555333e-01
3  1  -4.07543153224048726e+00
3  2  -2.06799369176878578e+00
3  3  4.71142219774301463e+00
3  4  1.08719465172735341e+00
4  0  9.87790708114340277e-03
4  1  -3.92001065866411924e+00
4  2  -2.83407962776888045e+00
4  3  -4.33218127990656066e-01
4  4  5.01159037898207504e+00
