numXbins 5
numYbins 5
xbin  ybin  z
0  0  9.94784546026494354e-01
0  1  -2.64976030564866960e-01
0  2  -4.62855773977935314e-01
0  3  4.83508277306100354e-01
0  4  -1.78351273701991886e-01
1  0  1.88640373860835098e-01
1  1  1.52357664192095399e-01
1  2  6.43319873197469860e-02
1  3  1.93856208090437576e-01
1  4  -7.67443361210098374e-02
2  0  1.25899584891158156e-01
2  1  5.53401583456434309e-02
2  2  2.10481664747931063e-01
2  3  3.13412892683118116e-01
2  4  -8.70844649725768249e-02
3  0  1.32425485033309087e-01
3  1  -6.34451828664168715e-02
3  2  -2.58554321655537933e-01
3  3  9.84738933409971651e-01
3  4  -1.26280638609387097e-01
4  0  2.69947426393628120e-01
4  1  -9.23638804815709591e-02
4  2  -1.63189179264008999e-01
4  3  4.19779486197512597e-01
4  4  8.91173359486856498e-02
