numXbins 5
numYbins 5
xbin  ybin  z
0  0  1.21739237263981283e-04
0  1  4.07711239500234898e-05
0  2  3.70004168875271355e-05
0  3  4.79407776239759657e-05
0  4  4.82445832637577884e-05
1  0  4.07711239500234898e-05
1  1  1.81250455728283108e-05
1  2  1.82032896912245491e-05
1  3  2.21728972787562975e-05
1  4  2.13567755669900383e-05
2  0  3.70004168875271355e-05
2  1  1.82032896912245491e-05
2  2  1.89756301882302641e-05
2  3  2.31448222241723543e-05
2  4  2.14555927671404132e-05
3  0  4.79407776239759793e-05
3  1  2.21728972787563009e-05
3  2  2.31448222241723543e-05
3  3  2.98493614978804937e-05
3  4  2.65988568778510518e-05
4  0  4.82445832637577951e-05
4  1  2.13567755669900383e-05
4  2  2.14555927671404166e-05
4  3  2.65988568778510518e-05
4  4  2.80323836351014817e-05
