numXbins 5
numYbins 5
xbin  ybin  z
0  0  8.09591253771641275e-06
0  1  5.93536840407216309e-06
0  2  5.10621966687706821e-06
0  3  2.98746895719813639e-06
0  4  6.13839822924690481e-06
1  0  5.93536840407216139e-06
1  1  4.53125524033553302e-06
1  2  3.78860610365317489e-06
1  3  1.95187693606522925e-06
1  4  5.46849953652128805e-06
2  0  5.10621966687706905e-06
2  1  3.78860610365317489e-06
2  2  3.23187054337652087e-06
2  3  1.82451105071819280e-06
2  4  4.11425579984084876e-06
3  0  2.98746895719812707e-06
3  1  1.95187693606522713e-06
3  2  1.82451105071819237e-06
3  3  1.41823195114712157e-06
3  4  9.82041101639459048e-07
4  0  6.13839822924690057e-06
4  1  5.46849953652128720e-06
4  2  4.11425579984084792e-06
4  3  9.82041101639460954e-07
4  4  9.86688328393316599e-06
