numXbins 5
numYbins 5
xbin  ybin  z
0  0  4.14636634435247327e-10
0  1  -2.89015720567264472e-08
0  2  3.71289129192870674e-08
0  3  -2.33254515856038913e-08
0  4  -1.45248301545114338e-07
1  0  -2.89015720567058835e-08
1  1  2.01453706202453846e-06
1  2  -2.58801047229510153e-06
1  3  1.62586265603242593e-06
1  4  1.01242965636806072e-05
2  0  3.71289129192826801e-08
2  1  -2.58801047229510831e-06
2  2  3.32473317615616299e-06
2  3  -2.08869305988185016e-06
2  4  -1.30063556661970322e-05
3  0  -2.33254515855760584e-08
3  1  1.62586265603241513e-06
3  2  -2.08869305988185397e-06
3  3  1.31217708828065718e-06
3  4  8.17096692425367543e-06
4  0  -1.45248301545111770e-07
4  1  1.01242965636806038e-05
4  2  -1.30063556661970338e-05
4  3  8.17096692425366527e-06
4  4  5.08808613361249091e-05
