numXbins 5
numYbins 5
xbin  ybin  z
0  0  5.44249847011375656e-04
0  1  2.21547360235100184e-04
0  2  2.05131542272758840e-04
0  3  2.15988635833409273e-04
0  4  1.99250358433715181e-04
1  0  2.21547360235100184e-04
1  1  1.13086554225174944e-04
1  2  1.16538735772670277e-04
1  3  1.35296962695444602e-04
1  4  1.18195331073969606e-04
2  0  2.05131542272758840e-04
2  1  1.16538735772670250e-04
2  2  1.26389261694555592e-04
2  3  1.53657614162242028e-04
2  4  1.27656653333700534e-04
3  0  2.15988635833409300e-04
3  1  1.35296962695444548e-04
3  2  1.53657614162242055e-04
3  3  2.02699579985173202e-04
3  4  1.62483374174670763e-04
4  0  1.99250358433715209e-04
4  1  1.18195331073969593e-04
4  2  1.27656653333700507e-04
4  3  1.62483374174670709e-04
4  4  1.90587478061081915e-04
