numXbins 5
numYbins 5
xbin  ybin  z
0  0  -2.60131056732943074e-03
0  1  -5.63015115423050067e-04
0  2  -3.31601209472100254e-04
0  3  4.05137108196980855e-04
0  4  -2.44375558330856663e-04
1  0  -5.63015115423052127e-04
1  1  -4.79517537207819837e-05
1  2  3.94802210547621498e-05
1  3  3.17898476720889541e-04
1  4  9.38969703328495895e-05
2  0  -3.31601209472101230e-04
2  1  3.94802210547626445e-05
2  2  1.25197327919361357e-04
2  3  3.98189626040837191e-04
2  4  1.89812733898824150e-04
3  0  4.05137108196980855e-04
3  1  3.17898476720890029e-04
3  2  3.98189626040837191e-04
3  3  6.54014545686648066e-04
3  4  4.95305810427728427e-04
4  0  -2.44375558330854658e-04
4  1  9.38969703328505789e-05
4  2  1.89812733898824665e-04
4  3  4.95305810427728427e-04
4  4  2.68592320550494737e-04
