numXbins 5
numYbins 5
xbin  ybin  z
0  0  2.20115862828680576e-04
0  1  1.86278923007797290e-04
0  2  2.04798021330619928e-04
0  3  2.33370426605297769e-04
0  4  1.24981677793057142e-04
1  0  1.86278923007797263e-04
1  1  1.57643509699944857e-04
1  2  1.73315790862779023e-04
1  3  1.97495951319691756e-04
1  4  1.05769080137211682e-04
2  0  2.04798021330619955e-04
2  1  1.73315790862778996e-04
2  2  1.90546146933450719e-04
2  3  2.17130201302421567e-04
2  4  1.16284214984182786e-04
3  0  2.33370426605297824e-04
3  1  1.97495951319691783e-04
3  2  2.17130201302421594e-04
3  3  2.47423131227607319e-04
3  4  1.32507612534552943e-04
4  0  1.24981677793057142e-04
4  1  1.05769080137211682e-04
4  2  1.16284214984182772e-04
4  3  1.32507612534552916e-04
4  4  7.09645346920096830e-05
