numXbins 5
numYbins 5
xbin  ybin  z
0  0  4.98284681411730533e-06
0  1  2.50559473871966202e-06
0  2  2.84444566578303218e-06
0  3  3.31323357164770980e-06
0  4  -2.24337402110232293e-06
1  0  2.50559473871966202e-06
1  1  1.26004684361297804e-06
1  2  1.43039626800809288e-06
1  3  1.66610311508322077e-06
1  4  -1.12817203025293444e-06
2  0  2.84444566578303133e-06
2  1  1.43039626800809288e-06
2  2  1.62380152133417941e-06
2  3  1.89139412538504570e-06
2  4  -1.28069554774169944e-06
3  0  3.31323357164770980e-06
3  1  1.66610311508322119e-06
3  2  1.89139412538504655e-06
3  3  2.20309380637454008e-06
3  4  -1.49173566136953858e-06
4  0  -2.24337402110232293e-06
4  1  -1.12817203025293465e-06
4  2  -1.28069554774169944e-06
4  3  -1.49173566136953858e-06
4  4  1.01009932736560871e-06
