numXbins 5
numYbins 5
xbin  ybin  z
0  0  1.88061716803381571e-04
0  1  1.22086193384558729e-04
0  2  1.04706305379581401e-04
0  3  2.80036064160755946e-05
0  4  8.27830498954965988e-05
1  0  1.22086193384558756e-04
1  1  7.92561020312022548e-05
1  2  6.79733997138772124e-05
1  3  1.81794241086956010e-05
1  4  5.37412271370025176e-05
2  0  1.04706305379581428e-04
2  1  6.79733997138772260e-05
2  2  5.82968749440078483e-05
2  3  1.55914463345923023e-05
2  4  4.60907591930221632e-05
3  0  2.80036064160756183e-05
3  1  1.81794241086955874e-05
3  2  1.55914463345922989e-05
3  3  4.16991818237176761e-06
3  4  1.23269317466645222e-05
4  0  8.27830498954966123e-05
4  1  5.37412271370025244e-05
4  2  4.60907591930221564e-05
4  3  1.23269317466645103e-05
4  4  3.64403423859260110e-05
