numXbins 5
numYbins 5
xbin  ybin  z
0  0  5.26950142409203124e-04
0  1  8.98093408944989155e-05
0  2  7.90294396155002851e-05
0  3  2.90316621930181932e-04
0  4  1.83156920890895758e-04
1  0  8.98093408944989155e-05
1  1  3.24195989839933348e-05
1  2  3.39538065717286756e-05
1  3  7.46124891717312756e-05
1  4  3.18835951074519506e-05
2  0  7.90294396155002851e-05
2  1  3.39538065717286756e-05
2  2  4.94620781260993349e-05
2  3  9.62198988436432820e-05
2  4  3.56466911359505574e-05
3  0  2.90316621930181932e-04
3  1  7.46124891717312621e-05
3  2  9.62198988436432684e-05
3  3  3.94114831103096542e-04
3  4  1.65259409375011630e-04
4  0  1.83156920890895758e-04
4  1  3.18835951074519506e-05
4  2  3.56466911359505507e-05
4  3  1.65259409375011630e-04
4  4  9.46761920890970831e-05
