numXbins 5
numYbins 5
xbin  ybin  z
0  0  7.92274601347578840e-05
0  1  3.07492483718936288e-05
0  2  2.83244616917303064e-05
0  3  3.71991860533544796e-05
0  4  5.02505461339678239e-05
1  0  3.07492483718936288e-05
1  1  1.19706926554240117e-05
1  2  1.10591548497530088e-05
1  3  1.44978374858400939e-05
1  4  1.91711549356544109e-05
2  0  2.83244616917303199e-05
2  1  1.10591548497530139e-05
2  2  1.02457636709379449e-05
2  3  1.34082013158438926e-05
2  4  1.73645381199722052e-05
3  0  3.71991860533544863e-05
3  1  1.44978374858401024e-05
3  2  1.34082013158438807e-05
3  3  1.75656438596416130e-05
3  4  2.30453721158582453e-05
4  0  5.02505461339678442e-05
4  1  1.91711549356544143e-05
4  2  1.73645381199722018e-05
4  3  2.30453721158582487e-05
4  4  3.48877649501935810e-05
