numXbins 5
numYbins 5
xbin  ybin  z
0  0  1.16255746215641068e-04
0  1  1.44757086618183949e-05
0  2  9.41207739745083680e-06
0  3  1.94523295211301796e-05
0  4  4.76758917063026353e-05
1  0  1.44757086618184017e-05
1  1  1.80245835653714915e-06
1  2  1.17195489034376622e-06
1  3  2.42212762902282523e-06
1  4  5.93641468055012622e-06
2  0  9.41207739745083172e-06
2  1  1.17195489034376495e-06
2  2  7.62002772501978265e-07
2  3  1.57486263667337313e-06
2  4  3.85984518907016927e-06
3  0  1.94523295211301863e-05
3  1  2.42212762902282523e-06
3  2  1.57486263667337292e-06
3  3  3.25483372750244110e-06
3  4  7.97730164635890405e-06
4  0  4.76758917063026421e-05
4  1  5.93641468055012453e-06
4  2  3.85984518907017012e-06
4  3  7.97730164635890405e-06
4  4  1.95516413079054174e-05
