numXbins 5
numYbins 5
xbin  ybin  z
0  0  1.34071966965379117e-04
0  1  4.87962034053290638e-05
0  2  4.13893363953042172e-05
0  3  3.22180045970093802e-05
0  4  2.62258055640952615e-05
1  0  4.87962034053290638e-05
1  1  1.77675566550628828e-05
1  2  1.50770336054923867e-05
1  3  1.17457492257127056e-05
1  4  9.56266551120320308e-06
2  0  4.13893363953042240e-05
2  1  1.50770336054923867e-05
2  2  1.27991805847042461e-05
2  3  9.97898871920702156e-06
2  4  8.12549552817017934e-06
3  0  3.22180045970093802e-05
3  1  1.17457492257127056e-05
3  2  9.97898871920701817e-06
3  3  7.79178963165142579e-06
3  4  6.34635353041787832e-06
4  0  2.62258055640952514e-05
4  1  9.56266551120320308e-06
4  2  8.12549552817017934e-06
4  3  6.34635353041788086e-06
4  4  5.16933837403684283e-06
