numXbins 5
numYbins 5
xbin  ybin  z
0  0  3.98170837996034005e-06
0  1  2.26964228029611584e-06
0  2  2.70807141837318645e-06
0  3  3.49981005202741335e-06
0  4  -1.43705582251643622e-06
1  0  2.26964228029611541e-06
1  1  1.31872994554107942e-06
1  2  1.58622968235850081e-06
1  3  2.08000587766615078e-06
1  4  -7.81508841659616577e-07
2  0  2.70807141837318603e-06
2  1  1.58622968235850060e-06
2  2  1.91438070840652388e-06
2  3  2.52522098755841154e-06
2  4  -9.13260461240373489e-07
3  0  3.49981005202741292e-06
3  1  2.08000587766615078e-06
3  2  2.52522098755841154e-06
3  3  3.36566203573511771e-06
3  4  -1.13505574841548950e-06
4  0  -1.43705582251643600e-06
4  1  -7.81508841659616365e-07
4  2  -9.13260461240373278e-07
4  3  -1.13505574841548907e-06
4  4  5.75329771442716296e-07
