numXbins 5
numYbins 5
xbin  ybin  z
0  0  1.03808275432914790e-04
0  1  6.33259987605685467e-05
0  2  7.61402813073239920e-05
0  3  1.07889418304061308e-04
0  4  7.27836303470463401e-05
1  0  6.33259987605685467e-05
1  1  3.86306592831808855e-05
1  2  4.64477358822216248e-05
1  3  6.58156119183070604e-05
1  4  4.44000833837695767e-05
2  0  7.61402813073240597e-05
2  1  4.64477358822216316e-05
2  2  5.58466308527100233e-05
2  3  7.91336781725411305e-05
2  4  5.33846272475041158e-05
3  0  1.07889418304061308e-04
3  1  6.58156119183070604e-05
3  2  7.91336781725411170e-05
3  3  1.12131008182590037e-04
3  4  7.56450630496729705e-05
4  0  7.27836303470463130e-05
4  1  4.44000833837695700e-05
4  2  5.33846272475041022e-05
4  3  7.56450630496729434e-05
4  4  5.10311612865481089e-05
