numXbins 5
numYbins 5
xbin  ybin  z
0  0  3.42005316877640822e-06
0  1  2.42127630438678873e-06
0  2  3.07207448765887737e-06
0  3  4.07780589525654685e-06
0  4  -6.73166879919857233e-07
1  0  2.42127630438678830e-06
1  1  2.06768637498931080e-06
1  2  2.74733685432391133e-06
1  3  3.81415439961404437e-06
1  4  -2.13567733093798008e-08
2  0  3.07207448765887694e-06
2  1  2.74733685432391176e-06
2  2  3.68638496809611969e-06
2  3  5.16428730437058406e-06
2  4  1.32440654855105863e-07
3  0  4.07780589525654685e-06
3  1  3.81415439961404437e-06
3  2  5.16428730437058321e-06
3  3  7.29403081873725043e-06
3  4  3.91361638983554956e-07
4  0  -6.73166879919857233e-07
4  1  -2.13567733093799199e-08
4  2  1.32440654855105731e-07
4  3  3.91361638983554744e-07
4  4  7.18698541244401508e-07
