numXbins 5
numYbins 5
xbin  ybin  z
0  0  1.78207287862109844e-05
0  1  7.78019658457067231e-06
0  2  7.76593989949138122e-06
0  3  8.31034145805004537e-06
0  4  9.51535156008749176e-06
1  0  7.78019658457066892e-06
1  1  3.39668818378528513e-06
1  2  3.39046398196436827e-06
1  3  3.62813951125082499e-06
1  4  4.15422436404871270e-06
2  0  7.76593989949137614e-06
2  1  3.39046398196436657e-06
2  2  3.38425118557315352e-06
2  3  3.62149119049525168e-06
2  4  4.14661202831102398e-06
3  0  8.31034145805004537e-06
3  1  3.62813951125082372e-06
3  2  3.62149119049525295e-06
3  3  3.87536199994373033e-06
3  4  4.43729442866007792e-06
4  0  9.51535156008749176e-06
4  1  4.15422436404871185e-06
4  2  4.14661202831102482e-06
4  3  4.43729442866007792e-06
4  4  5.08070777566164481e-06
