numXbins 5
numYbins 5
xbin  ybin  z
0  0  4.66148084961229536e-05
0  1  8.00025750048135259e-06
0  2  7.23151289688229272e-06
0  3  2.59975415146867143e-05
0  4  1.62069474603238609e-05
1  0  8.00025750048135259e-06
1  1  2.94187446196235029e-06
1  2  3.07419535340466927e-06
1  3  6.78319799211748944e-06
1  4  2.83715932648150072e-06
2  0  7.23151289688229272e-06
2  1  3.07419535340466927e-06
2  2  4.44808768712118219e-06
2  3  8.84608034776492990e-06
2  4  3.25311158844135576e-06
3  0  2.59975415146867177e-05
3  1  6.78319799211749029e-06
3  2  8.84608034776492990e-06
3  3  3.55812036372092784e-05
3  4  1.48349695316238999e-05
4  0  1.62069474603238609e-05
4  1  2.83715932648150072e-06
4  2  3.25311158844135576e-06
4  3  1.48349695316238999e-05
4  4  8.46412979783150384e-06
