numXbins 5
numYbins 5
xbin  ybin  z
0  0  4.80368959881973586e-03
0  1  2.16487371896197361e-03
0  2  2.18880807232139148e-03
0  3  2.33712984198178406e-03
0  4  2.58785547901466215e-03
1  0  2.16487371896197491e-03
1  1  9.84171975436437182e-04
1  2  9.98358102241476107e-04
1  3  1.06928894905486990e-03
1  4  1.17762905152508143e-03
2  0  2.18880807232139192e-03
2  1  9.98358102241475674e-04
2  2  1.01483966958234380e-03
2  3  1.09105418833113947e-03
2  4  1.19647563731883205e-03
3  0  2.33712984198178580e-03
3  1  1.06928894905486990e-03
3  2  1.09105418833113947e-03
3  3  1.19186885514594365e-03
3  4  1.28866925613772983e-03
4  0  2.58785547901466345e-03
4  1  1.17762905152508186e-03
4  2  1.19647563731883249e-03
4  3  1.28866925613773005e-03
4  4  1.41343734738665853e-03
