numXbins 5
numYbins 5
xbin  ybin  z
0  0  2.59827476394006491e-06
0  1  1.29050992550552078e-06
0  2  1.53846236488083848e-06
0  3  1.87326163535158049e-06
0  4  -1.51056953557690621e-06
1  0  1.29050992550551993e-06
1  1  6.47003333432621155e-07
1  2  7.54503648746603147e-07
1  3  9.01604807417834941e-07
1  4  -6.81889665121969120e-07
2  0  1.53846236488083806e-06
2  1  7.54503648746603253e-07
2  2  9.26273503226249856e-07
2  3  1.15510074438774618e-06
2  4  -1.00343931760738149e-06
3  0  1.87326163535157943e-06
3  1  9.01604807417835259e-07
3  2  1.15510074438774660e-06
3  3  1.48808367070938315e-06
3  4  -1.41553386260312246e-06
4  0  -1.51056953557690621e-06
4  1  -6.81889665121969015e-07
4  2  -1.00343931760738149e-06
4  3  -1.41553386260312224e-06
4  4  1.65317389715379871e-06
