numXbins 5
numYbins 5
xbin  ybin  z
0  0  8.69593204568402752e-06
0  1  -4.25392066688029365e-06
0  2  2.09625596763922403e-05
0  3  2.85644734035511856e-05
0  4  1.54379919001792052e-05
1  0  -4.25392066688028942e-06
1  1  2.08095474355650521e-06
1  2  -1.02545725253654416e-05
1  3  -1.39733156965304543e-05
1  4  -7.55203610772201562e-06
2  0  2.09625596763922505e-05
2  1  -1.02545725253654450e-05
2  2  5.05326980337206859e-05
2  3  6.88579987977079469e-05
2  4  3.72150822696212390e-05
3  0  2.85644734035512025e-05
3  1  -1.39733156965304593e-05
3  2  6.88579987977079469e-05
3  3  9.38288312898150978e-05
3  4  5.07108503976608666e-05
4  0  1.54379919001792119e-05
4  1  -7.55203610772203087e-06
4  2  3.72150822696212187e-05
4  3  5.07108503976608598e-05
4  4  2.74072511903181120e-05
