numXbins 5
numYbins 5
xbin  ybin  z
0  0  1.18452489584872731e-02
0  1  4.56029423573063759e-03
0  2  4.51545110445591719e-03
0  3  4.37448107736930145e-03
0  4  5.07834026451847373e-03
1  0  4.56029423573063759e-03
1  1  1.75566453599417731e-03
1  2  1.73840040977944798e-03
1  3  1.68412845617282847e-03
1  4  1.95510671970882148e-03
2  0  4.51545110445591719e-03
2  1  1.73840040977944798e-03
2  2  1.72130604837334106e-03
2  3  1.66756777180910340e-03
2  4  1.93588140161398163e-03
3  0  4.37448107736930145e-03
3  1  1.68412845617282847e-03
3  2  1.66756777180910340e-03
3  3  1.61550717619580618e-03
3  4  1.87544419449802054e-03
4  0  5.07834026451847373e-03
4  1  1.95510671970882148e-03
4  2  1.93588140161398163e-03
4  3  1.87544419449802054e-03
4  4  2.17720538695398425e-03
