numXbins 5
numYbins 5
xbin  ybin  z
0  0  1.33568711494272060e-04
0  1  4.88928295981950299e-05
0  2  4.16932641306817111e-05
0  3  3.27833661386770699e-05
0  4  2.67228515898267990e-05
1  0  4.88928295981950299e-05
1  1  1.78977089480034606e-05
1  2  1.52625741789097036e-05
1  3  1.20014321685335687e-05
1  4  9.78271492114533029e-06
2  0  4.16932641306817043e-05
2  1  1.52625741789097036e-05
2  2  1.30156528506992414e-05
2  3  1.02349466924540508e-05
2  4  8.34275565406195818e-06
3  0  3.27833661386770631e-05
3  1  1.20014321685335687e-05
3  2  1.02349466924540508e-05
3  3  8.04880680142652293e-06
3  4  6.56071348084389417e-06
4  0  2.67228515898267855e-05
4  1  9.78271492114532859e-06
4  2  8.34275565406195988e-06
4  3  6.56071348084389417e-06
4  4  5.34775333043435486e-06
