numXbins 5
numYbins 5
xbin  ybin  z
0  0  3.12388305284945836e-03
0  1  1.03159981005447924e-03
0  2  1.05663992844588685e-03
0  3  1.00663153912230975e-03
0  4  1.31716108186859531e-03
1  0  1.03159981005447902e-03
1  1  3.40665175392441922e-04
1  2  3.48934172963511586e-04
1  3  3.32419904005755375e-04
1  4  4.34966065911903332e-04
2  0  1.05663992844588642e-03
2  1  3.48934172963511478e-04
2  2  3.57403884683749876e-04
2  3  3.40488763335542138e-04
2  4  4.45524037792591903e-04
3  0  1.00663153912231062e-03
3  1  3.32419904005755429e-04
3  2  3.40488763335542355e-04
3  3  3.24374196604914418e-04
3  4  4.24438387955647660e-04
4  0  1.31716108186859574e-03
4  1  4.34966065911903494e-04
4  2  4.45524037792592012e-04
4  3  4.24438387955647660e-04
4  4  5.55370763321867428e-04
