numXbins 5
numYbins 5
xbin  ybin  z
0  0  7.12829151448439376e-05
0  1  3.11207863382826892e-05
0  2  3.10637595979655249e-05
0  3  3.32413658322001815e-05
0  4  3.80614062403499670e-05
1  0  3.11207863382826757e-05
1  1  1.35867527351411405e-05
1  2  1.35618559278574731e-05
1  3  1.45125580450033000e-05
1  4  1.66168974561948508e-05
2  0  3.10637595979655046e-05
2  1  1.35618559278574663e-05
2  2  1.35370047422926141e-05
2  3  1.44859647619810067e-05
2  4  1.65864481132440959e-05
3  0  3.32413658322001815e-05
3  1  1.45125580450032949e-05
3  2  1.44859647619810118e-05
3  3  1.55014479997749213e-05
3  4  1.77491777146403117e-05
4  0  3.80614062403499670e-05
4  1  1.66168974561948474e-05
4  2  1.65864481132440993e-05
4  3  1.77491777146403117e-05
4  4  2.03228311026465792e-05
