numXbins 5
numYbins 5
xbin  ybin  z
0  0  5.15003954216975945e-05
0  1  9.37830373138449254e-06
0  2  8.73096296015326662e-06
0  3  2.92767843670037603e-05
0  4  1.74315119149022863e-05
1  0  9.37830373138449254e-06
1  1  3.41613467349407441e-06
1  2  3.62646007917514318e-06
1  3  7.95112167459839791e-06
1  4  3.11800851370396729e-06
2  0  8.73096296015326831e-06
2  1  3.62646007917514318e-06
2  2  5.14463425024316388e-06
2  3  1.04392750042371198e-05
2  4  3.64252515171500479e-06
3  0  2.92767843670037570e-05
3  1  7.95112167459839791e-06
3  2  1.04392750042371198e-05
3  3  4.01389349383007296e-05
3  4  1.63115699622490081e-05
4  0  1.74315119149022863e-05
4  1  3.11800851370396729e-06
4  2  3.64252515171500479e-06
4  3  1.63115699622490081e-05
4  4  9.33244539232592739e-06
