numXbins 5
numYbins 5
xbin  ybin  z
0  0  1.59854269121589588e-04
0  1  7.37721871453281085e-05
0  2  7.35920471511997972e-05
0  3  9.28885168894748076e-05
0  4  9.65871502873709155e-05
1  0  7.37721871453280543e-05
1  1  5.19196310645313286e-05
1  2  6.01718240825509546e-05
1  3  8.03077028267625974e-05
1  4  7.73187224008394322e-05
2  0  7.35920471511997837e-05
2  1  6.01718240825509614e-05
2  2  7.28595574624264281e-05
2  3  9.89375201078071558e-05
2  4  9.31610778651549006e-05
3  0  9.28885168894748482e-05
3  1  8.03077028267625974e-05
3  2  9.89375201078071965e-05
3  3  1.41143468587049168e-04
3  4  1.28611820022765639e-04
4  0  9.65871502873708341e-05
4  1  7.73187224008394186e-05
4  2  9.31610778651549142e-05
4  3  1.28611820022765585e-04
4  4  1.23426244158914787e-04
