numXbins 6
numYbins 6
xbin  ybin  z
0  0  4.23850177787244320e-01
0  1  3.54650426656007767e-01
0  2  2.00046103447675705e-01
0  3  1.45026867277920246e-01
0  4  9.76504336576908827e-02
0  5  -7.42206778522813693e-03
1  0  1.23377309180796146e-01
1  1  1.48474391549825668e-01
1  2  1.22949290089309216e-01
1  3  3.68113378062844276e-02
1  4  3.30053282959852368e-02
1  5  -1.27643174710101448e-03
2  0  1.15483584813773632e-01
2  1  1.34330723434686661e-01
2  2  1.16422051563858986e-01
2  3  4.89559052512049675e-02
2  4  3.11373686708975583e-02
2  5  -5.15689887834014371e-04
3  0  1.96738006547093391e-01
3  1  1.68942045420408249e-01
3  2  1.38077877461910248e-01
3  3  1.36815701611340046e-01
3  4  5.18732264172285795e-02
3  5  9.30785889067919925e-04
4  0  3.34313706494867802e-01
4  1  3.23233544826507568e-01
4  2  1.77415024489164352e-01
4  3  9.34366192668676376e-02
4  4  1.62213779170997441e-01
4  5  7.93760469969129190e-03
5  0  -5.62760308384895325e-01
5  1  -3.72056305408477783e-01
5  2  -7.28883147239685059e-02
5  3  2.64189705252647400e-01
5  4  5.98161278292536736e-01
5  5  7.25190572091378272e-01
