numXbins 6
numYbins 6
xbin  ybin  z
0  0  7.34768288559068497e-08
0  1  4.12159760200457185e-08
0  2  2.87622261142351801e-08
0  3  -3.51171238554076213e-09
0  4  7.13145329097315933e-08
0  5  -3.11672924944276886e-07
1  0  4.12159760200457251e-08
1  1  4.51648186321277938e-08
1  2  3.92062594639583201e-08
1  3  2.13229280096149145e-08
1  4  -2.10306521721115029e-08
1  5  -2.59521802835355284e-07
2  0  2.87622261142352033e-08
2  1  3.92062594639583201e-08
2  2  3.54063790048564018e-08
2  3  2.30034966388856617e-08
2  4  -3.59618635485974723e-08
2  5  -2.10642039208880228e-07
3  0  -3.51171238554076296e-09
3  1  2.13229280096149045e-08
3  2  2.30034966388856485e-08
3  3  2.47788112535427351e-08
3  4  -6.78961198397821958e-08
3  5  -7.45894981900117118e-08
4  0  7.13145329097315801e-08
4  1  -2.10306521721115393e-08
4  2  -3.59618635485974988e-08
4  3  -6.78961198397821958e-08
4  4  2.38192114922498193e-07
4  5  -6.80236633962946703e-08
5  0  -3.11672924944276939e-07
5  1  -2.59521802835355390e-07
5  2  -2.10642039208880148e-07
5  3  -7.45894981900117383e-08
5  4  -6.80236633962944983e-08
5  5  1.64741834235982758e-06
