numXbins 6
numYbins 6
xbin  ybin  z
0  0  4.40184811372887553e-06
0  1  1.47272729933015918e-06
0  2  1.38652192349198489e-06
0  3  2.20086520237578548e-06
0  4  3.63168951332868549e-06
0  5  -3.76287816110673619e-06
1  0  1.47272729933015918e-06
1  1  4.93375804923963140e-07
1  2  4.63649950788488760e-07
1  3  7.32645471362093742e-07
1  4  1.22078336102312667e-06
1  5  -1.27360173991134163e-06
2  0  1.38652192349198510e-06
2  1  4.63649950788488707e-07
2  2  4.36823976142960302e-07
2  3  6.94612625973874375e-07
2  4  1.14181034108654257e-06
2  5  -1.17982588801543909e-06
3  0  2.20086520237578590e-06
3  1  7.32645471362093954e-07
3  2  6.94612625973874586e-07
3  3  1.12160714945247968e-06
3  4  1.78295560855291857e-06
3  5  -1.79737086777356134e-06
4  0  3.63168951332868633e-06
4  1  1.22078336102312688e-06
4  2  1.14181034108654257e-06
4  3  1.78295560855291794e-06
4  4  3.04714314428127701e-06
4  5  -3.23464180759530879e-06
5  0  -3.76287816110673746e-06
5  1  -1.27360173991134268e-06
5  2  -1.17982588801543909e-06
5  3  -1.79737086777356070e-06
5  4  -3.23464180759530879e-06
5  5  3.54957039926120310e-06
