numXbins 6
numYbins 6
xbin  ybin  z
0  0  2.09129720048822128e-03
0  1  7.33063663331316468e-04
0  2  7.18020927820206827e-04
0  3  1.20507092577085378e-03
0  4  1.66952813061565391e-03
0  5  6.62353274879928355e-04
1  0  7.33063663331316685e-04
1  1  2.57872531483554243e-04
1  2  2.52439430154989672e-04
1  3  4.22448744912930511e-04
1  4  5.85754080965876001e-04
1  5  2.31505716640943975e-04
2  0  7.18020927820206935e-04
2  1  2.52439430154989563e-04
2  2  2.47183780276472823e-04
2  3  4.13974339412172417e-04
2  4  5.73390161910784487e-04
2  5  2.26984683095679231e-04
3  0  1.20507092577085357e-03
3  1  4.22448744912930349e-04
3  2  4.13974339412172309e-04
3  3  6.95375263586787301e-04
3  4  9.60896836298905164e-04
3  5  3.82260147525534584e-04
4  0  1.66952813061565348e-03
4  1  5.85754080965876001e-04
4  2  5.73390161910784487e-04
4  3  9.60896836298905490e-04
4  4  1.33837733576295734e-03
4  5  5.27843288785676532e-04
5  0  6.62353274879927054e-04
5  1  2.31505716640943731e-04
5  2  2.26984683095679014e-04
5  3  3.82260147525533879e-04
5  4  5.27843288785676641e-04
5  5  3.28081148514134128e-04
