numXbins 6
numYbins 6
xbin  ybin  z
0  0  5.58282882206268371e-07
0  1  2.17611317457585185e-07
0  2  1.98778988314216287e-07
0  3  2.66449215443229437e-07
0  4  4.41344845004048188e-07
0  5  2.63229875888239882e-06
1  0  2.17611317457585185e-07
1  1  8.56547445348997373e-08
1  2  7.94065958345531518e-08
1  3  1.09912797198635027e-07
1  4  1.64931737312874340e-07
1  5  1.08367376111175488e-06
2  0  1.98778988314216076e-07
2  1  7.94065958345531518e-08
2  2  7.52268927878855708e-08
2  3  1.08867561849281358e-07
2  4  1.40731260314746784e-07
2  5  1.07049544413177053e-06
3  0  2.66449215443229754e-07
3  1  1.09912797198635027e-07
3  2  1.08867561849281530e-07
3  3  1.71186477272580726e-07
3  4  1.59026745074322734e-07
3  5  1.67537401359057630e-06
4  0  4.41344845004048506e-07
4  1  1.64931737312874578e-07
4  2  1.40731260314747022e-07
4  3  1.59026745074322893e-07
4  4  4.09414745733469511e-07
4  5  1.58958708471452559e-06
5  0  2.63229875888239671e-06
5  1  1.08367376111175467e-06
5  2  1.07049544413176948e-06
5  3  1.67537401359057609e-06
5  4  1.58958708471452517e-06
5  5  1.64008278210284236e-05
