numXbins 6
numYbins 6
xbin  ybin  z
0  0  4.12075630648579307e-03
0  1  1.19782093551986215e-03
0  2  1.17031630707460903e-03
0  3  2.16949614632962196e-03
0  4  3.55396862830050474e-03
0  5  -2.04444789639822650e-03
1  0  1.19782093551986215e-03
1  1  5.79011736107129396e-04
1  2  5.40044076266314710e-04
1  3  6.87259977686583345e-04
1  4  1.14662012321576842e-03
1  5  -6.81902514871048538e-04
2  0  1.17031630707460882e-03
2  1  5.40044076266314710e-04
2  2  5.08062720407866163e-04
2  3  6.77764040533808051e-04
2  4  1.08234555051983281e-03
2  5  -6.28232058929327724e-04
3  0  2.16949614632962196e-03
3  1  6.87259977686583345e-04
3  2  6.77764040533808051e-04
3  3  1.21599926336500986e-03
3  4  1.78131300036753659e-03
3  5  -9.57425128781881781e-04
4  0  3.55396862830050387e-03
4  1  1.14662012321576799e-03
4  2  1.08234555051983324e-03
4  3  1.78131300036753573e-03
4  4  3.45047984674678055e-03
4  5  -1.88218239976804032e-03
5  0  -2.04444789639822650e-03
5  1  -6.81902514871048212e-04
5  2  -6.28232058929328267e-04
5  3  -9.57425128781882540e-04
5  4  -1.88218239976804141e-03
5  5  9.60277181507829432e-03
