numXbins 6
numYbins 6
xbin  ybin  z
0  0  6.29966558807654886e-05
0  1  1.73613419986740894e-05
0  2  1.74332189038390156e-05
0  3  3.47863778779633446e-05
0  4  5.41075968522825517e-05
0  5  8.28936827890990713e-05
1  0  1.73613419986740792e-05
1  1  4.78578327097909435e-06
1  2  4.80431728113601762e-06
1  3  9.58166724319125492e-06
1  4  1.49190500650464983e-05
1  5  2.28148646908332673e-05
2  0  1.74332189038390224e-05
2  1  4.80431728113602185e-06
2  2  4.82435199858642004e-06
2  3  9.62710294743602155e-06
2  4  1.49724851203035847e-05
2  5  2.29427540501659608e-05
3  0  3.47863778779633514e-05
3  1  9.58166724319125492e-06
3  2  9.62710294743601985e-06
3  3  1.92321005317930189e-05
3  4  2.98442785909133026e-05
3  5  4.59083052047795621e-05
4  0  5.41075968522825788e-05
4  1  1.49190500650465051e-05
4  2  1.49724851203035948e-05
4  3  2.98442785909133195e-05
4  4  4.65213723625965646e-05
4  5  7.10022042591544942e-05
5  0  8.28936827890990307e-05
5  1  2.28148646908332537e-05
5  2  2.29427540501659472e-05
5  3  4.59083052047795621e-05
5  4  7.10022042591545077e-05
5  5  1.09857163933716945e-04
