numXbins 6
numYbins 6
xbin  ybin  z
0  0  2.01777579988480279e-03
0  1  7.35378867812105778e-04
0  2  7.15721417242440468e-04
0  3  1.16456538302179961e-03
0  4  1.68930583917328782e-03
0  5  6.51054408770460600e-04
1  0  7.35378867812105778e-04
1  1  2.69617549471898364e-04
1  2  2.62141704446113336e-04
1  3  4.24362124934374112e-04
1  4  6.17288140402181759e-04
1  5  2.37177454965807578e-04
2  0  7.15721417242440468e-04
2  1  2.62141704446113228e-04
2  2  2.54942031319220681e-04
2  3  4.13145135172228732e-04
2  4  6.00301673089024428e-04
2  5  2.30987702525942086e-04
3  0  1.16456538302179939e-03
3  1  4.24362124934374275e-04
3  2  4.13145135172228678e-04
3  3  6.72690178421077702e-04
3  4  9.73932662490674785e-04
3  5  3.76420666069044298e-04
4  0  1.68930583917328717e-03
4  1  6.17288140402181542e-04
4  2  6.00301673089024103e-04
4  3  9.73932662490674676e-04
4  4  1.41899357594484359e-03
4  5  5.44563109325679989e-04
5  0  6.51054408770460817e-04
5  1  2.37177454965807659e-04
5  2  2.30987702525941923e-04
5  3  3.76420666069044623e-04
5  4  5.44563109325679664e-04
5  5  3.20138937049342393e-04
