numXbins 6
numYbins 6
xbin  ybin  z
0  0  9.38428206828382377e-04
0  1  1.55953408085835810e-04
0  2  1.64296678322658216e-04
0  3  4.58548230526553387e-04
0  4  7.05808567723668575e-04
0  5  -1.44958660119718871e-03
1  0  1.55953408085835837e-04
1  1  1.53829463754234363e-04
1  2  1.42852694104158651e-04
1  3  1.30310609194717665e-04
1  4  1.31580312906341826e-04
1  5  -5.06648079229643847e-04
2  0  1.64296678322658243e-04
2  1  1.42852694104158678e-04
2  2  1.33546221104099315e-04
2  3  1.31080274738954892e-04
2  4  1.33092037219447324e-04
2  5  -4.93137550884541588e-04
3  0  4.58548230526553224e-04
3  1  1.30310609194717638e-04
3  2  1.31080274738954865e-04
3  3  2.56178626578809643e-04
3  4  3.35229822087274487e-04
3  5  -8.16619682026620167e-04
4  0  7.05808567723668467e-04
4  1  1.31580312906341799e-04
4  2  1.33092037219447324e-04
4  3  3.35229822087274596e-04
4  4  5.77863626153862558e-04
4  5  -1.10661763086577526e-03
5  0  -1.44958660119718871e-03
5  1  -5.06648079229643847e-04
5  2  -4.93137550884541588e-04
5  3  -8.16619682026619950e-04
5  4  -1.10661763086577526e-03
5  5  3.31780561749955849e-03
