numXbins 6
numYbins 6
xbin  ybin  z
0  0  5.86202081906283246e-07
0  1  -1.75074039888625553e-07
0  2  -1.28001400785101317e-07
0  3  2.43896806414533333e-07
0  4  2.19341351794647355e-07
0  5  -1.83898455525577248e-06
1  0  -1.75074039888625685e-07
1  1  7.92825246834544346e-07
1  2  6.72408246898858725e-07
1  3  8.24387263675801912e-08
1  4  5.87483076769224717e-07
1  5  3.08634102643138017e-07
2  0  -1.28001400785101291e-07
2  1  6.72408246898858725e-07
2  2  5.74058958291969317e-07
2  3  9.45691923833931446e-08
2  4  4.98829460863525341e-07
2  5  1.53202356311468724e-07
3  0  2.43896806414533333e-07
3  1  8.24387263675801912e-08
3  2  9.45691923833931181e-08
3  3  2.07250201857350412e-07
3  4  1.67662676181032011e-07
3  5  -1.02558147451175243e-06
4  0  2.19341351794647355e-07
4  1  5.87483076769224717e-07
4  2  4.98829460863525341e-07
4  3  1.67662676181032011e-07
4  4  7.41162158698124284e-07
4  5  -7.64756459133205559e-07
5  0  -1.83898455525577248e-06
5  1  3.08634102643138017e-07
5  2  1.53202356311468645e-07
5  3  -1.02558147451175243e-06
5  4  -7.64756459133205559e-07
5  5  7.72457871624403358e-06
