numXbins 6
numYbins 6
xbin  ybin  z
0  0  1.57470155223688277e-06
0  1  5.27248878896027311e-07
0  2  4.65540137082039474e-07
0  3  6.37270758256941236e-07
0  4  1.46995054158614760e-06
0  5  -1.50157184143307945e-06
1  0  5.27248878896027311e-07
1  1  1.77192245275478810e-07
1  2  1.55706759413376277e-07
1  3  2.09979514814023665e-07
1  4  4.97584142680904987e-07
1  5  -5.17283448772305898e-07
2  0  4.65540137082039316e-07
2  1  1.55706759413376224e-07
2  2  1.37673689566398917e-07
2  3  1.89267390947692842e-07
2  4  4.33191169459401589e-07
2  5  -4.40213543196757849e-07
3  0  6.37270758256941236e-07
3  1  2.09979514814023612e-07
3  2  1.89267390947692842e-07
3  3  2.75454548744319802e-07
3  4  5.66906905470805352e-07
3  5  -5.32579424411655468e-07
4  0  1.46995054158614675e-06
4  1  4.97584142680904987e-07
4  2  4.33191169459401483e-07
4  3  5.66906905470805458e-07
4  4  1.41673628329943201e-06
4  5  -1.52133916723512071e-06
5  0  -1.50157184143307881e-06
5  1  -5.17283448772305581e-07
5  2  -4.40213543196757691e-07
5  3  -5.32579424411655150e-07
5  4  -1.52133916723512008e-06
5  5  1.75307346548868209e-06
