numXbins 6
numYbins 6
xbin  ybin  z
0  0  2.68112710749503832e-04
0  1  8.08241444936244467e-05
0  2  7.91114405929324403e-05
0  3  1.43739498403678802e-04
0  4  2.17031406240441232e-04
0  5  8.55873193042351848e-05
1  0  8.08241444936244331e-05
1  1  2.59532372945045182e-05
1  2  2.53065010848654390e-05
1  3  4.40976825811773592e-05
1  4  6.48970975382441091e-05
1  5  2.27796351628400448e-05
2  0  7.91114405929323861e-05
2  1  2.53065010848654288e-05
2  2  2.47434602015071172e-05
2  3  4.34133876222905606e-05
2  4  6.30123068131022807e-05
2  5  2.47459027568687042e-05
3  0  1.43739498403678829e-04
3  1  4.40976825811773592e-05
3  2  4.34133876222905673e-05
3  3  7.88604582925950498e-05
3  4  1.13798793119044734e-04
3  5  5.46742451888474141e-05
4  0  2.17031406240441368e-04
4  1  6.48970975382440955e-05
4  2  6.30123068131023214e-05
4  3  1.13798793119044761e-04
4  4  1.90023263492182954e-04
4  5  3.17019978143265124e-05
5  0  8.55873193042353203e-05
5  1  2.27796351628401261e-05
5  2  2.47459027568686602e-05
5  3  5.46742451888474615e-05
5  4  3.17019978143266208e-05
5  5  6.28729754013518469e-04
