numXbins 6
numYbins 6
xbin  ybin  z
0  0  8.67018527361889345e-05
0  1  2.56919338199623476e-05
0  2  2.32703241908945334e-05
0  3  3.68993979498667514e-05
0  4  7.88963174777224948e-05
0  5  -2.90443650892948789e-04
1  0  2.56919338199623476e-05
1  1  7.82198270776998332e-06
1  2  7.09407179573158050e-06
1  3  1.10730618655950669e-05
1  4  2.34191551128654847e-05
1  5  -8.76986027906782119e-05
2  0  2.32703241908945334e-05
2  1  7.09407179573158050e-06
2  2  6.45791991411484715e-06
2  3  1.01509887577952298e-05
2  4  2.10833546320620293e-05
2  5  -7.91891914493043030e-05
3  0  3.68993979498667514e-05
3  1  1.10730618655950669e-05
3  2  1.01509887577952331e-05
3  3  1.63638762865817243e-05
3  4  3.30823602363646837e-05
3  5  -1.22614821670723705e-04
4  0  7.88963174777225083e-05
4  1  2.34191551128654881e-05
4  2  2.10833546320620293e-05
4  3  3.30823602363646837e-05
4  4  7.62620014935441487e-05
4  5  -2.48842258417962038e-04
5  0  -2.90443650892948735e-04
5  1  -8.76986027906782119e-05
5  2  -7.91891914493043030e-05
5  3  -1.22614821670723705e-04
5  4  -2.48842258417962038e-04
5  5  1.33811599267313007e-03
