numXbins 6
numYbins 6
xbin  ybin  z
0  0  3.88983050296903344e-07
0  1  1.19275395327888642e-07
0  2  7.83273599101364675e-08
0  3  2.22746539046895216e-08
0  4  5.17020982327648618e-07
0  5  -6.10120192604152253e-07
1  0  1.19275395327888616e-07
1  1  3.66368582105003666e-08
1  2  2.42411018696074846e-08
1  3  7.66986196679502721e-09
1  4  1.57647159857367652e-07
1  5  -1.83816459534444577e-07
2  0  7.83273599101364543e-08
2  1  2.42411018696074813e-08
2  2  1.65639476459798321e-08
2  3  7.46237100018161583e-09
2  4  1.00957777777705214e-07
2  5  -1.11273467284165174e-07
3  0  2.22746539046895547e-08
3  1  7.66986196679503382e-09
3  2  7.46237100018160260e-09
3  3  1.24715835601475750e-08
3  4  1.77530696875500956e-08
3  5  8.62362448880373594e-09
4  0  5.17020982327648407e-07
4  1  1.57647159857367626e-07
4  2  1.00957777777705214e-07
4  3  1.77530696875501022e-08
4  4  6.99753576318933743e-07
4  5  -8.57067301803947016e-07
5  0  -6.10120192604152253e-07
5  1  -1.83816459534444551e-07
5  2  -1.11273467284165147e-07
5  3  8.62362448880370285e-09
5  4  -8.57067301803946910e-07
5  5  1.12646215368608458e-06
