numXbins 6
numYbins 6
xbin  ybin  z
0  0  1.30596537161460158e-03
0  1  2.67310503477182729e-04
0  2  2.65421083614148759e-04
0  3  6.18281193177820784e-04
0  4  1.06790718730165411e-03
0  5  -3.52488533918540606e-03
1  0  2.67310503477182024e-04
1  1  2.31157437860651663e-04
1  2  2.07964003736023877e-04
1  3  1.73003155646525071e-04
1  4  2.66431664861268495e-04
1  5  -1.14586676558165118e-03
2  0  2.65421083614147892e-04
2  1  2.07964003736023633e-04
2  2  1.91281581927528070e-04
2  3  1.83227322041474921e-04
2  4  2.30244455176109396e-04
2  5  -1.07813844649528429e-03
3  0  6.18281193177820133e-04
3  1  1.73003155646524962e-04
3  2  1.83227322041474406e-04
3  3  3.87655071195567224e-04
3  4  3.93039464219752620e-04
3  5  -1.75520620628113978e-03
4  0  1.06790718730165302e-03
4  1  2.66431664861268495e-04
4  2  2.30244455176109749e-04
4  3  3.93039464219752945e-04
4  4  1.49048023206641142e-03
4  5  -3.44810300362519487e-03
5  0  -3.52488533918540433e-03
5  1  -1.14586676558165118e-03
5  2  -1.07813844649528472e-03
5  3  -1.75520620628113978e-03
5  4  -3.44810300362519400e-03
5  5  1.09521997611686760e-02
