numXbins 6
numYbins 6
xbin  ybin  z
0  0  4.26441907744746877e-03
0  1  1.28117856771587388e-03
0  2  1.24555214837359361e-03
0  3  2.24739552634558096e-03
0  4  3.69866416737011728e-03
0  5  -2.54912105514405567e-03
1  0  1.28117856771587366e-03
1  1  5.72984960787136606e-04
1  2  5.37855744420577000e-04
1  3  7.23909039456140731e-04
1  4  1.15589199944783074e-03
1  5  -7.89656750680372372e-04
2  0  1.24555214837359317e-03
2  1  5.37855744420576674e-04
2  2  5.09597399946862826e-04
2  3  7.15063898606716538e-04
2  4  1.08890004222031997e-03
2  5  -7.31605658434482365e-04
3  0  2.24739552634558096e-03
3  1  7.23909039456140731e-04
3  2  7.15063898606716104e-04
3  3  1.27503187229019367e-03
3  4  1.82579460781785198e-03
3  5  -1.18922136006637024e-03
4  0  3.69866416737011728e-03
4  1  1.15589199944783074e-03
4  2  1.08890004222032041e-03
4  3  1.82579460781785198e-03
4  4  3.80379631077153732e-03
4  5  -2.53349359093535701e-03
5  0  -2.54912105514405393e-03
5  1  -7.89656750680372589e-04
5  2  -7.31605658434482799e-04
5  3  -1.18922136006637024e-03
5  4  -2.53349359093535701e-03
5  5  1.11894676851235445e-02
