numXbins 6
numYbins 6
xbin  ybin  z
0  0  8.66517656444695312e-05
0  1  -4.12091105769808787e-05
0  2  -3.34607992782630630e-05
0  3  2.61581798370779068e-05
0  4  3.27290547859381741e-05
0  5  5.11639156473208988e-06
1  0  -4.12091105769808922e-05
1  1  1.95978787265972160e-05
1  2  1.59130026629770183e-05
1  3  -1.24400849466994560e-05
1  4  -1.55650058336678901e-05
1  5  -2.43321003534142663e-06
2  0  -3.34607992782630766e-05
2  1  1.59130026629770250e-05
2  2  1.29209725850712512e-05
2  3  -1.01010475493875319e-05
2  4  -1.26384075917493820e-05
2  5  -1.97570759122119725e-06
3  0  2.61581798370778933e-05
3  1  -1.24400849466994577e-05
3  2  -1.01010475493875336e-05
3  3  7.89655429753589195e-06
3  4  9.88015067691570115e-06
3  5  1.54452121860153282e-06
4  0  3.27290547859381537e-05
4  1  -1.55650058336678901e-05
4  2  -1.26384075917493922e-05
4  3  9.88015067691569607e-06
4  4  1.23620219301245436e-05
4  5  1.93250141624916848e-06
5  0  5.11639156473207802e-06
5  1  -2.43321003534142917e-06
5  2  -1.97570759122120064e-06
5  3  1.54452121860152965e-06
5  4  1.93250141624917822e-06
5  5  3.02099587342134365e-07
