numXbins 6
numYbins 6
xbin  ybin  z
0  0  6.88801365684434991e-06
0  1  2.48427019512702282e-06
0  2  2.24329250146774428e-06
0  3  3.08507893742162468e-06
0  4  6.13806323685536583e-06
0  5  -9.91958037846123871e-06
1  0  2.48427019512702240e-06
1  1  8.95997084889801639e-07
1  2  8.09082458680261172e-07
1  3  1.11267686933241851e-06
1  4  2.21380691589196135e-06
1  5  -3.57772691033491011e-06
2  0  2.24329250146774513e-06
2  1  8.09082458680261383e-07
2  2  7.30599283670324494e-07
2  3  1.00474708388365135e-06
2  4  1.99905960500633195e-06
2  5  -3.23066204618728873e-06
3  0  3.08507893742162468e-06
3  1  1.11267686933241851e-06
3  2  1.00474708388365113e-06
3  3  1.38178346874083768e-06
3  4  2.74916724635887966e-06
3  5  -4.44282556213473354e-06
4  0  6.13806323685536668e-06
4  1  2.21380691589196177e-06
4  2  1.99905960500633152e-06
4  3  2.74916724635888009e-06
4  4  5.46981970150463504e-06
4  5  -8.83978309682827131e-06
5  0  -9.91958037846123532e-06
5  1  -3.57772691033490969e-06
5  2  -3.23066204618728746e-06
5  3  -4.44282556213473269e-06
5  4  -8.83978309682826792e-06
5  5  1.42863248450107947e-05
