numXbins 6
numYbins 6
xbin  ybin  z
0  0  5.05462432262839658e-06
0  1  1.93422114938995449e-06
0  2  1.75961340400301457e-06
0  3  2.38399028665800789e-06
0  4  4.73846689582243967e-06
0  5  -7.66626711681810457e-06
1  0  1.93422114938995534e-06
1  1  7.40285409123749226e-07
1  2  6.73467365961529652e-07
1  3  9.12372482134757397e-07
1  4  1.81320514482675401e-06
1  5  -2.93170660128565883e-06
2  0  1.75961340400301499e-06
2  1  6.73467365961529652e-07
2  2  6.12681031459472796e-07
2  3  8.30017902261079301e-07
2  4  1.64951931879089672e-06
2  5  -2.66691119589825546e-06
3  0  2.38399028665800662e-06
3  1  9.12372482134757079e-07
3  2  8.30017902261079301e-07
3  3  1.12448496378570075e-06
3  4  2.23484817425730852e-06
3  5  -3.61420507326504692e-06
4  0  4.73846689582243883e-06
4  1  1.81320514482675337e-06
4  2  1.64951931879089566e-06
4  3  2.23484817425730894e-06
4  4  4.44209349949899518e-06
4  5  -7.18725552970498524e-06
5  0  -7.66626711681810457e-06
5  1  -2.93170660128565926e-06
5  2  -2.66691119589825503e-06
5  3  -3.61420507326504861e-06
5  4  -7.18725552970498947e-06
5  5  1.16551042193312371e-05
