numXbins 6
numYbins 6
xbin  ybin  z
0  0  5.82264178235560741e-06
0  1  2.22042942408633295e-06
0  2  2.13042162902904430e-06
0  3  3.29216304582158818e-06
0  4  5.20679279015183929e-06
0  5  2.90731569231572376e-06
1  0  2.22042942408633210e-06
1  1  8.46747406355771833e-07
1  2  8.12423475052293774e-07
1  3  1.25544657718486595e-06
1  4  1.98557911486295625e-06
1  5  1.10868735354592210e-06
2  0  2.13042162902904303e-06
2  1  8.12423475052293774e-07
2  2  7.79490905861391904e-07
2  3  1.20455553016537907e-06
2  4  1.90509126143156111e-06
2  5  1.06374536934319024e-06
3  0  3.29216304582158775e-06
3  1  1.25544657718486595e-06
3  2  1.20455553016537865e-06
3  3  1.86141238382837938e-06
3  4  2.94395764873128695e-06
3  5  1.64381695500883734e-06
4  0  5.20679279015183760e-06
4  1  1.98557911486295583e-06
4  2  1.90509126143156153e-06
4  3  2.94395764873128610e-06
4  4  4.65608089471189533e-06
4  5  2.59981481796063059e-06
5  0  2.90731569231572164e-06
5  1  1.10868735354592188e-06
5  2  1.06374536934318918e-06
5  3  1.64381695500883649e-06
5  4  2.59981481796062678e-06
5  5  1.45165800176799082e-06
