numXbins 6
numYbins 6
xbin  ybin  z
0  0  6.34803617409769984e-04
0  1  1.50424637388773050e-04
0  2  1.39245732817802804e-04
0  3  2.72606640679071480e-04
0  4  6.88283818596885735e-04
0  5  -1.09023834865965268e-03
1  0  1.50424637388773050e-04
1  1  9.87780078947715558e-05
1  2  8.17944076006052689e-05
1  3  5.21925333264967734e-05
1  4  2.49271045860155645e-04
1  5  -3.48271513831389370e-04
2  0  1.39245732817802804e-04
2  1  8.17944076006052689e-05
2  2  6.91652625486782930e-05
2  3  5.44984607314124932e-05
2  4  2.08831311833325580e-04
2  5  -3.17582692858102607e-04
3  0  2.72606640679071480e-04
3  1  5.21925333264967599e-05
3  2  5.44984607314125000e-05
3  3  1.39934556040069761e-04
3  4  2.38544167132285942e-04
3  5  -4.90769131434837030e-04
4  0  6.88283818596885843e-04
4  1  2.49271045860155645e-04
4  2  2.08831311833325580e-04
4  3  2.38544167132285942e-04
4  4  9.96561611142579660e-04
4  5  -1.14883085303962005e-03
5  0  -1.09023834865965268e-03
5  1  -3.48271513831389424e-04
5  2  -3.17582692858102607e-04
5  3  -4.90769131434837030e-04
5  4  -1.14883085303962027e-03
5  5  3.17429241084010629e-03
