numXbins 6
numYbins 6
xbin  ybin  z
0  0  5.51642836066041460e-04
0  1  1.52967533290043799e-04
0  2  1.35742517414674910e-04
0  3  2.21122904607932996e-04
0  4  6.64287115926574714e-04
0  5  -1.03442159197404313e-03
1  0  1.52967533290043799e-04
1  1  8.24996095456133354e-05
1  2  6.92259518914016818e-05
1  3  5.58173373071989748e-05
1  4  2.18099273849427537e-04
1  5  -3.46448871892947612e-04
2  0  1.35742517414674910e-04
2  1  6.92259518914016818e-05
2  2  5.98021927099472576e-05
2  3  5.73327296599534966e-05
2  4  1.77749919501411205e-04
2  5  -3.15394508768445921e-04
3  0  2.21122904607932996e-04
3  1  5.58173373071989612e-05
3  2  5.73327296599534898e-05
3  3  1.24404193129980321e-04
3  4  2.07778894360401210e-04
3  5  -4.70941687664038996e-04
4  0  6.64287115926574714e-04
4  1  2.18099273849427537e-04
4  2  1.77749919501411205e-04
4  3  2.07778894360401210e-04
4  4  1.11819587656290255e-03
4  5  -1.11268198330992103e-03
5  0  -1.03442159197404335e-03
5  1  -3.46448871892947666e-04
5  2  -3.15394508768445921e-04
5  3  -4.70941687664039050e-04
5  4  -1.11268198330992103e-03
5  5  3.31868899817559359e-03
