numXbins 6
numYbins 6
xbin  ybin  z
0  0  3.50911196894197969e-04
0  1  -2.31083434338795910e-05
0  2  -1.33822105726081783e-05
0  3  1.31134732455711191e-04
0  4  2.75388001473846435e-04
0  5  -5.72360775270345265e-04
1  0  -2.31083434338796350e-05
1  1  1.52173980478350902e-06
1  2  8.81250642764646214e-07
1  3  -8.63553645627941738e-06
1  4  -1.81349599897380931e-05
1  5  3.76913289746538016e-05
2  0  -1.33822105726081868e-05
2  1  8.81250642764644520e-07
2  2  5.10338687949077393e-07
2  3  -5.00090227566625213e-06
2  4  -1.05020878715474157e-05
2  5  2.18273240807371604e-05
3  0  1.31134732455711218e-04
3  1  -8.63553645627942077e-06
3  2  -5.00090227566625636e-06
3  3  4.90047573529429534e-05
3  4  1.02911882591407149e-04
3  5  -2.13889946509316357e-04
4  0  2.75388001473846435e-04
4  1  -1.81349599897380863e-05
4  2  -1.05020878715474242e-05
4  3  1.02911882591407149e-04
4  4  2.16118927030490492e-04
4  5  -4.49177146294495655e-04
5  0  -5.72360775270345265e-04
5  1  3.76913289746537609e-05
5  2  2.18273240807371739e-05
5  3  -2.13889946509316357e-04
5  4  -4.49177146294495655e-04
5  5  9.33560570216980675e-04
