numXbins 6
numYbins 6
xbin  ybin  z
0  0  1.60003442140568657e-04
0  1  1.21748384927102441e-04
0  2  1.18449466811549380e-04
0  3  1.39221979931320795e-04
0  4  7.13544387869438130e-05
0  5  -4.00771106959573104e-04
1  0  1.21748384927102427e-04
1  1  9.26396897095230199e-05
1  2  9.01295065084485364e-05
1  3  1.05935540987302991e-04
1  4  5.42943799425147318e-05
1  5  -3.04951158206387038e-04
2  0  1.18449466811549380e-04
2  1  9.01295065084485364e-05
2  2  8.76873397236932033e-05
2  3  1.03065090792393423e-04
2  4  5.28232087752559119e-05
2  5  -2.96688141815916679e-04
3  0  1.39221979931320849e-04
3  1  1.05935540987302991e-04
3  2  1.03065090792393423e-04
3  3  1.21139641977006054e-04
3  4  6.20868283325998329e-05
3  5  -3.48718416702310818e-04
4  0  7.13544387869438401e-05
4  1  5.42943799425147318e-05
4  2  5.28232087752559119e-05
4  3  6.20868283325998329e-05
4  4  3.18209150158575206e-05
4  5  -1.78726138866433255e-04
5  0  -4.00771106959573104e-04
5  1  -3.04951158206386984e-04
5  2  -2.96688141815916570e-04
5  3  -3.48718416702310818e-04
5  4  -1.78726138866433200e-04
5  5  1.00383765514552772e-03
