numXbins 6
numYbins 6
xbin  ybin  z
0  0  2.38819783098140014e-07
0  1  2.79310991103446307e-07
0  2  1.38635313001570658e-07
0  3  -3.90990231945171323e-07
0  4  -3.16407925256032941e-09
0  5  -6.42238920268223265e-06
1  0  2.79310991103446730e-07
1  1  3.26667367079594922e-07
1  2  1.62140531969634496e-07
1  3  -4.57281502309607560e-07
1  4  -3.70053979824579938e-09
1  5  -7.51128683805935106e-06
2  0  1.38635313001570552e-07
2  1  1.62140531969634046e-07
2  2  8.04780481822366006e-08
2  3  -2.26970531850790988e-07
2  4  -1.83675368870267225e-09
2  5  -3.72820846657360494e-06
3  0  -3.90990231945171587e-07
3  1  -4.57281502309607984e-07
3  2  -2.26970531850791174e-07
3  3  6.40120175528831088e-07
3  4  5.18015745933687193e-09
3  5  1.05145872398979084e-05
4  0  -3.16407925256238744e-09
4  1  -3.70053979824703684e-09
4  2  -1.83675368870338011e-09
4  3  5.18015745933687938e-09
4  4  4.19203023645980487e-11
4  5  8.50890498453863227e-08
5  0  -6.42238920268223435e-06
5  1  -7.51128683805935106e-06
5  2  -3.72820846657360748e-06
5  3  1.05145872398979101e-05
5  4  8.50890498453620896e-08
5  5  1.72712170389081123e-04
