numXbins 6
numYbins 6
xbin  ybin  z
0  0  2.74936422897451851e-04
0  1  4.71725045062800429e-05
0  2  5.04902109647748236e-05
0  3  1.42149969420969033e-04
0  4  2.69190590732093060e-04
0  5  -4.35937142234916564e-04
1  0  4.71725045062800362e-05
1  1  8.09367183126915499e-06
1  2  8.66291078918719911e-06
1  3  2.43895297771417246e-05
1  4  4.61866573389375828e-05
1  5  -7.47963714294837885e-05
2  0  5.04902109647748101e-05
2  1  8.66291078918719911e-06
2  2  9.27218509792830615e-06
2  3  2.61048786081647141e-05
2  4  4.94350278241061005e-05
2  5  -8.00569020534309820e-05
3  0  1.42149969420969033e-04
3  1  2.43895297771417246e-05
3  2  2.61048786081647073e-05
3  3  7.34955870649385459e-05
3  4  1.39179210370581486e-04
3  5  -2.25391931651309590e-04
4  0  2.69190590732093060e-04
4  1  4.61866573389375828e-05
4  2  4.94350278241060937e-05
4  3  1.39179210370581486e-04
4  4  2.63564839372778463e-04
4  5  -4.26826593594141230e-04
5  0  -4.35937142234916564e-04
5  1  -7.47963714294838156e-05
5  2  -8.00569020534310091e-05
5  3  -2.25391931651309645e-04
5  4  -4.26826593594141338e-04
5  5  6.91218682403637458e-04
