numXbins 6
numYbins 6
xbin  ybin  z
0  0  6.61739123415290711e-05
0  1  1.49397936750686856e-05
0  2  1.41960040203011015e-05
0  3  2.97324108887863293e-05
0  4  6.71167304102189739e-05
0  5  -1.24168664300718215e-04
1  0  1.49397936750686856e-05
1  1  1.04251091420222167e-05
1  2  8.73503469147002871e-06
1  3  5.71173500463308790e-06
1  4  2.43002106350449703e-05
1  5  -3.67831000236874494e-05
2  0  1.41960040203011015e-05
2  1  8.73503469147002871e-06
2  2  7.48153081467608692e-06
2  3  6.06889284385918788e-06
2  4  2.06578751619938577e-05
2  5  -3.47621002284956252e-05
3  0  2.97324108887863293e-05
3  1  5.71173500463308790e-06
3  2  6.06889284385918958e-06
3  3  1.57723976465849450e-05
3  4  2.46438279528616299e-05
3  5  -6.04154141768026805e-05
4  0  6.71167304102189739e-05
4  1  2.43002106350449703e-05
4  2  2.06578751619938577e-05
4  3  2.46438279528616299e-05
4  4  9.28761102614857021e-05
4  5  -1.20485692878996592e-04
5  0  -1.24168664300718215e-04
5  1  -3.67831000236874494e-05
5  2  -3.47621002284956252e-05
5  3  -6.04154141768026737e-05
5  4  -1.20485692878996592e-04
5  5  3.77834078421848240e-04
