numXbins 6
numYbins 6
xbin  ybin  z
0  0  4.82200476516385468e+00
0  1  -8.50735317655840761e-01
0  2  -2.97226160087013014e+00
0  3  3.26556171185124278e+00
0  4  -6.37473383849127373e+00
0  5  -1.53720201659073403e+01
1  0  1.35694619654584492e+00
1  1  1.90182818583188973e+00
1  2  -2.36675382102279608e+00
1  3  7.59764576085784071e-02
1  4  -2.11410127099399592e+00
1  5  -4.42019502795210606e+00
2  0  1.26067804313110532e+00
2  1  1.60527287555773546e+00
2  2  -1.49652027610844529e+00
2  3  1.98579127658704557e-02
2  4  -2.53406219819291989e+00
2  5  -3.50143911507923100e+00
3  0  2.16201889210365561e+00
3  1  3.29348032976448657e-02
3  2  1.22705438951969725e+00
3  3  9.40127310149207140e-01
3  4  -5.90670607974703366e+00
3  5  -4.56830576432806712e+00
4  0  3.76485509089942738e+00
4  1  1.09763407752114617e+00
4  2  -7.10457685671225470e+00
4  3  8.77837756935869606e+00
4  4  -4.53766441523643671e+00
4  5  -3.44338269094122467e+01
5  0  -7.18488123799803802e+00
5  1  2.19366820298396847e+00
5  2  9.70660583006677768e+00
5  3  7.19641513572581459e+00
5  4  3.59337257472418585e+01
5  5  3.95959765388729181e+01
