numXbins 5
numYbins 5
xbin  ybin  z
0  0  2.77020298267568007e-06
0  1  1.10995205558707392e-05
0  2  1.59017549166341057e-06
0  3  -3.83144885985933246e-06
0  4  2.91053696076269869e-06
1  0  1.10995205558707409e-05
1  1  4.44730430732557565e-05
1  2  6.37144125089055268e-06
1  3  -1.53516712113637208e-05
1  4  1.16618042167451009e-05
2  0  1.59017549166341078e-06
2  1  6.37144125089055183e-06
2  2  9.12806068761282888e-07
2  3  -2.19936088171605448e-06
2  4  1.67073119606383921e-06
3  0  -3.83144885985933161e-06
3  1  -1.53516712113637208e-05
3  2  -2.19936088171605448e-06
3  3  5.29925079769363057e-06
3  4  -4.02554382824381250e-06
4  0  2.91053696076269912e-06
4  1  1.16618042167451009e-05
4  2  1.67073119606383857e-06
4  3  -4.02554382824380911e-06
4  4  3.05798002996284910e-06
