numXbins 8
numYbins 8
xbin  ybin  z
0  0  5.26644938797149067e-06
0  1  -1.56198732238346113e-07
0  2  1.09527183659855319e-05
0  3  2.46170798868557602e-06
0  4  -5.18672289938082600e-06
0  5  -8.68028361685767718e-06
0  6  -6.77575717815628508e-06
0  7  -8.48119651347419843e-06
1  0  -1.56198732238347596e-07
1  1  4.63273111645303466e-09
1  2  -3.24848982169661454e-07
1  3  -7.30123160116038224e-08
1  4  1.53834107511835081e-07
1  5  2.57450361057137777e-07
1  6  2.00963610055790394e-07
1  7  2.51545594702692661e-07
2  0  1.09527183659855370e-05
2  1  -3.24848982169660872e-07
2  2  2.27785421955423674e-05
2  3  5.11965316916396285e-06
2  4  -1.07869099224757744e-05
2  5  -1.80525235862828973e-05
2  6  -1.40916497285917523e-05
2  7  -1.76384789780427781e-05
3  0  2.46170798868557771e-06
3  1  -7.30123160116045106e-08
3  2  5.11965316916396200e-06
3  3  1.15068156458493288e-06
3  4  -2.42444126125404900e-06
3  5  -4.05744401009152835e-06
3  6  -3.16720703952035833e-06
3  7  -3.96438428868553539e-06
4  0  -5.18672289938082431e-06
4  1  1.53834107511836590e-07
4  2  -1.07869099224757761e-05
4  3  -2.42444126125405027e-06
4  4  5.10820335545339223e-06
4  5  8.54887657546015727e-06
4  6  6.67318193484506848e-06
4  7  8.35280336521551665e-06
5  0  -8.68028361685767718e-06
5  1  2.57450361057138783e-07
5  2  -1.80525235862829075e-05
5  3  -4.05744401009152920e-06
5  4  8.54887657546015727e-06
5  5  1.43070441047397684e-05
5  6  1.11679596047556746e-05
5  7  1.39789041389832753e-05
6  0  -6.77575717815628253e-06
6  1  2.00963610055788594e-07
6  2  -1.40916497285917625e-05
6  3  -3.16720703952036045e-06
6  4  6.67318193484506764e-06
6  5  1.11679596047556746e-05
6  6  8.71761635879315109e-06
6  7  1.09118162773537285e-05
7  0  -8.48119651347419843e-06
7  1  2.51545594702690067e-07
7  2  -1.76384789780427849e-05
7  3  -3.96438428868553709e-06
7  4  8.35280336521551834e-06
7  5  1.39789041389832804e-05
7  6  1.09118162773537319e-05
7  7  1.36582902447436127e-05
