numXbins 8
numYbins 8
xbin  ybin  z
0  0  2.49842521685603581e-04
0  1  -7.75869546193270267e-05
0  2  1.78035848824334008e-04
0  3  1.86206471364947168e-04
0  4  2.10184909553176434e-04
0  5  1.42306554083386272e-04
0  6  6.71669430190260133e-05
0  7  6.40719892559298758e-05
1  0  -7.75869546193270267e-05
1  1  1.83925766416719949e-04
1  2  -5.53848993709051528e-05
1  3  -4.36097943208011324e-05
1  4  -3.50610821685375806e-05
1  5  -1.81483834103773603e-05
1  6  -5.98529423984037872e-06
1  7  -3.73800414857930261e-06
2  0  1.78035848824334008e-04
2  1  -5.53848993709051799e-05
2  2  2.27439166266812454e-04
2  3  1.56831640778388971e-04
2  4  1.33425992779630183e-04
2  5  6.47975534449349105e-05
2  6  2.30082707379307626e-05
2  7  1.66402761666943272e-05
3  0  1.86206471364947168e-04
3  1  -4.36097943208011121e-05
3  2  1.56831640778388998e-04
3  3  1.54937602861853006e-04
3  4  1.56545575315393483e-04
3  5  8.87144539282979901e-05
3  6  3.65362983705883653e-05
3  7  3.10612902793743354e-05
4  0  2.10184909553176488e-04
4  1  -3.50610821685375806e-05
4  2  1.33425992779630156e-04
4  3  1.56545575315393456e-04
4  4  1.86744511525766107e-04
4  5  1.31066458042788887e-04
4  6  6.37822710359777666e-05
4  7  6.22726192598986659e-05
5  0  1.42306554083386245e-04
5  1  -1.81483834103773569e-05
5  2  6.47975534449349105e-05
5  3  8.87144539282979765e-05
5  4  1.31066458042788914e-04
5  5  1.16497424195366841e-04
5  6  6.41652747906829853e-05
5  7  6.77927379950748587e-05
6  0  6.71669430190260269e-05
6  1  -5.98529423984037110e-06
6  2  2.30082707379307592e-05
6  3  3.65362983705883585e-05
6  4  6.37822710359777666e-05
6  5  6.41652747906829853e-05
6  6  3.75317325075328985e-05
6  7  4.10317380857659885e-05
7  0  6.40719892559298894e-05
7  1  -3.73800414857928652e-06
7  2  1.66402761666943069e-05
7  3  3.10612902793743354e-05
7  4  6.22726192598986659e-05
7  5  6.77927379950748723e-05
7  6  4.10317380857659953e-05
7  7  4.56795388272043118e-05
