numXbins 8
numYbins 8
xbin  ybin  z
0  0  1.08279200022324754e-05
0  1  7.51142573955288050e-06
0  2  8.58157664619938257e-06
0  3  1.90132075646811426e-06
0  4  8.76763285641851929e-06
0  5  1.22260432811067712e-05
0  6  8.17839919029806257e-06
0  7  9.56928035947300905e-06
1  0  7.51142573955288050e-06
1  1  5.21199829712457345e-06
1  2  5.95706385441623756e-06
1  3  1.32055080667655779e-06
1  4  6.08257621551753863e-06
1  5  8.47990497342290327e-06
1  6  5.67258647057021068e-06
1  7  6.63739805004697019e-06
2  0  8.58157664619937749e-06
2  1  5.95706385441623756e-06
2  2  6.81367265970051966e-06
2  3  1.51186985260887650e-06
2  4  6.94994116527188856e-06
2  5  9.68520690543542829e-06
2  6  6.47906985943642819e-06
2  7  7.58122724536296546e-06
3  0  1.90132075646811342e-06
3  1  1.32055080667655906e-06
3  2  1.51186985260887755e-06
3  3  3.35869763875875944e-07
3  4  1.54003993811884413e-06
3  5  2.14503713271561136e-06
3  6  1.43501362445092191e-06
3  7  1.67917450878693153e-06
4  0  8.76763285641851929e-06
4  1  6.08257621551753863e-06
4  2  6.94994116527188856e-06
4  3  1.54003993811884349e-06
4  4  7.09948912902042558e-06
4  5  9.89928855413260726e-06
4  6  6.62198859255768352e-06
4  7  7.74820206768707731e-06
5  0  1.22260432811067762e-05
5  1  8.47990497342290666e-06
5  2  9.68520690543543168e-06
5  3  2.14503713271561094e-06
5  4  9.89928855413260895e-06
5  5  1.38062831990485841e-05
5  6  9.23535913419996914e-06
5  7  1.08058958766846339e-05
6  0  8.17839919029806257e-06
6  1  5.67258647057021322e-06
6  2  6.47906985943642650e-06
6  3  1.43501362445092191e-06
6  4  6.62198859255768352e-06
6  5  9.23535913419996744e-06
6  6  6.17776488082331183e-06
6  7  7.22834367807696326e-06
7  0  9.56928035947301075e-06
7  1  6.63739805004697019e-06
7  2  7.58122724536296885e-06
7  3  1.67917450878693322e-06
7  4  7.74820206768707731e-06
7  5  1.08058958766846339e-05
7  6  7.22834367807696326e-06
7  7  8.45758806882629806e-06
