numXbins 8
numYbins 8
xbin  ybin  z
0  0  3.95529268538917712e-07
0  1  1.90516126860172325e-07
0  2  1.76558479661237808e-07
0  3  2.08966632939934445e-07
0  4  3.93219580012670483e-07
0  5  3.56605948078235491e-07
0  6  2.20691468875699140e-07
0  7  2.50591714067621439e-07
1  0  1.90516126860172325e-07
1  1  9.18279605132044454e-08
1  2  8.51314315915242922e-08
1  3  1.00684564734935520e-07
1  4  1.89383853135072393e-07
1  5  1.71721716321402294e-07
1  6  1.06265405243272897e-07
1  7  1.20658654625333704e-07
2  0  1.76558479661237808e-07
2  1  8.51314315915243187e-08
2  2  7.89389056456029430e-08
2  3  9.33237496797700114e-08
2  4  1.75499170655786973e-07
2  5  1.59117703393466726e-07
2  6  9.84620010813647827e-08
2  7  1.11796259340450815e-07
3  0  2.08966632939934392e-07
3  1  1.00684564734935480e-07
3  2  9.33237496797700114e-08
3  3  1.10417036358483190e-07
3  4  2.07736453071863099e-07
3  5  1.88379472259444406e-07
3  6  1.16578020581596929e-07
3  7  1.32370485518957101e-07
4  0  3.93219580012670377e-07
4  1  1.89383853135072446e-07
4  2  1.75499170655786973e-07
4  3  2.07736453071863099e-07
4  4  3.90929745144889004e-07
4  5  3.54538394531301570e-07
4  6  2.19414316788739442e-07
4  7  2.49142833617348290e-07
5  0  3.56605948078235491e-07
5  1  1.71721716321402241e-07
5  2  1.59117703393466726e-07
5  3  1.88379472259444458e-07
5  4  3.54538394531301570e-07
5  5  3.21547606473602235e-07
5  6  1.99000602691960758e-07
5  7  2.25965118881490860e-07
6  0  2.20691468875699140e-07
6  1  1.06265405243272858e-07
6  2  9.84620010813647562e-08
6  3  1.16578020581596929e-07
6  4  2.19414316788739415e-07
6  5  1.99000602691960758e-07
6  6  1.23159143307806572e-07
6  7  1.39847656339787788e-07
7  0  2.50591714067621439e-07
7  1  1.20658654625333678e-07
7  2  1.11796259340450815e-07
7  3  1.32370485518957101e-07
7  4  2.49142833617348237e-07
7  5  2.25965118881490860e-07
7  6  1.39847656339787788e-07
7  7  1.58797791528634665e-07
