numXbins 8
numYbins 8
xbin  ybin  z
0  0  5.18106977213570971e-04
0  1  3.22141820550327464e-04
0  2  3.72632519611937481e-04
0  3  3.37703495672984552e-04
0  4  4.80376978935379288e-04
0  5  4.16482817085225246e-04
0  6  2.39452155940596343e-04
0  7  2.60478468119228082e-04
1  0  3.22141820550327573e-04
1  1  2.20395726616823750e-04
1  2  2.34838537471111823e-04
1  3  2.09741975123030170e-04
1  4  2.96855597904431372e-04
1  5  2.56871467880393433e-04
1  6  1.47544696648516511e-04
1  7  1.60415987588377710e-04
2  0  3.72632519611937481e-04
2  1  2.34838537471111959e-04
2  2  2.70946815903863451e-04
2  3  2.42703170064535707e-04
2  4  3.44423792585139669e-04
2  5  2.98506396804563035e-04
2  6  1.71629247599631085e-04
2  7  1.86705183600478878e-04
3  0  3.37703495672984498e-04
3  1  2.09741975123030252e-04
3  2  2.42703170064535707e-04
3  3  2.21067334114571353e-04
3  4  3.13752160472180778e-04
3  5  2.71245775325378805e-04
3  6  1.55757365552768631e-04
3  7  1.69323019591334988e-04
4  0  4.80376978935379288e-04
4  1  2.96855597904431318e-04
4  2  3.44423792585139669e-04
4  3  3.13752160472180778e-04
4  4  4.46727252529488051e-04
4  5  3.87142152301034402e-04
4  6  2.22542977215034395e-04
4  7  2.42061290983680143e-04
5  0  4.16482817085225192e-04
5  1  2.56871467880393270e-04
5  2  2.98506396804563035e-04
5  3  2.71245775325378805e-04
5  4  3.87142152301034402e-04
5  5  3.36356192713218813e-04
5  6  1.93561700437891660e-04
5  7  2.10661089949486154e-04
6  0  2.39452155940596289e-04
6  1  1.47544696648516484e-04
6  2  1.71629247599631112e-04
6  3  1.55757365552768631e-04
6  4  2.22542977215034395e-04
6  5  1.93561700437891660e-04
6  6  1.11448428551884647e-04
6  7  1.21329619034280396e-04
7  0  2.60478468119228028e-04
7  1  1.60415987588377710e-04
7  2  1.86705183600478878e-04
7  3  1.69323019591334988e-04
7  4  2.42061290983680143e-04
7  5  2.10661089949486100e-04
7  6  1.21329619034280396e-04
7  7  1.32108246575348169e-04
