numXbins 8
numYbins 8
xbin  ybin  z
0  0  3.13194507750913506e-07
0  1  2.08057915828634471e-07
0  2  2.03797317530040337e-07
0  3  2.28869335046474852e-07
0  4  3.85332435565861382e-07
0  5  3.31427747132325105e-07
0  6  2.00329341504274725e-07
0  7  2.24938834109460539e-07
1  0  2.08057915828634418e-07
1  1  1.39040374871045709e-07
1  2  1.36384691024062543e-07
1  3  1.51179294554005487e-07
1  4  2.53905214496330739e-07
1  5  2.18303665979250790e-07
1  6  1.31930505026661682e-07
1  7  1.48124907525708158e-07
2  0  2.03797317530040389e-07
2  1  1.36384691024062595e-07
2  2  1.33823919642890984e-07
2  3  1.47883751495424514e-07
2  4  2.48224384035576763e-07
2  5  2.13400103259398965e-07
2  6  1.28961982851760398e-07
2  7  1.44789046200088871e-07
3  0  2.28869335046474852e-07
3  1  1.51179294554005460e-07
3  2  1.47883751495424514e-07
3  3  1.68145210435402591e-07
3  4  2.83747245674035357e-07
3  5  2.44139340863799808e-07
3  6  1.47591077527894123e-07
3  7  1.65735087536395809e-07
4  0  3.85332435565861487e-07
4  1  2.53905214496330739e-07
4  2  2.48224384035576763e-07
4  3  2.83747245674035410e-07
4  4  4.79298610873619033e-07
4  5  4.12455899933014708e-07
4  6  2.49360863388232322e-07
4  7  2.80025359979029479e-07
5  0  3.31427747132325158e-07
5  1  2.18303665979250790e-07
5  2  2.13400103259398965e-07
5  3  2.44139340863799755e-07
5  4  4.12455899933014655e-07
5  5  3.54943168796879999e-07
5  6  2.14592200106458679e-07
5  7  2.40982356897585304e-07
6  0  2.00329341504274778e-07
6  1  1.31930505026661708e-07
6  2  1.28961982851760425e-07
6  3  1.47591077527894070e-07
6  4  2.49360863388232322e-07
6  5  2.14592200106458679e-07
6  6  1.29739115575550538e-07
6  7  1.45694523123855300e-07
7  0  2.24938834109460539e-07
7  1  1.48124907525708131e-07
7  2  1.44789046200088871e-07
7  3  1.65735087536395783e-07
7  4  2.80025359979029373e-07
7  5  2.40982356897585304e-07
7  6  1.45694523123855274e-07
7  7  1.63612328511335971e-07
