numXbins 8
numYbins 8
xbin  ybin  z
0  0  1.46595898093223042e-07
0  1  -5.18065092507971082e-10
0  2  1.65116749855169597e-07
0  3  1.39842238260566372e-07
0  4  1.58254804886987320e-07
0  5  1.06824373687120281e-07
0  6  5.48978646716177271e-08
0  7  5.60278392824701640e-08
1  0  -5.18065092507970462e-10
1  1  1.64839111822935591e-06
1  2  5.31726322268301719e-07
1  3  3.11488622631843350e-07
1  4  3.30435167792646528e-07
1  5  2.40344865849258327e-07
1  6  1.30150296139694049e-07
1  7  1.37296857627699059e-07
2  0  1.65116749855169597e-07
2  1  5.31726322268301613e-07
2  2  4.52677900067172260e-07
2  3  2.58316915632056758e-07
2  4  2.73020970582530992e-07
2  5  2.04044804715625793e-07
2  6  1.11341877076398463e-07
2  7  1.17856108058790454e-07
3  0  1.39842238260566345e-07
3  1  3.11488622631843297e-07
3  2  2.58316915632056758e-07
3  3  1.95720120969043140e-07
3  4  2.12833727167170317e-07
3  5  1.46653958517528625e-07
3  6  7.64193152783540007e-08
3  7  7.86951652754938999e-08
4  0  1.58254804886987346e-07
4  1  3.30435167792646475e-07
4  2  2.73020970582531045e-07
4  3  2.12833727167170370e-07
4  4  2.41419627390877248e-07
4  5  1.66550181816749495e-07
4  6  8.69621246112376173e-08
4  7  8.96770736940305170e-08
5  0  1.06824373687120281e-07
5  1  2.40344865849258327e-07
5  2  2.04044804715625820e-07
5  3  1.46653958517528625e-07
5  4  1.66550181816749495e-07
5  5  1.18614655305608362e-07
5  6  6.30422349542350697e-08
5  7  6.57110615784253479e-08
6  0  5.48978646716177271e-08
6  1  1.30150296139694049e-07
6  2  1.11341877076398463e-07
6  3  7.64193152783540007e-08
6  4  8.69621246112376173e-08
6  5  6.30422349542350697e-08
6  6  3.38319775987169975e-08
6  7  3.54669793852629164e-08
7  0  5.60278392824701640e-08
7  1  1.37296857627699032e-07
7  2  1.17856108058790454e-07
7  3  7.86951652754938999e-08
7  4  8.96770736940305038e-08
7  5  6.57110615784253479e-08
7  6  3.54669793852629164e-08
7  7  3.73060297637814763e-08
