numXbins 8
numYbins 8
xbin  ybin  z
0  0  7.54199363406514618e-05
0  1  -1.89888912434253216e-04
0  2  1.15827606838662353e-05
0  3  4.83707032216058037e-05
0  4  4.54991329372266353e-05
0  5  1.27190898033503230e-05
0  6  2.22843683019289873e-07
0  7  -3.92555423546639525e-06
1  0  -1.89888912434253135e-04
1  1  5.66808262629942884e-04
1  2  -1.00464177543415685e-04
1  3  -9.23912675575158735e-05
1  4  -9.14750432384449434e-05
1  5  -5.07292198200827313e-05
1  6  -2.20397331879055471e-05
1  7  -1.98199088483248199e-05
2  0  1.15827606838662353e-05
2  1  -1.00464177543415685e-04
2  2  2.90018041949068365e-04
2  3  4.04424589655086073e-05
2  4  -5.50087622724830557e-05
2  5  -7.75579223299393552e-05
2  6  -5.05779927493715060e-05
2  7  -5.84344067032332418e-05
3  0  4.83707032216058037e-05
3  1  -9.23912675575159549e-05
3  2  4.04424589655086073e-05
3  3  9.24272041765378472e-05
3  4  3.55302648358511594e-05
3  5  -3.57801482553542140e-05
3  6  -3.76449045390145866e-05
3  7  -5.09543108476181742e-05
4  0  4.54991329372268048e-05
4  1  -9.14750432384452009e-05
4  2  -5.50087622724831370e-05
4  3  3.55302648358511594e-05
4  4  4.82243278461217420e-05
4  5  1.61190865620049523e-05
4  6  2.44482602536204575e-06
4  7  -1.33383269563760422e-06
5  0  1.27190898033503230e-05
5  1  -5.07292198200828194e-05
5  2  -7.75579223299394365e-05
5  3  -3.57801482553542140e-05
5  4  1.61190865620050404e-05
5  5  5.13223973738528790e-05
5  6  3.78891024500475801e-05
5  7  4.60176142161206492e-05
6  0  2.22843683019375556e-07
6  1  -2.20397331879056318e-05
6  2  -5.05779927493715467e-05
6  3  -3.76449045390145459e-05
6  4  2.44482602536208852e-06
6  5  3.78891024500475801e-05
6  6  3.08445440407991778e-05
6  7  3.88613142770638046e-05
7  0  -3.92555423546630970e-06
7  1  -1.98199088483247792e-05
7  2  -5.84344067032332418e-05
7  3  -5.09543108476180929e-05
7  4  -1.33383269563760422e-06
7  5  4.60176142161206492e-05
7  6  3.88613142770638046e-05
7  7  4.95890848370961112e-05
