numXbins 8
numYbins 8
xbin  ybin  z
0  0  7.72172068116935926e-04
0  1  3.75458513688510520e-04
0  2  6.92220646624570955e-04
0  3  6.20799402098087577e-04
0  4  7.69458337254161004e-04
0  5  6.32524716108784336e-04
0  6  3.50624384166308529e-04
0  7  3.73087092935544379e-04
1  0  3.75458513688510520e-04
1  1  1.82561764821357724e-04
1  2  3.36583186387418519e-04
1  3  3.01855545460064827e-04
1  4  3.74138997743349788e-04
1  5  3.07556825204258557e-04
1  6  1.70486495921910952e-04
1  7  1.81408692665549167e-04
2  0  6.92220646624570955e-04
2  1  3.36583186387418519e-04
2  2  6.20547470438641648e-04
2  3  5.56521248680297959e-04
2  4  6.89787898005243165e-04
2  5  5.67032512660817201e-04
2  6  3.14320405970950907e-04
2  7  3.34457304767483467e-04
3  0  6.20799402098087577e-04
3  1  3.01855545460064827e-04
3  2  5.56521248680297959e-04
3  3  4.99101059929793174e-04
3  4  6.18617657165026298e-04
3  5  5.08527803304497294e-04
3  6  2.81889771773629499e-04
3  7  2.99949005912274072e-04
4  0  7.69458337254161004e-04
4  1  3.74138997743349788e-04
4  2  6.89787898005243165e-04
4  3  6.18617657165026298e-04
4  4  7.66754143559978275e-04
4  5  6.30301763590237476e-04
4  6  3.49392145586539858e-04
4  7  3.71775911140182316e-04
5  0  6.32524716108784336e-04
5  1  3.07556825204258557e-04
5  2  5.67032512660817201e-04
5  3  5.08527803304497294e-04
5  4  6.30301763590237476e-04
5  5  5.18132593767831268e-04
5  6  2.87213949083206261e-04
5  7  3.05614275997315285e-04
6  0  3.50624384166308529e-04
6  1  1.70486495921910952e-04
6  2  3.14320405970950907e-04
6  3  2.81889771773629499e-04
6  4  3.49392145586539858e-04
6  5  2.87213949083206261e-04
6  6  1.59209927227496877e-04
6  7  1.69409691961447021e-04
7  0  3.73087092935544379e-04
7  1  1.81408692665549167e-04
7  2  3.34457304767483467e-04
7  3  2.99949005912274072e-04
7  4  3.71775911140182316e-04
7  5  3.05614275997315285e-04
7  6  1.69409691961447021e-04
7  7  1.80262903389580281e-04
