numXbins 8
numYbins 8
xbin  ybin  z
0  0  5.10733065952817644e-06
0  1  -5.92769359209846722e-06
0  2  1.26379982675654391e-05
0  3  6.73459906210375905e-06
0  4  1.52195179365345112e-06
0  5  -9.16106186168644469e-07
0  6  -1.49909798001529345e-06
0  7  -2.27096318136981469e-06
1  0  -5.92769359209847145e-06
1  1  6.87982699069092778e-06
1  2  -1.46679716551815973e-05
1  3  -7.81634132720765745e-06
1  4  -1.76641468824651736e-06
1  5  1.06325537378371200e-06
1  6  1.73988998998653680e-06
1  7  2.63573572879673277e-06
2  0  1.26379982675654391e-05
2  1  -1.46679716551815973e-05
2  2  3.12725004230962123e-05
2  3  1.66646447926435895e-05
2  4  3.76604246204950580e-06
2  5  -2.26688835431205261e-06
2  6  -3.70949110941142090e-06
2  7  -5.61945772951148976e-06
3  0  6.73459906210375905e-06
3  1  -7.81634132720765406e-06
3  2  1.66646447926435895e-05
3  3  8.88033839020691072e-06
3  4  2.00686734527044431e-06
3  5  -1.20799068504578944e-06
3  6  -1.97673198060477774e-06
3  7  -2.99452444552282339e-06
4  0  1.52195179365345112e-06
4  1  -1.76641468824651355e-06
4  2  3.76604246204950707e-06
4  3  2.00686734527044473e-06
4  4  4.53531877338630105e-07
4  5  -2.72993770359327657e-07
4  6  -4.46721587389314295e-07
4  7  -6.76732468997030258e-07
5  0  -9.16106186168644363e-07
5  1  1.06325537378371115e-06
5  2  -2.26688835431205261e-06
5  3  -1.20799068504578923e-06
5  4  -2.72993770359327287e-07
5  5  1.64322735355065491e-07
5  6  2.68894462629486783e-07
5  7  4.07344571499960566e-07
6  0  -1.49909798001529345e-06
6  1  1.73988998998653616e-06
6  2  -3.70949110941142005e-06
6  3  -1.97673198060477732e-06
6  4  -4.46721587389313606e-07
6  5  2.68894462629486677e-07
6  6  4.40013561583957306e-07
6  7  6.66570571758339888e-07
7  0  -2.27096318136981469e-06
7  1  2.63573572879673235e-06
7  2  -5.61945772951149061e-06
7  3  -2.99452444552282254e-06
7  4  -6.76732468997029728e-07
7  5  4.07344571499960249e-07
7  6  6.66570571758339782e-07
7  7  1.00977871121697640e-06
