numXbins 8
numYbins 8
xbin  ybin  z
0  0  1.91759542598727327e-07
0  1  1.93330070228723579e-07
0  2  2.55134308355457422e-07
0  3  1.41119094319446516e-07
0  4  7.87606251343611464e-08
0  5  -1.11396263477274139e-08
0  6  -2.11058071551793197e-08
0  7  -3.10308207466703532e-08
1  0  1.93330070228723632e-07
1  1  2.01139011848929771e-07
1  2  2.68325306479658969e-07
1  3  1.48054538107236889e-07
1  4  7.96745933404280304e-08
1  5  -1.72928449009137102e-08
1  6  -2.54179910016922661e-08
1  7  -3.60770578186442155e-08
2  0  2.55134308355457475e-07
2  1  2.68325306479658916e-07
2  2  3.59249953859108705e-07
2  3  1.98063978752690489e-07
2  4  1.05269811945748236e-07
2  5  -2.56309223585728409e-08
2  6  -3.54623424797062902e-08
2  7  -4.98314973773300179e-08
3  0  1.41119094319446490e-07
3  1  1.48054538107236836e-07
3  2  1.98063978752690489e-07
3  3  1.09217646687108897e-07
3  4  5.82109293981754364e-08
3  5  -1.38256533388671353e-08
3  6  -1.93749802465284331e-08
3  7  -2.72849799622844214e-08
4  0  7.87606251343611464e-08
4  1  7.96745933404279775e-08
4  2  1.05269811945748236e-07
4  3  5.82109293981754033e-08
4  4  3.23606501637734716e-08
4  5  -4.83718034873299189e-09
4  6  -8.84750074115699230e-09
4  7  -1.29521577736761034e-08
5  0  -1.11396263477274089e-08
5  1  -1.72928449009137334e-08
5  2  -2.56309223585728376e-08
5  3  -1.38256533388671486e-08
5  4  -4.83718034873299189e-09
5  5  6.54983347767943424e-09
5  6  5.25664168455779226e-09
5  7  6.46881800891265829e-09
6  0  -2.11058071551793296e-08
6  1  -2.54179910016922926e-08
6  2  -3.54623424797062902e-08
6  3  -1.93749802465284496e-08
6  4  -8.84750074115699726e-09
6  5  5.25664168455778895e-09
6  6  5.07519637606376677e-09
6  7  6.60160215343732742e-09
7  0  -3.10308207466703532e-08
7  1  -3.60770578186442221e-08
7  2  -4.98314973773300377e-08
7  3  -2.72849799622844380e-08
7  4  -1.29521577736761084e-08
7  5  6.46881800891265498e-09
7  6  6.60160215343732990e-09
7  7  8.71014720309211083e-09
