numXbins 8
numYbins 8
xbin  ybin  z
0  0  5.37471940020905095e-07
0  1  -3.96935146462213042e-07
0  2  1.22103774206228958e-07
0  3  8.02105545252393464e-08
0  4  5.42468648735985530e-07
0  5  8.21225843202884730e-07
0  6  5.90728685630361487e-07
0  7  7.16008296218059768e-07
1  0  -3.96935146462213042e-07
1  1  2.96214612907202175e-07
1  2  -8.32057808348468365e-08
1  3  -5.56173761483005485e-08
1  4  -3.99990838793251113e-07
1  5  -6.09567702622417280e-07
1  6  -4.38271472426648443e-07
1  7  -5.31039355623766721e-07
2  0  1.22103774206228958e-07
2  1  -8.32057808348468498e-08
2  2  4.35717667293944435e-08
2  3  2.64441425972313579e-08
2  4  1.24680022363406730e-07
2  5  1.79585850331747219e-07
2  6  1.29648823781812487e-07
2  7  1.57551176744059452e-07
3  0  8.02105545252393200e-08
3  1  -5.56173761483005683e-08
3  2  2.64441425972313546e-08
3  3  1.62400338397645533e-08
3  4  8.17046222166384251e-08
3  5  1.18931419345941457e-07
3  6  8.57935147881666235e-08
3  7  1.04199601379149379e-07
4  0  5.42468648735985425e-07
4  1  -3.99990838793251113e-07
4  2  1.24680022363406704e-07
4  3  8.17046222166384383e-08
4  4  5.47642983211048020e-07
4  5  8.28225032277515870e-07
4  6  5.95805992834837584e-07
4  7  7.22199417712268997e-07
5  0  8.21225843202884942e-07
5  1  -6.09567702622417280e-07
5  2  1.79585850331747219e-07
5  3  1.18931419345941496e-07
5  4  8.28225032277515870e-07
5  5  1.25786404433673887e-06
5  6  9.04607233631811689e-07
5  7  1.09627364160740879e-06
6  0  5.90728685630361592e-07
6  1  -4.38271472426648496e-07
6  2  1.29648823781812461e-07
6  3  8.57935147881665838e-08
6  4  5.95805992834837584e-07
6  5  9.04607233631811901e-07
6  6  6.50572389317521489e-07
6  7  7.88426397293740312e-07
7  0  7.16008296218059768e-07
7  1  -5.31039355623766721e-07
7  2  1.57551176744059399e-07
7  3  1.04199601379149379e-07
7  4  7.22199417712268997e-07
7  5  1.09627364160740879e-06
7  6  7.88426397293740312e-07
7  7  9.55501622746120149e-07
