numXbins 5
numYbins 5
xbin  ybin  z
0  0  1.96105680151620434e-09
0  1  -7.33581034253093981e-09
0  2  -3.23964073660287819e-09
0  3  1.17273253572804505e-09
0  4  1.22222236538862595e-08
1  0  -7.33581034253093816e-09
1  1  2.74413843290908990e-08
1  2  1.21186647950643587e-08
1  3  -4.38689152602051465e-09
1  4  -4.57202028108436035e-08
2  0  -3.23964073660287777e-09
2  1  1.21186647950643621e-08
2  2  5.35184503281207687e-09
2  3  -1.93733913925734582e-09
2  4  -2.01909570443791314e-08
3  0  1.17273253572804546e-09
3  1  -4.38689152602051548e-09
3  2  -1.93733913925734664e-09
3  3  7.01306356497070895e-10
3  4  7.30901793705075658e-09
4  0  1.22222236538862628e-08
4  1  -4.57202028108436101e-08
4  2  -2.01909570443791281e-08
4  3  7.30901793705075906e-09
4  4  7.61746171401667268e-08
