numXbins 5
numYbins 5
xbin  ybin  z
0  0  2.23022096787636854e-08
0  1  1.03149157528824817e-07
0  2  -1.28220287491292177e-08
0  3  -3.92584921069012386e-09
0  4  -7.62913608544150647e-08
1  0  1.03149157528824844e-07
1  1  5.48851329148829934e-07
1  2  -5.00613355456988901e-08
1  3  -2.47986801910393872e-08
1  4  -4.35678864442032087e-07
2  0  -1.28220287491292210e-08
2  1  -5.00613355456988967e-08
2  2  8.56145616505583066e-09
2  3  1.40200549069603296e-09
2  4  3.31979962294594942e-08
3  0  -3.92584921069012468e-09
3  1  -2.47986801910393806e-08
3  2  1.40200549069603006e-09
3  3  1.30555388515976574e-09
3  4  2.10929889765493656e-08
4  0  -7.62913608544150912e-08
4  1  -4.35678864442032087e-07
4  2  3.31979962294594876e-08
4  3  2.10929889765493590e-08
4  4  3.56550351679464898e-07
