numXbins 5
numYbins 5
xbin  ybin  z
0  0  2.16163077402288087e-05
0  1  -2.12554564455680274e-05
0  2  6.47822649224399601e-05
0  3  5.41953077899249680e-05
0  4  4.56243239202729715e-05
1  0  -2.12554564455680206e-05
1  1  2.09006290130035317e-05
1  2  -6.37008237970984793e-05
1  3  -5.32905997696862132e-05
1  4  -4.48626954057041157e-05
2  0  6.47822649224399601e-05
2  1  -6.37008237970985064e-05
2  2  1.94147025427052536e-04
2  3  1.62418801073329391e-04
2  4  1.36732279843044657e-04
3  0  5.41953077899249680e-05
3  1  -5.32905997696862132e-05
3  2  1.62418801073329391e-04
3  3  1.35875720393200343e-04
3  4  1.14386985385333739e-04
4  0  4.56243239202729648e-05
4  1  -4.48626954057041157e-05
4  2  1.36732279843044657e-04
4  3  1.14386985385333726e-04
4  4  9.62966922102099289e-05
