numXbins 8
numYbins 8
xbin  ybin  z
0  0  8.12410439589863739e-06
0  1  -4.97356547281550322e-06
0  2  1.03211110100447929e-05
0  3  6.70087511455507998e-06
0  4  6.38081351646160444e-06
0  5  4.07221650511147864e-06
0  6  2.03968985930436762e-06
0  7  2.04558362233676213e-06
1  0  -4.97356547281550322e-06
1  1  2.97951023815410013e-05
1  2  -1.54738589908777822e-06
1  3  -2.03656591990737499e-06
1  4  -3.00541842526906285e-06
1  5  -2.52025492983619486e-06
1  6  -1.56046318147647095e-06
1  7  -1.78223675594099991e-06
2  0  1.03211110100447929e-05
2  1  -1.54738589908777822e-06
2  2  2.01920300479307937e-05
2  3  6.55609680603497511e-06
2  4  4.61009914956531181e-06
2  5  3.12169521437199052e-06
2  6  1.67623582418101398e-06
2  7  1.75362200983810092e-06
3  0  6.70087511455507998e-06
3  1  -2.03656591990737499e-06
3  2  6.55609680603497511e-06
3  3  9.43886834937433247e-06
3  4  8.68457907270282742e-06
3  5  3.95803482994532527e-06
3  6  1.42858827115159146e-06
3  7  1.06308125155467836e-06
4  0  6.38081351646160444e-06
4  1  -3.00541842526906201e-06
4  2  4.61009914956531096e-06
4  3  8.68457907270282742e-06
4  4  9.85840569087990674e-06
4  5  5.73991264441180159e-06
4  6  2.62418543546458826e-06
4  7  2.46238077133555734e-06
5  0  4.07221650511147949e-06
5  1  -2.52025492983619486e-06
5  2  3.12169521437199052e-06
5  3  3.95803482994532527e-06
5  4  5.73991264441180159e-06
5  5  4.83078705915903143e-06
5  6  2.71009303098396178e-06
5  7  2.90439593471349646e-06
6  0  2.03968985930436762e-06
6  1  -1.56046318147647052e-06
6  2  1.67623582418101398e-06
6  3  1.42858827115159146e-06
6  4  2.62418543546458826e-06
6  5  2.71009303098396178e-06
6  6  1.66028412112558545e-06
6  7  1.86473350206463041e-06
7  0  2.04558362233676171e-06
7  1  -1.78223675594099991e-06
7  2  1.75362200983810092e-06
7  3  1.06308125155467857e-06
7  4  2.46238077133555691e-06
7  5  2.90439593471349646e-06
7  6  1.86473350206463041e-06
7  7  2.14254178012873140e-06
