numXbins 8
numYbins 8
xbin  ybin  z
0  0  1.03818757995578673e-01
0  1  -1.64864176345753455e+00
0  2  3.38837022047518799e+00
0  3  2.97787572550863455e+00
0  4  1.33353939974533708e+00
0  5  1.25375236533304957e-01
0  6  1.50930186576251013e+00
0  7  6.64388956001452424e-01
1  0  -2.13275927967355283e+00
1  1  8.61580677757180347e+00
1  2  -5.67299054754535348e-02
1  3  3.18999761036856122e-01
1  4  -3.56662917862360151e-01
1  5  5.68606250419121606e-01
1  6  8.03340135546492862e-01
1  7  -1.41740141722542878e+00
2  0  -1.26841278982790584e+00
2  1  -1.29649793481636300e+00
2  2  7.40805402492380694e+00
2  3  2.28265717921215838e+00
2  4  -1.60073223168709422e-01
2  5  -9.13477649448990681e-01
2  6  2.07376267755953059e+00
2  7  -1.97032013838689402e-02
3  0  -8.10859890766678526e-01
3  1  -1.19589605312312131e+00
3  2  9.90040001189089969e-01
3  3  4.72419337972616216e+00
3  4  2.27340697681040815e+00
3  5  -3.58037334112229599e-01
3  6  6.10297515940094071e-01
3  7  -3.08810919114665960e-01
4  0  -9.05040523223453852e-01
4  1  -1.50297689662173983e+00
4  2  3.56592315454264841e-01
4  3  3.39774844552057331e+00
4  4  3.38044663487611841e+00
4  5  6.86270664189748025e-01
4  6  1.30664803146384023e+00
4  7  3.65624406200646845e-01
5  0  -6.70165996135394959e-01
5  1  -1.21951527800453707e+00
5  2  4.43297303685245170e-01
5  3  1.23653066563028680e+00
5  4  1.60751132230190974e+00
5  5  1.61871434144972803e+00
5  6  1.67471178014845412e+00
5  7  1.08358463629605950e+00
6  0  -3.64501628232648534e-01
6  1  -6.77365210418323760e-01
6  2  3.19983702951458393e-01
6  3  2.75323676723327027e-01
6  4  6.44102089747795259e-01
6  5  1.02383922819159512e+00
6  6  1.05651943074746124e+00
6  7  9.80219173627940865e-01
7  0  -3.85306075873719622e-01
7  1  -7.22361705581391678e-01
7  2  3.87769486335264202e-01
7  3  4.46155524800993311e-02
7  4  5.44642745128073869e-01
7  5  1.15186702524785778e+00
7  6  1.18829647175547448e+00
7  7  1.29912995963998101e+00
