numXbins 8
numYbins 8
xbin  ybin  z
0  0  -4.24375877004912971e-01
0  1  -2.75575910805653734e+00
0  2  1.52096353935551987e+00
0  3  3.70774109805360208e+00
0  4  2.55118101791728957e+00
0  5  7.44346423914483690e-01
0  6  1.94023604565127483e+00
0  7  4.48105623129616326e-01
1  0  -2.24959984895197929e+00
1  1  8.47188811674706344e+00
1  2  -4.29157801081325396e-01
1  3  4.54553306495868392e-01
1  4  -3.15399606927651233e-01
1  5  1.40250061049891062e+00
1  6  1.10543576134122024e-01
1  7  -1.76962911685833735e+00
2  0  -1.33695299342176432e+00
2  1  -1.23199776599217481e+00
2  2  7.04170864439768884e+00
2  3  2.28741294253478600e+00
2  4  -5.03907259051755041e-01
2  5  -3.48332541971390519e-01
2  6  2.15699105640348643e+00
2  7  -4.80991612080936104e-01
3  0  -8.34699145749290827e-01
3  1  -1.07555880404206650e+00
3  2  7.25243857530672331e-01
3  3  4.73104605606706752e+00
3  4  1.82766448557833172e+00
3  5  1.21054064942041073e-02
3  6  8.12426244897853644e-01
3  7  -6.44618414372486015e-01
4  0  -9.21329314327896443e-01
4  1  -1.34636038899637134e+00
4  2  1.28502273910229725e-01
4  3  3.28921646525499956e+00
4  4  3.09300794257299128e+00
4  5  8.56299679450894136e-01
4  6  1.52297253322113191e+00
4  7  6.55806146655741884e-02
5  0  -6.87425407242837183e-01
5  1  -1.09354464173625976e+00
5  2  2.71164703635620563e-01
5  3  1.19230795456449346e+00
5  4  1.52974694690784152e+00
5  5  1.58555581899788156e+00
5  6  1.63381534434627440e+00
5  7  1.05882691227543591e+00
6  0  -3.74742346714213581e-01
6  1  -6.08071454331026273e-01
6  2  2.27324751529537517e-01
6  3  2.67306945970052279e-01
6  4  6.35732248989534732e-01
6  5  9.56361537540119655e-01
6  6  9.88944792102021131e-01
6  7  1.02293631663390050e+00
7  0  -3.96495951407934477e-01
7  1  -6.48847269368806545e-01
7  2  2.90662787822782265e-01
7  3  4.72025800009449048e-02
7  4  5.54488190284735394e-01
7  5  1.05153539168511778e+00
7  6  1.08974972365769984e+00
7  7  1.37846919869105622e+00
