numXbins 5
numYbins 5
xbin  ybin  z
0  0  1.77418795757085545e-05
0  1  4.29063866354814658e-06
0  2  3.59874711618049952e-06
0  3  3.16417841941681547e-06
0  4  2.03678651309230768e-05
1  0  4.29063866354814658e-06
1  1  1.05460960800485048e-06
1  2  8.99910856405158567e-07
1  3  7.54985188164762864e-07
1  4  4.91630253958874449e-06
2  0  3.59874711618049867e-06
2  1  8.99910856405158462e-07
2  2  7.81585295182057640e-07
2  3  6.23981172180569606e-07
2  4  4.11501517904142806e-06
3  0  3.16417841941681336e-06
3  1  7.54985188164762864e-07
3  2  6.23981172180569500e-07
3  3  5.70480229518551605e-07
3  4  3.63817228083807090e-06
4  0  2.03678651309230734e-05
4  1  4.91630253958874533e-06
4  2  4.11501517904142890e-06
4  3  3.63817228083807090e-06
4  4  2.33877249717542513e-05
