numXbins 5
numYbins 5
xbin  ybin  z
0  0  1.85167346702250863e-04
0  1  1.74667678858115927e-05
0  2  3.20657822839143567e-06
0  3  8.04693330399292576e-05
0  4  1.90168076736055335e-04
1  0  1.74667678858115893e-05
1  1  3.54314706507722479e-05
1  2  7.34275108459838549e-05
1  3  3.83285079812456327e-05
1  4  3.00067354331002458e-05
2  0  3.20657822839143567e-06
2  1  7.34275108459838549e-05
2  2  2.02199563900174947e-04
2  3  2.18905370558439272e-04
2  4  1.76432715747615298e-05
3  0  8.04693330399292576e-05
3  1  3.83285079812456327e-05
3  2  2.18905370558439272e-04
3  3  5.88692491171828071e-04
3  4  5.42824029289396570e-05
4  0  1.90168076736055335e-04
4  1  3.00067354331002458e-05
4  2  1.76432715747615264e-05
4  3  5.42824029289396570e-05
4  4  2.05197743550292715e-04
