numXbins 5
numYbins 5
xbin  ybin  z
0  0  8.76152881939087539e-05
0  1  5.43518558717229758e-05
0  2  8.98911657837944721e-05
0  3  4.30505897173681415e-05
0  4  1.22738718485512814e-04
1  0  5.43518558717229894e-05
1  1  4.14307595868619504e-05
1  2  7.66630141631144960e-05
1  3  4.88026925418629456e-05
1  4  7.88391337451893435e-05
2  0  8.98911657837944721e-05
2  1  7.66630141631144825e-05
2  2  1.55915819669853869e-04
2  3  1.30497694024826115e-04
2  4  1.32006553765610241e-04
3  0  4.30505897173681483e-05
3  1  4.88026925418629320e-05
3  2  1.30497694024826142e-04
3  3  1.83586562269946518e-04
3  4  6.33216058050542051e-05
4  0  1.22738718485512814e-04
4  1  7.88391337451893435e-05
4  2  1.32006553765610213e-04
4  3  6.33216058050541238e-05
4  4  1.73547655006563688e-04
