numXbins 5
numYbins 5
xbin  ybin  z
0  0  1.21814784469607691e-04
0  1  9.07174112140780804e-05
0  2  1.64705258254842631e-04
0  3  1.07485088360035656e-04
0  4  1.95181674791348775e-04
1  0  9.07174112140780669e-05
1  1  9.01692832863965754e-05
1  2  1.82519968166849824e-04
1  3  1.43617817529280889e-04
1  4  1.59926678151001269e-04
2  0  1.64705258254842658e-04
2  1  1.82519968166849824e-04
2  2  4.08381307623109310e-04
2  3  4.13342667046268184e-04
2  4  3.07282282123157928e-04
3  0  1.07485088360035656e-04
3  1  1.43617817529280889e-04
3  2  4.13342667046268184e-04
3  3  6.39328587659358989e-04
3  4  2.32171165748267254e-04
4  0  1.95181674791348775e-04
4  1  1.59926678151001297e-04
4  2  3.07282282123157928e-04
4  3  2.32171165748267254e-04
4  4  3.38710899710467682e-04
