numXbins 5
numYbins 5
xbin  ybin  z
0  0  7.82235022151703914e-04
0  1  7.18268648707016044e-04
0  2  1.70106884879075364e-03
0  3  2.10580871915447883e-03
0  4  1.23155712991640715e-03
1  0  7.18268648707016152e-04
1  1  6.66397829288636239e-04
1  2  1.57960885755076188e-03
1  3  1.95134985536475148e-03
1  4  1.13632286789274698e-03
2  0  1.70106884879075407e-03
2  1  1.57960885755076188e-03
2  2  3.74812210813878569e-03
2  3  4.63761186895930277e-03
2  4  2.69230072402433344e-03
3  0  2.10580871915447927e-03
3  1  1.95134985536475104e-03
3  2  4.63761186895930277e-03
3  3  5.75958554458614897e-03
3  4  3.32997947801219997e-03
4  0  1.23155712991640715e-03
4  1  1.13632286789274676e-03
4  2  2.69230072402433301e-03
4  3  3.32997947801219997e-03
4  4  1.94487310574878230e-03
