numXbins 5
numYbins 5
xbin  ybin  z
0  0  9.76756449110362381e-06
0  1  -6.78240699598637381e-06
0  2  -1.56843942494434598e-05
0  3  -3.88173762908286455e-07
0  4  -1.78468889285651737e-06
1  0  -6.78240699598637551e-06
1  1  4.70957163386052077e-06
1  2  1.08909386144441306e-05
1  3  2.69540318633725546e-07
1  4  1.23925329017219090e-06
2  0  -1.56843942494434632e-05
2  1  1.08909386144441323e-05
2  2  2.51854209097911896e-05
2  3  6.23315089476894503e-07
2  4  2.86578749837377607e-06
3  0  -3.88173762908288149e-07
3  1  2.69540318633723058e-07
3  2  6.23315089476887939e-07
3  3  1.54264525560732624e-08
3  4  7.09255008033638017e-08
4  0  -1.78468889285652139e-06
4  1  1.23925329017219323e-06
4  2  2.86578749837378412e-06
4  3  7.09255008033723250e-08
4  4  3.26090956162769084e-07
