numXbins 5
numYbins 5
xbin  ybin  z
0  0  1.38787505826185585e-03
0  1  1.16508191420256553e-03
0  2  2.71959278616529980e-03
0  3  3.34560157964576511e-03
0  4  1.97581306841663681e-03
1  0  1.16508191420256553e-03
1  1  1.15623572083326464e-03
1  2  2.76198453880780077e-03
1  3  3.32167621366898005e-03
1  4  1.72871104591000883e-03
2  0  2.71959278616530024e-03
2  1  2.76198453880780034e-03
2  2  6.68660170887157637e-03
2  3  8.19295808724228823e-03
2  4  4.05793245782883841e-03
3  0  3.34560157964576294e-03
3  1  3.32167621366897961e-03
3  2  8.19295808724228997e-03
3  3  1.05073704296742964e-02
3  4  4.95066731800443676e-03
4  0  1.97581306841663725e-03
4  1  1.72871104591000861e-03
4  2  4.05793245782883755e-03
4  3  4.95066731800443589e-03
4  4  2.85361886408448066e-03
