numXbins 5
numYbins 5
xbin  ybin  z
0  0  3.99610818366921192e-07
0  1  -6.14839743367852876e-09
0  2  -3.44393058815427995e-08
0  3  3.74952507789229666e-07
0  4  8.00305159595143096e-07
1  0  -6.14839743367852876e-09
1  1  9.45990180069508409e-11
1  2  5.29881900507814471e-10
1  3  -5.76900556912814670e-09
1  4  -1.23134659104658949e-08
2  0  -3.44393058815427995e-08
2  1  5.29881900507816435e-10
2  2  2.96805225256295357e-09
2  3  -3.23142005003181205e-08
2  4  -6.89719920559476921e-08
3  0  3.74952507789229560e-07
3  1  -5.76900556912815001e-09
3  2  -3.23142005003179816e-08
3  3  3.51815758321996929e-07
3  4  7.50921678780301629e-07
4  0  8.00305159595143096e-07
4  1  -1.23134659104658982e-08
4  2  -6.89719920559477318e-08
4  3  7.50921678780301523e-07
4  4  1.60278030282581969e-06
