numXbins 5
numYbins 5
xbin  ybin  z
0  0  1.15202911128416335e-05
0  1  1.00249198513125777e-05
0  2  2.37247377391698011e-05
0  3  2.94988273288905708e-05
0  4  1.66923103354668195e-05
1  0  1.00249198513125777e-05
1  1  8.72365264391756989e-06
1  2  2.06451896049284812e-05
1  3  2.56697835830029550e-05
1  4  1.45255941544531907e-05
2  0  2.37247377391698011e-05
2  1  2.06451896049284778e-05
2  2  4.88584164479112903e-05
2  3  6.07495014783837183e-05
2  4  3.43759268833355072e-05
3  0  2.94988273288905708e-05
3  1  2.56697835830029652e-05
3  2  6.07495014783837318e-05
3  3  7.55346201980706332e-05
3  4  4.27422862393911560e-05
4  0  1.66923103354668263e-05
4  1  1.45255941544531907e-05
4  2  3.43759268833355140e-05
4  3  4.27422862393911696e-05
4  4  2.41863006417382046e-05
