numXbins 5
numYbins 5
xbin  ybin  z
0  0  1.55164537764931540e-03
0  1  1.40427189800138149e-03
0  2  3.09905060556503595e-03
0  3  3.33729466935313215e-03
0  4  2.33846645258372742e-03
1  0  1.40427189800138149e-03
1  1  1.27089578064794513e-03
1  2  2.80470637077662871e-03
1  3  3.02032228950550527e-03
1  4  2.11636161914599726e-03
2  0  3.09905060556503595e-03
2  1  2.80470637077662871e-03
2  2  6.18963249863373373e-03
2  3  6.66546958150721677e-03
2  4  4.67054262550125644e-03
3  0  3.33729466935313215e-03
3  1  3.02032228950550527e-03
3  2  6.66546958150721677e-03
3  3  7.17788733851402322e-03
3  4  5.02959744480520332e-03
4  0  2.33846645258372742e-03
4  1  2.11636161914599726e-03
4  2  4.67054262550125644e-03
4  3  5.02959744480520332e-03
4  4  3.52427521689522953e-03
