numXbins 5
numYbins 5
xbin  ybin  z
0  0  1.85341090613794462e-04
0  1  8.46654449159206914e-06
0  2  -1.28844878593006503e-05
0  3  7.67829821282979026e-05
0  4  1.51639768822737424e-04
1  0  8.46654449159207083e-06
1  1  3.52639105529225830e-05
1  2  6.05753294105368950e-05
1  3  -1.04436145615670361e-05
1  4  1.91960815827014816e-05
2  0  -1.28844878593006486e-05
2  1  6.05753294105368950e-05
2  2  1.56922826347239292e-04
2  3  1.41001680274334911e-04
2  4  -1.04224087097271419e-05
3  0  7.67829821282979026e-05
3  1  -1.04436145615670429e-05
3  2  1.41001680274334911e-04
3  3  6.39818069385587993e-04
3  4  -8.90309152350125398e-06
4  0  1.51639768822737424e-04
4  1  1.91960815827014816e-05
4  2  -1.04224087097271402e-05
4  3  -8.90309152350125398e-06
4  4  1.72674599219817205e-04
