numXbins 5
numYbins 5
xbin  ybin  z
0  0  3.33699964785779606e-07
0  1  -2.52371482042925120e-08
0  2  -1.17045602882988795e-07
0  3  1.23352406036645552e-07
0  4  4.41728086336556859e-07
1  0  -2.52371482042925120e-08
1  1  1.90864164428154724e-09
1  2  8.85195546399000675e-09
1  3  -9.32892802221701137e-09
1  4  -3.34071272318853478e-08
2  0  -1.17045602882988821e-07
2  1  8.85195546399000675e-09
2  2  4.10538645487628163e-08
2  3  -4.32659821852089413e-08
2  4  -1.54936576660419443e-07
3  0  1.23352406036645658e-07
3  1  -9.32892802221702295e-09
3  2  -4.32659821852090009e-08
3  3  4.55972960164900801e-08
3  4  1.63285070463092141e-07
4  0  4.41728086336556859e-07
4  1  -3.34071272318853544e-08
4  2  -1.54936576660419469e-07
4  3  1.63285070463092088e-07
4  4  5.84727967783326758e-07
