numXbins 5
numYbins 5
xbin  ybin  z
0  0  5.16516692501601304e-07
0  1  1.43327446329040748e-06
0  2  3.49125334096890751e-06
0  3  3.39493704871115745e-06
0  4  8.72417377844529052e-07
1  0  1.43327446329040748e-06
1  1  3.97735404342681363e-06
1  2  9.68781652537419918e-06
1  3  9.41925317707908117e-06
1  4  2.42068201542434069e-06
2  0  3.49125334096890836e-06
2  1  9.68781652537420088e-06
2  2  2.35981728517784906e-05
2  3  2.29472223984750250e-05
2  4  5.89687663278240705e-06
3  0  3.39493704871115787e-06
3  1  9.41925317707908286e-06
3  2  2.29472223984750250e-05
3  3  2.23234649119137623e-05
3  4  5.73544732518802248e-06
4  0  8.72417377844528629e-07
4  1  2.42068201542434069e-06
4  2  5.89687663278240536e-06
4  3  5.73544732518802248e-06
4  4  1.47371787496265698e-06
