numXbins 5
numYbins 5
xbin  ybin  z
0  0  1.97539248671055746e-05
0  1  1.86836730530884119e-06
0  2  1.96690120243164268e-07
0  3  8.07162886711185042e-06
0  4  2.03989958339444708e-05
1  0  1.86836730530884119e-06
1  1  3.67071144461459511e-06
1  2  7.79227045710746202e-06
1  3  4.58919370220938428e-06
1  4  3.08455246266555127e-06
2  0  1.96690120243164268e-07
2  1  7.79227045710746202e-06
2  2  2.21275687402793051e-05
2  3  2.54248731375217254e-05
2  4  1.49103686261967076e-06
3  0  8.07162886711185212e-06
3  1  4.58919370220938428e-06
3  2  2.54248731375217254e-05
3  3  6.67815892032042079e-05
3  4  5.25666209080108937e-06
4  0  2.03989958339444708e-05
4  1  3.08455246266555127e-06
4  2  1.49103686261967076e-06
4  3  5.25666209080108852e-06
4  4  2.20847508288058881e-05
