numXbins 5
numYbins 5
xbin  ybin  z
0  0  4.29482181801829771e-06
0  1  -1.21071793393714828e-05
0  2  -2.51180943694659828e-05
0  3  -4.84628268635309644e-06
0  4  9.38305208979963823e-06
1  0  -1.21071793393714828e-05
1  1  3.41303545913669232e-05
1  2  7.08083562206319615e-05
1  3  1.36617573671639469e-05
1  4  -2.64509912670338825e-05
2  0  -2.51180943694659896e-05
2  1  7.08083562206319751e-05
2  2  1.46902174638880746e-04
2  3  2.83432912970285275e-05
2  4  -5.48764064847633373e-05
3  0  -4.84628268635310152e-06
3  1  1.36617573671639503e-05
3  2  2.83432912970285444e-05
3  3  5.46855186809188522e-06
3  4  -1.05878485335923016e-05
4  0  9.38305208979964162e-06
4  1  -2.64509912670338825e-05
4  2  -5.48764064847633237e-05
4  3  -1.05878485335922881e-05
4  4  2.04994922374957198e-05
