numXbins 5
numYbins 5
xbin  ybin  z
0  0  2.88130050736157782e-04
0  1  -2.57767845167923447e-05
0  2  -2.25901805843976567e-04
0  3  -3.35917399325833389e-04
0  4  2.99465938950444692e-04
1  0  -2.57767845167925141e-05
1  1  5.93810719415245280e-05
1  2  8.54620339158413295e-05
1  3  -1.23368522509551822e-04
1  4  4.30220116898002736e-06
2  0  -2.25901805843976567e-04
2  1  8.54620339158409907e-05
2  2  2.53542993320908755e-04
2  3  8.98777918943013065e-05
2  4  -2.02981013287077900e-04
3  0  -3.35917399325834094e-04
3  1  -1.23368522509551822e-04
3  2  8.98777918943026753e-05
3  3  8.17815375428917286e-04
3  4  -4.48407245487831348e-04
4  0  2.99465938950444367e-04
4  1  4.30220116898002736e-06
4  2  -2.02981013287076544e-04
4  3  -4.48407245487831348e-04
4  4  3.47620118655485159e-04
