numXbins 5
numYbins 5
xbin  ybin  z
0  0  2.64844313345398975e-07
0  1  -2.99817047961030813e-08
0  2  -1.67923957636282380e-07
0  3  -1.07138146199631137e-07
0  4  3.39387848100971303e-07
1  0  -2.99817047961030813e-08
1  1  4.03080804915730961e-09
1  2  2.38102273576255018e-08
1  3  2.52469153513070278e-08
1  4  -3.77042102389471131e-08
2  0  -1.67923957636282380e-07
2  1  2.38102273576255084e-08
2  2  1.42662701358377932e-07
2  3  1.66831839548110884e-07
2  4  -2.09788609008006034e-07
3  0  -1.07138146199631124e-07
3  1  2.52469153513070344e-08
3  2  1.66831839548110884e-07
3  3  3.13614292391718240e-07
3  4  -1.22537837266174756e-07
4  0  3.39387848100971250e-07
4  1  -3.77042102389471197e-08
4  2  -2.09788609008006061e-07
4  3  -1.22537837266174809e-07
4  4  4.35718116719316878e-07
