numXbins 5
numYbins 5
xbin  ybin  z
0  0  -3.93732337602363156e-04
0  1  -2.76400962472312945e-04
0  2  -3.66315674591429950e-04
0  3  1.17826847658098843e-04
0  4  -5.52175006210898784e-04
1  0  -2.76400962472312945e-04
1  1  -1.80923626349328457e-04
1  2  -1.82113658194280297e-04
1  3  2.60187977924671520e-04
1  4  -3.84865769594578625e-04
2  0  -3.66315674591429950e-04
2  1  -1.82113658194280297e-04
2  2  8.87051375120112844e-05
2  3  1.12543198280583940e-03
2  4  -4.97914916615864391e-04
3  0  1.17826847658098843e-04
3  1  2.60187977924670165e-04
3  2  1.12543198280583658e-03
3  3  2.36715543467473210e-03
3  4  2.02634339303294999e-04
4  0  -5.52175006210898133e-04
4  1  -3.84865769594578625e-04
4  2  -4.97914916615865692e-04
4  3  2.02634339303296382e-04
4  4  -7.73794928260132129e-04
