numXbins 5
numYbins 5
xbin  ybin  z
0  0  3.58330058547344727e-04
0  1  2.68271856885691573e-04
0  2  6.18733330404244546e-04
0  3  7.88596149151613718e-04
0  4  4.86594062514030163e-04
1  0  2.68271856885691573e-04
1  1  3.22651863186170786e-04
1  2  7.83103406180326624e-04
1  3  9.14504533138897624e-04
1  4  4.09487100294724394e-04
2  0  6.18733330404244546e-04
2  1  7.83103406180326840e-04
2  2  1.93541755571977948e-03
2  3  2.31403877609059503e-03
2  4  9.62583911117712888e-04
3  0  7.88596149151613718e-04
3  1  9.14504533138897732e-04
3  2  2.31403877609059547e-03
3  3  2.99030559471800744e-03
3  4  1.19784342596210725e-03
4  0  4.86594062514030326e-04
4  1  4.09487100294724394e-04
4  2  9.62583911117713105e-04
4  3  1.19784342596210725e-03
4  4  6.86694243752741036e-04
