numXbins 5
numYbins 5
xbin  ybin  z
0  0  1.30139119059400087e-05
0  1  2.68823292441619577e-05
0  2  6.29572538238868225e-05
0  3  5.52451592918470167e-05
0  4  2.70033949895850008e-05
1  0  2.68823292441619475e-05
1  1  5.55297769659619084e-05
1  2  1.30048338872611543e-04
1  3  1.14117766584215477e-04
1  4  5.57798577450677446e-05
2  0  6.29572538238868225e-05
2  1  1.30048338872611516e-04
2  2  3.04567591796604993e-04
2  3  2.67258879667869344e-04
2  4  1.30634017254259243e-04
3  0  5.52451592918470167e-05
3  1  1.14117766584215477e-04
3  2  2.67258879667869398e-04
3  3  2.34520384588472340e-04
3  4  1.14631700936854654e-04
4  0  2.70033949895850008e-05
4  1  5.57798577450677581e-05
4  2  1.30634017254259243e-04
4  3  1.14631700936854668e-04
4  4  5.60310647738993309e-05
