numXbins 5
numYbins 5
xbin  ybin  z
0  0  2.45695966858322428e-06
0  1  2.33983338081256843e-07
0  2  9.66802323430452506e-09
0  3  8.69018442944960698e-07
0  4  2.17924827651873529e-06
1  0  2.33983338081256843e-07
1  1  1.27604782760435515e-07
1  2  2.22836338742373377e-07
1  3  1.34917916605891406e-07
1  4  1.44402897691066941e-07
2  0  9.66802323430456808e-09
2  1  2.22836338742373377e-07
2  2  1.20689793952528227e-06
2  3  2.80974654875288888e-06
2  4  -3.21551680986210437e-07
3  0  8.69018442944960698e-07
3  1  1.34917916605891406e-07
3  2  2.80974654875288888e-06
3  3  1.01770528527250560e-05
3  4  8.18601373411570783e-08
4  0  2.17924827651873529e-06
4  1  1.44402897691067020e-07
4  2  -3.21551680986210384e-07
4  3  8.18601373411570783e-08
4  4  2.56687665841225111e-06
