numXbins 5
numYbins 5
xbin  ybin  z
0  0  1.30017781965931608e-04
0  1  8.52672470056307338e-05
0  2  1.73534755830553916e-04
0  3  1.98759806539205362e-04
0  4  1.54174897337099189e-04
1  0  8.52672470056307067e-05
1  1  5.59193004371073257e-05
1  2  1.13806209164088435e-04
1  3  1.30349105043266981e-04
1  4  1.01109777866806270e-04
2  0  1.73534755830553916e-04
2  1  1.13806209164088476e-04
2  2  2.31616868291606421e-04
2  3  2.65284747787398589e-04
2  4  2.05777261848727141e-04
3  0  1.98759806539205308e-04
3  1  1.30349105043266981e-04
3  2  2.65284747787398589e-04
3  3  3.03846597735792155e-04
3  4  2.35689090404212734e-04
4  0  1.54174897337099162e-04
4  1  1.01109777866806243e-04
4  2  2.05777261848727141e-04
4  3  2.35689090404212788e-04
4  4  1.82820369717839529e-04
