numXbins 5
numYbins 5
xbin  ybin  z
0  0  7.81906977360974192e-07
0  1  1.87875011551833366e-06
0  2  4.71990528546754855e-06
0  3  4.95904810318962525e-06
0  4  1.48126765171379972e-06
1  0  1.87875011551833430e-06
1  1  4.53806122065073152e-06
1  2  1.13859188323677032e-05
1  3  1.19124383865810432e-05
1  4  3.56403658631679417e-06
2  0  4.71990528546754939e-06
2  1  1.13859188323677015e-05
2  2  2.85762951353260248e-05
2  3  2.99290288651011807e-05
2  4  8.95073940578763415e-06
3  0  4.95904810318962525e-06
3  1  1.19124383865810398e-05
3  2  2.99290288651011807e-05
3  3  3.14519068749092006e-05
3  4  9.39394082652411904e-06
4  0  1.48126765171379930e-06
4  1  3.56403658631679460e-06
4  2  8.95073940578763584e-06
4  3  9.39394082652411396e-06
4  4  2.80715486887924960e-06
