numXbins 5
numYbins 5
xbin  ybin  z
0  0  6.69341996312141418e-01
0  1  2.80609454959630966e-01
0  2  -4.91872202837839723e-02
0  3  -4.67794481664896011e-03
0  4  1.59619257901795208e-02
1  0  1.97926332475617528e-02
1  1  5.01449696952477098e-01
1  2  1.64852655609138310e-01
1  3  -1.46331981522962451e-03
1  4  -2.58103377709630877e-02
2  0  -1.77626452874392271e-01
2  1  1.07832824136130512e+00
2  2  4.02707223780453205e-01
2  3  9.62754154461435974e-02
2  4  -7.05459964810870588e-02
3  0  -1.81283548707142472e-01
3  1  8.78733443561941385e-01
3  2  2.31238330947235227e-01
3  3  4.03132252511568367e-01
3  4  -2.12308589834719896e-02
4  0  1.06572810094803572e-01
4  1  6.47234717383980751e-01
4  2  -2.89421484339982271e-01
4  3  1.35935383732430637e-01
4  4  5.38000300875864923e-01
