numXbins 5
numYbins 5
xbin  ybin  z
0  0  5.62283606236189941e-06
0  1  1.42155620865537476e-05
0  2  3.44623629371154365e-05
0  3  3.60778479914007725e-05
0  4  -4.52741011330518999e-06
1  0  1.42155620865537459e-05
1  1  3.59395513572520459e-05
1  2  8.71271818257720438e-05
1  3  9.12114246943870167e-05
1  4  -1.14461241343655100e-05
2  0  3.44623629371154433e-05
2  1  8.71271818257720438e-05
2  2  2.11219826798682834e-04
2  3  2.21121134900644596e-04
2  4  -2.77484971568513611e-05
3  0  3.60778479914007657e-05
3  1  9.12114246943870167e-05
3  2  2.21121134900644596e-04
3  3  2.31486584573101120e-04
3  4  -2.90492577146102614e-05
4  0  -4.52741011330519169e-06
4  1  -1.14461241343655151e-05
4  2  -2.77484971568513611e-05
4  3  -2.90492577146102987e-05
4  4  3.64539213071916009e-06
