numXbins 5
numYbins 5
xbin  ybin  z
0  0  8.67039729683182696e-04
0  1  8.35445930667186526e-04
0  2  1.90709281431869471e-03
0  3  2.17706224486008274e-03
0  4  1.25042596750999237e-03
1  0  8.35445930667186093e-04
1  1  8.07445032637178176e-04
1  2  1.84410843214317401e-03
1  3  2.10506859292845013e-03
1  4  1.20681329531078922e-03
2  0  1.90709281431869515e-03
2  1  1.84410843214317401e-03
2  2  4.21269818525986297e-03
2  3  4.81049039883672119e-03
2  4  2.75663559684037477e-03
3  0  2.17706224486008274e-03
3  1  2.10506859292844970e-03
3  2  4.81049039883672033e-03
3  3  5.49794036087525220e-03
3  4  3.15097681015477464e-03
4  0  1.25042596750999237e-03
4  1  1.20681329531078900e-03
4  2  2.75663559684037433e-03
4  3  3.15097681015477507e-03
4  4  1.81519894179948049e-03
