numXbins 5
numYbins 5
xbin  ybin  z
0  0  1.48641691662686854e-03
0  1  1.24884265222651131e-03
0  2  2.78942078872001240e-03
0  3  3.21823921197999900e-03
0  4  1.99481805894063556e-03
1  0  1.24884265222651131e-03
1  1  1.24968451689793031e-03
1  2  2.86350185337126738e-03
1  3  3.25111763336911148e-03
1  4  1.80298904554570638e-03
2  0  2.78942078872001283e-03
2  1  2.86350185337126695e-03
2  2  6.61019702544360984e-03
2  3  7.56034126960663296e-03
2  4  4.07018747625990853e-03
3  0  3.21823921198000074e-03
3  1  3.25111763336911148e-03
3  2  7.56034126960663296e-03
3  3  8.85775656368961370e-03
3  4  4.69200660853176087e-03
4  0  1.99481805894063556e-03
4  1  1.80298904554570638e-03
4  2  4.07018747625990853e-03
4  3  4.69200660853176174e-03
4  4  3.19960278951409317e-03
