numXbins 5
numYbins 5
xbin  ybin  z
0  0  5.54973565635058456e-06
0  1  1.07269177379298525e-05
0  2  2.03266393087275778e-05
0  3  7.90227877710181602e-06
0  4  1.84179383097919930e-05
1  0  1.07269177379298474e-05
1  1  2.07337378357188391e-05
1  2  3.92887519793461631e-05
1  3  1.52740778359705822e-05
1  4  3.55994810176819669e-05
2  0  2.03266393087275676e-05
2  1  3.92887519793461563e-05
2  2  7.44489992265332922e-05
2  3  2.89431389827289583e-05
2  4  6.74581299030231699e-05
3  0  7.90227877710181772e-06
3  1  1.52740778359705822e-05
3  2  2.89431389827289617e-05
3  3  1.12520692403748303e-05
3  4  2.62253361305404789e-05
4  0  1.84179383097919930e-05
4  1  3.55994810176819601e-05
4  2  6.74581299030231564e-05
4  3  2.62253361305404721e-05
4  4  6.11237133781555972e-05
