numXbins 5
numYbins 5
xbin  ybin  z
0  0  7.10676335799887889e-07
0  1  -1.36494023848914242e-07
0  2  -4.83747971462193876e-07
0  3  2.44980986042911222e-08
0  4  2.44002505660945395e-06
1  0  -1.36494023848914216e-07
1  1  2.65746846531468442e-08
1  2  9.37340138305957352e-08
1  3  -4.11142719401006432e-09
1  4  -4.68692248413455044e-07
2  0  -4.83747971462193876e-07
2  1  9.37340138305957352e-08
2  2  3.31171854642425385e-07
2  3  -1.53135271581139483e-08
2  4  -1.66102073693304735e-06
3  0  2.44980986042911487e-08
3  1  -4.11142719401006597e-09
3  2  -1.53135271581139814e-08
3  3  1.82547033315919707e-09
3  4  8.40192050953901592e-08
4  0  2.44002505660945480e-06
4  1  -4.68692248413455044e-07
4  2  -1.66102073693304692e-06
4  3  8.40192050953901857e-08
4  4  8.37755266836184135e-06
