numXbins 5
numYbins 5
xbin  ybin  z
0  0  2.19520804466271405e-06
0  1  4.46436595289925013e-06
0  2  1.06718641608678419e-05
0  3  1.06343187784731891e-05
0  4  1.06532963357062981e-06
1  0  4.46436595289924843e-06
1  1  9.07916267822417549e-06
1  2  2.17037888637091703e-05
1  3  2.16289068302772857e-05
1  4  2.16823303281494122e-06
2  0  1.06718641608678368e-05
2  1  2.17037888637091669e-05
2  2  5.18883915264722423e-05
2  3  5.17264737657541589e-05
2  4  5.20261120859653308e-06
3  0  1.06343187784731841e-05
3  1  2.16289068302772857e-05
3  2  5.17264737657541589e-05
3  3  5.16196158925251393e-05
3  4  5.24665740099501441e-06
4  0  1.06532963357063065e-06
4  1  2.16823303281494037e-06
4  2  5.20261120859652545e-06
4  3  5.24665740099502119e-06
4  4  5.88250309957107101e-07
