numXbins 5
numYbins 5
xbin  ybin  z
0  0  1.38881898440086231e-05
0  1  1.09720813526774337e-05
0  2  2.43033127211460511e-05
0  3  2.86592133122451406e-05
0  4  2.23937218363890359e-05
1  0  1.09720813526774354e-05
1  1  1.06531781851557709e-05
1  2  2.46430795747158498e-05
1  3  2.87311747820482128e-05
1  4  1.59392873593007234e-05
2  0  2.43033127211460477e-05
2  1  2.46430795747158498e-05
2  2  5.76741460786485912e-05
2  3  6.76105840807075987e-05
2  4  3.42730723062323876e-05
3  0  2.86592133122451440e-05
3  1  2.87311747820482094e-05
3  2  6.76105840807075852e-05
3  3  8.06109234244827016e-05
3  4  4.15859297449311185e-05
4  0  2.23937218363890393e-05
4  1  1.59392873593007234e-05
4  2  3.42730723062323808e-05
4  3  4.15859297449311252e-05
4  4  4.60164966579106611e-05
