numXbins 5
numYbins 5
xbin  ybin  z
0  0  2.07623171692160557e-04
0  1  -1.00001756975622332e-05
0  2  -1.15558807345969436e-04
0  3  -1.61218759532288599e-04
0  4  7.91545708836557591e-05
1  0  -1.00001756975622332e-05
1  1  2.38506109544235001e-05
1  2  4.71241890146002410e-05
1  3  -6.45500588383312920e-06
1  4  -5.45196183876288750e-05
2  0  -1.15558807345968935e-04
2  1  4.71241890145997463e-05
2  2  1.51193733905635415e-04
2  3  1.07270475397048219e-04
2  4  -1.90029590971320389e-04
3  0  -1.61218759532288111e-04
3  1  -6.45500588383362556e-06
3  2  1.07270475397047216e-04
3  3  2.84671289767858646e-04
3  4  -2.24267999748789098e-04
4  0  7.91545708836552576e-05
4  1  -5.45196183876293697e-05
4  2  -1.90029590971321392e-04
4  3  -2.24267999748787119e-04
4  4  3.89662638224080610e-04
