numXbins 5
numYbins 5
xbin  ybin  z
0  0  1.35606142547743546e-05
0  1  -2.78236083066594178e-06
0  2  -9.58593927836456675e-06
0  3  -1.15371984589668131e-06
0  4  1.33636546253675366e-05
1  0  -2.78236083066594178e-06
1  1  5.70883563721935811e-07
1  2  1.96683877825617814e-06
1  3  2.36719727327594261e-07
1  4  -2.74194874108149902e-06
2  0  -9.58593927836456675e-06
2  1  1.96683877825617772e-06
2  2  6.77625881262276140e-06
2  3  8.15559544665607032e-07
2  4  -9.44670937238016641e-06
3  0  -1.15371984589668152e-06
3  1  2.36719727327594049e-07
3  2  8.15559544665607138e-07
3  3  9.81570198670923413e-08
3  4  -1.13696277066263824e-06
4  0  1.33636546253675366e-05
4  1  -2.74194874108149902e-06
4  2  -9.44670937238016471e-06
4  3  -1.13696277066263697e-06
4  4  1.31695557141322703e-05
