numXbins 5
numYbins 5
xbin  ybin  z
0  0  7.19779860672107932e-06
0  1  3.14322732756821591e-07
0  2  -8.01731388016679586e-07
0  3  1.54753918709785725e-06
0  4  3.08335701397501519e-06
1  0  3.14322732756821591e-07
1  1  3.14100469724667216e-06
1  2  6.25899759613744707e-06
1  3  2.39906540301317518e-06
1  4  2.66263655028857688e-06
2  0  -8.01731388016679163e-07
2  1  6.25899759613744707e-06
2  2  1.42668322963972311e-05
2  3  1.00577460946500935e-05
2  4  4.25791154556726324e-06
3  0  1.54753918709785747e-06
3  1  2.39906540301317518e-06
3  2  1.00577460946500935e-05
3  3  2.25921619392255382e-05
3  4  2.36220547568424939e-06
4  0  3.08335701397501604e-06
4  1  2.66263655028857730e-06
4  2  4.25791154556726578e-06
4  3  2.36220547568424981e-06
4  4  1.63717097693286950e-05
