numXbins 5
numYbins 5
xbin  ybin  z
0  0  1.37821417325169034e-03
0  1  1.15411987847855563e-03
0  2  2.62889563076543773e-03
0  3  3.19909718329773477e-03
0  4  1.86258777723735821e-03
1  0  1.15411987847855563e-03
1  1  1.09516956567965980e-03
1  2  2.51526776262309083e-03
1  3  2.96186155409020957e-03
1  4  1.62055741696131455e-03
2  0  2.62889563076543773e-03
2  1  2.51526776262309040e-03
2  2  5.86322309050841921e-03
2  3  7.09624211375837165e-03
2  4  3.67545722378756446e-03
3  0  3.19909718329773520e-03
3  1  2.96186155409021001e-03
3  2  7.09624211375837165e-03
3  3  9.16009847292592778e-03
3  4  4.38029578246070059e-03
4  0  1.86258777723735821e-03
4  1  1.62055741696131477e-03
4  2  3.67545722378756577e-03
4  3  4.38029578246069886e-03
4  4  2.78295105540132858e-03
