numXbins 5
numYbins 5
xbin  ybin  z
0  0  -4.17521713916616812e-04
0  1  -2.37563459349542902e-04
0  2  -3.86974562096329495e-04
0  3  -2.06127858137017514e-04
0  4  -2.58728056027084238e-04
1  0  -2.37563459349542902e-04
1  1  -9.42223164458860356e-05
1  2  -8.76228114901790719e-05
1  3  9.45447065359375928e-05
1  4  -6.06328943386754484e-05
2  0  -3.86974562096329495e-04
2  1  -8.76228114901790719e-05
2  2  7.04733026758282496e-05
2  3  4.94704577730725563e-04
2  4  4.04846774388210097e-05
3  0  -2.06127858137016511e-04
3  1  9.45447065359385821e-05
3  2  4.94704577730725563e-04
3  3  9.94055280003204632e-04
3  4  3.20155727269738003e-04
4  0  -2.58728056027083750e-04
4  1  -6.06328943386749469e-05
4  2  4.04846774388229952e-05
4  3  3.20155727269738003e-04
4  4  2.27353526107195654e-05
