numXbins 5
numYbins 5
xbin  ybin  z
0  0  3.63921492749319877e-06
0  1  9.36858614795112335e-06
0  2  2.41776717121151589e-05
0  3  2.52332754243406767e-05
0  4  1.88291098021693469e-06
1  0  9.36858614795112335e-06
1  1  2.41179507559452044e-05
1  2  6.22416111179943871e-05
1  3  6.49590967606722956e-05
1  4  4.84725801540844607e-06
2  0  2.41776717121151555e-05
2  1  6.22416111179943736e-05
2  2  1.60627998363777844e-04
2  3  1.67641060389729489e-04
2  4  1.25094022886360937e-05
3  0  2.52332754243406869e-05
3  1  6.49590967606722820e-05
3  2  1.67641060389729516e-04
3  3  1.74960314608081251e-04
3  4  1.30555661893970459e-05
4  0  1.88291098021694528e-06
4  1  4.84725801540845200e-06
4  2  1.25094022886360903e-05
4  3  1.30555661893969985e-05
4  4  9.74208402102699052e-07
