numXbins 5
numYbins 5
xbin  ybin  z
0  0  2.68798088898583994e-05
0  1  6.17386694659262283e-06
0  2  5.04314462382482441e-06
0  3  2.59543299417073876e-06
0  4  2.44668418844165395e-05
1  0  6.17386694659262622e-06
1  1  1.48037767600048002e-06
1  2  1.27839111589968004e-06
1  3  5.80290620679962411e-07
1  4  5.22866822721399912e-06
2  0  5.04314462382482102e-06
2  1  1.27839111589968025e-06
2  2  1.17741796864194224e-06
2  3  4.56444976363678864e-07
2  4  3.83741977193504616e-06
3  0  2.59543299417073876e-06
3  1  5.80290620679962411e-07
3  2  4.56444976363678758e-07
3  3  2.54631708528938564e-07
3  4  2.46178664810418181e-06
4  0  2.44668418844165395e-05
4  1  5.22866822721399828e-06
4  2  3.83741977193505039e-06
4  3  2.46178664810418308e-06
4  4  2.47226617419420672e-05
