numXbins 5
numYbins 5
xbin  ybin  z
0  0  1.24008406964693538e-05
0  1  1.08481800123548167e-05
0  2  2.45356860397140016e-05
0  3  2.85961118443801000e-05
0  4  1.65781066967895121e-05
1  0  1.08481800123548167e-05
1  1  9.91588137145253718e-06
1  2  2.25236329748315435e-05
1  3  2.59183695224778004e-05
1  4  1.36815658488382545e-05
2  0  2.45356860397139982e-05
2  1  2.25236329748315333e-05
2  2  5.11827176595620049e-05
2  3  5.88250481649114649e-05
2  4  3.07579734313939126e-05
3  0  2.85961118443801000e-05
3  1  2.59183695224778004e-05
3  2  5.88250481649114649e-05
3  3  6.78549777709078368e-05
3  4  3.64892970500532994e-05
4  0  1.65781066967895087e-05
4  1  1.36815658488382528e-05
4  2  3.07579734313939194e-05
4  3  3.64892970500532994e-05
4  4  2.37443699735285404e-05
