numXbins 5
numYbins 5
xbin  ybin  z
0  0  8.09912898211511008e-04
0  1  7.61117436452865234e-04
0  2  1.72383356194961588e-03
0  3  1.97663146356844574e-03
0  4  1.14130131289756848e-03
1  0  7.61117436452865125e-04
1  1  7.17484033243803981e-04
1  2  1.62537831209545193e-03
1  3  1.86248261237347934e-03
1  4  1.07435194097850939e-03
2  0  1.72383356194961545e-03
2  1  1.62537831209545215e-03
2  2  3.68390304168969259e-03
2  3  4.22546464346823612e-03
2  4  2.43449695138483893e-03
3  0  1.97663146356844574e-03
3  1  1.86248261237348021e-03
3  2  4.22546464346823698e-03
3  3  4.85848481997319497e-03
3  4  2.79355252732762897e-03
4  0  1.14130131289756848e-03
4  1  1.07435194097850960e-03
4  2  2.43449695138483893e-03
4  3  2.79355252732762767e-03
4  4  1.61611463481242494e-03
