numXbins 5
numYbins 5
xbin  ybin  z
0  0  6.18482902025491740e-06
0  1  9.34177174859253393e-07
0  2  9.52895047731876908e-08
0  3  -3.04139013955289517e-08
0  4  3.16761283876399296e-06
1  0  9.34177174859253393e-07
1  1  3.77075616798558201e-06
1  2  8.44248688276843646e-06
1  3  6.40968020413420686e-06
1  4  2.87726146077569872e-06
2  0  9.52895047731880481e-08
2  1  8.44248688276843646e-06
2  2  1.98783721430328966e-05
2  3  1.61719846582967338e-05
2  4  5.95300634866840996e-06
3  0  -3.04139013955289848e-08
3  1  6.40968020413420770e-06
3  2  1.61719846582967338e-05
3  3  1.70076791944751452e-05
3  4  7.58284587040947797e-06
4  0  3.16761283876399381e-06
4  1  2.87726146077569872e-06
4  2  5.95300634866840996e-06
4  3  7.58284587040947797e-06
4  4  1.68230590462698552e-05
