numXbins 5
numYbins 5
xbin  ybin  z
0  0  0.00000000000000000e+00
0  1  0.00000000000000000e+00
0  2  0.00000000000000000e+00
0  3  0.00000000000000000e+00
0  4  0.00000000000000000e+00
1  0  0.00000000000000000e+00
1  1  0.00000000000000000e+00
1  2  0.00000000000000000e+00
1  3  0.00000000000000000e+00
1  4  0.00000000000000000e+00
2  0  0.00000000000000000e+00
2  1  0.00000000000000000e+00
2  2  0.00000000000000000e+00
2  3  0.00000000000000000e+00
2  4  0.00000000000000000e+00
3  0  0.00000000000000000e+00
3  1  0.00000000000000000e+00
3  2  0.00000000000000000e+00
3  3  0.00000000000000000e+00
3  4  0.00000000000000000e+00
4  0  0.00000000000000000e+00
4  1  0.00000000000000000e+00
4  2  0.00000000000000000e+00
4  3  0.00000000000000000e+00
4  4  0.00000000000000000e+00
