numXbins 5
numYbins 5
xbin  ybin  z
0  0  6.20877461817722153e-07
0  1  -3.92277041472751576e-08
0  2  -3.03473141807401350e-07
0  3  -2.83838003598541791e-07
0  4  9.27015918468096388e-08
1  0  -3.92277041472751510e-08
1  1  4.36845991081211203e-08
1  2  1.09086493315233797e-07
1  3  4.82048437208148010e-08
1  4  -1.04984737359222275e-07
2  0  -3.03473141807401403e-07
2  1  1.09086493315233823e-07
2  2  3.90804373092568591e-07
2  3  3.92477327306868519e-07
2  4  -2.41132676733171822e-07
3  0  -2.83838003598541791e-07
3  1  4.82048437208147944e-08
3  2  3.92477327306868519e-07
3  3  9.26191653390452673e-07
3  4  7.55147680290386225e-08
4  0  9.27015918468096520e-08
4  1  -1.04984737359222275e-07
4  2  -2.41132676733171822e-07
4  3  7.55147680290386225e-08
4  4  1.34923580233197656e-06
