numXbins 5
numYbins 5
xbin  ybin  z
0  0  4.90975121105429135e-07
0  1  -1.90598727410360636e-07
0  2  -8.72499931947515909e-07
0  3  -1.40273691838694648e-06
0  4  8.47396611181199319e-07
1  0  -1.90598727410360663e-07
1  1  1.10120341723552275e-07
1  2  5.56351224766216656e-07
1  3  1.13949391325504575e-06
1  4  2.79993477947943041e-08
2  0  -8.72499931947515909e-07
2  1  5.56351224766216867e-07
2  2  2.86158724449675195e-06
2  3  6.07674198144436483e-06
2  4  6.44467615881979916e-07
3  0  -1.40273691838694627e-06
3  1  1.13949391325504575e-06
3  2  6.07674198144436398e-06
3  3  1.38047711316491702e-05
3  4  3.45713038299044939e-06
4  0  8.47396611181199107e-07
4  1  2.79993477947943967e-08
4  2  6.44467615881980657e-07
4  3  3.45713038299044939e-06
4  4  4.98942235819400277e-06
