numXbins 5
numYbins 5
xbin  ybin  z
0  0  9.07188212760670724e-07
0  1  -3.14823276782935881e-07
0  2  -1.25665823099174965e-06
0  3  -1.47858982435827382e-06
0  4  2.02708545453494578e-06
1  0  -3.14823276782935828e-07
1  1  1.19125583196058839e-07
1  2  4.84839593533564528e-07
1  3  6.34708148047897545e-07
1  4  -6.13569763752410521e-07
2  0  -1.25665823099174944e-06
2  1  4.84839593533564528e-07
2  2  1.98138547505775381e-06
2  3  2.64848937783418434e-06
2  4  -2.36414552217011059e-06
3  0  -1.47858982435827382e-06
3  1  6.34708148047897651e-07
3  2  2.64848937783418434e-06
3  3  3.90750511045499261e-06
3  4  -2.19665828280037937e-06
4  0  2.02708545453494535e-06
4  1  -6.13569763752410627e-07
4  2  -2.36414552217011059e-06
4  3  -2.19665828280037979e-06
4  4  5.34803894209857970e-06
