numXbins 5
numYbins 5
xbin  ybin  z
0  0  6.17084764644149867e-06
0  1  9.21221718633397149e-06
0  2  3.75513573646726713e-05
0  3  8.23948679075938811e-05
0  4  1.18123239238940467e-05
1  0  9.21221718633396979e-06
1  1  1.37525588623348206e-05
1  2  5.60589532435616384e-05
1  3  1.23004076861590324e-04
1  4  1.76341565530291201e-05
2  0  3.75513573646726713e-05
2  1  5.60589532435616384e-05
2  2  2.28510655378522007e-04
2  3  5.01396130173020456e-04
2  4  7.18813398721985662e-05
3  0  8.23948679075938811e-05
3  1  1.23004076861590324e-04
3  2  5.01396130173020348e-04
3  3  1.10015911046268725e-03
3  4  1.57721422591305282e-04
4  0  1.18123239238940467e-05
4  1  1.76341565530291201e-05
4  2  7.18813398721985662e-05
4  3  1.57721422591305282e-04
4  4  2.26113176790974724e-05
