numXbins 5
numYbins 5
xbin  ybin  z
0  0  2.19682318103355436e-06
0  1  4.47418335921645733e-06
0  2  1.07239760359057151e-05
0  3  1.07742553594407094e-05
0  4  1.15952860772950669e-06
1  0  4.47418335921645733e-06
1  1  9.11264743278530448e-06
1  2  2.18420309587821063e-05
1  3  2.19452737330521460e-05
1  4  2.36213209835057506e-06
2  0  1.07239760359057117e-05
2  1  2.18420309587820995e-05
2  2  5.23533942294755465e-05
2  3  5.26019161366629646e-05
2  4  5.66240777041724442e-06
3  0  1.07742553594407077e-05
3  1  2.19452737330521426e-05
3  2  5.26019161366629646e-05
3  3  5.28543704301394425e-05
3  4  5.69081793795419443e-06
4  0  1.15952860772950838e-06
4  1  2.36213209835057336e-06
4  2  5.66240777041724442e-06
4  3  5.69081793795419612e-06
4  4  6.13282558632421015e-07
