numXbins 5
numYbins 5
xbin  ybin  z
0  0  1.64047976873589853e-03
0  1  1.45430803771362505e-03
0  2  3.15784805649000667e-03
0  3  3.37247622203553244e-03
0  4  2.10567881368919517e-03
1  0  1.45430803771362505e-03
1  1  1.28926421944734813e-03
1  2  2.79947604228645208e-03
1  3  2.98974688391536814e-03
1  4  1.86671343466259443e-03
2  0  3.15784805649000667e-03
2  1  2.79947604228645208e-03
2  2  6.07871217793915473e-03
2  3  6.49186151897504938e-03
2  4  4.05333480858738934e-03
3  0  3.37247622203553244e-03
3  1  2.98974688391536814e-03
3  2  6.49186151897504938e-03
3  3  6.93309121206608318e-03
3  4  4.32882615546235916e-03
4  0  2.10567881368919517e-03
4  1  1.86671343466259443e-03
4  2  4.05333480858738934e-03
4  3  4.32882615546235916e-03
4  4  2.70279667626510635e-03
