numXbins 5
numYbins 5
xbin  ybin  z
0  0  6.97176255673829130e-07
0  1  -1.49878929411233988e-07
0  2  -5.11211276343676848e-07
0  3  -2.36632582043903606e-09
0  4  2.39615486160728628e-06
1  0  -1.49878929411233988e-07
1  1  3.22209675080604208e-08
1  2  1.09900184032066395e-07
1  3  5.08712650092734609e-10
1  4  -5.15125296420368387e-07
2  0  -5.11211276343676742e-07
2  1  1.09900184032066395e-07
2  2  3.74850644918114528e-07
2  3  1.73513144354360347e-09
2  4  -1.75700387835992353e-06
3  0  -2.36632582043905468e-09
3  1  5.08712650092724270e-10
3  2  1.73513144354352965e-09
3  3  8.03168186375977813e-12
3  4  -8.13292631905790095e-09
4  0  2.39615486160728671e-06
4  1  -5.15125296420368387e-07
4  2  -1.75700387835992353e-06
4  3  -8.13292631905780830e-09
4  4  8.23544702516431992e-06
