numXbins 5
numYbins 5
xbin  ybin  z
0  0  2.92344247392654949e-06
0  1  2.69977130945151258e-06
0  2  6.11248350107353569e-06
0  3  7.06406360412938635e-06
0  4  4.18232137091620079e-06
1  0  2.69977130945151258e-06
1  1  2.49321311718776873e-06
1  2  5.64482035575319353e-06
1  3  6.52359552707529283e-06
1  4  3.86233399316383081e-06
2  0  6.11248350107353485e-06
2  1  5.64482035575319353e-06
2  2  1.27802940827885451e-05
2  3  1.47699065796154220e-05
2  4  8.74461208110463841e-06
3  0  7.06406360412938635e-06
3  1  6.52359552707529368e-06
3  2  1.47699065796154254e-05
3  3  1.70692582625585782e-05
3  4  1.01059570833217435e-05
4  0  4.18232137091620248e-06
4  1  3.86233399316383165e-06
4  2  8.74461208110463502e-06
4  3  1.01059570833217486e-05
4  4  5.98329271248792125e-06
