numXbins 5
numYbins 5
xbin  ybin  z
0  0  4.36814948343851750e+00
0  1  1.47744461526191517e+00
0  2  -4.05243292735732008e-01
0  3  -3.99652730230950493e-02
0  4  7.66872574401902263e-02
1  0  -2.47156183412305275e-01
1  1  3.21375665821228429e+00
1  2  7.86342290572129232e-01
1  3  -8.13805522138055792e-02
1  4  -2.13707610428131911e-01
2  0  -2.04662443060738175e+00
2  1  7.01755218873526498e+00
2  2  1.93137538015603849e+00
2  3  4.19590363910078423e-01
2  4  -6.07958492493570368e-01
3  0  -1.93480222672953284e+00
3  1  5.82966032504812404e+00
3  2  8.39457634272576025e-01
3  3  2.33917926885146343e+00
3  4  -3.80867454371340841e-01
4  0  2.51490686578329237e-01
4  1  4.52959696948882140e+00
4  2  -2.04623290151876081e+00
4  3  7.16539574948000135e-01
4  4  3.83117398649274632e+00
