numXbins 6
numYbins 6
xbin  ybin  z
0  0  1.86268219975876557e-04
0  1  1.43718808227210698e-04
0  2  1.60058014244404028e-04
0  3  2.41905607207710757e-04
0  4  3.55088078639566090e-04
0  5  -3.04167176283252308e-04
1  0  1.43718808227210698e-04
1  1  1.12895334805292074e-04
1  2  1.27648469673612890e-04
1  3  1.94575195554776880e-04
1  4  2.84801352525874973e-04
1  5  -2.28927987855874601e-04
2  0  1.60058014244404082e-04
2  1  1.27648469673612890e-04
2  2  1.46305383777095446e-04
2  3  2.25143975597000696e-04
2  4  3.26982563368878967e-04
2  5  -2.46568354273147509e-04
3  0  2.41905607207710811e-04
3  1  1.94575195554776907e-04
3  2  2.25143975597000696e-04
3  3  3.51677261396924343e-04
3  4  5.01978061748879268e-04
3  5  -3.53918667113723091e-04
4  0  3.55088078639566145e-04
4  1  2.84801352525875027e-04
4  2  3.26982563368878967e-04
4  3  5.01978061748879160e-04
4  4  7.71089365928954865e-04
4  5  -5.46140715722647353e-04
5  0  -3.04167176283252363e-04
5  1  -2.28927987855874628e-04
5  2  -2.46568354273147563e-04
5  3  -3.53918667113723145e-04
5  4  -5.46140715722647353e-04
5  5  7.50716186007810296e-04
