numXbins 7
numYbins 7
xbin  ybin  z
0  0  3.03824381039343697e-04
0  1  2.43546060445227574e-04
0  2  1.99031229627231738e-04
0  3  1.59719856145939035e-04
0  4  1.62560883006955493e-04
0  5  5.85697188496105484e-05
0  6  -1.82691278205334275e-04
1  0  2.43546060445227574e-04
1  1  1.88343770001416546e-04
1  2  1.49322952602214956e-04
1  3  1.15753820050858546e-04
1  4  1.07627696850714615e-04
1  5  -3.21284384604001213e-06
1  6  -1.86391027734037477e-04
2  0  1.99031229627231738e-04
2  1  1.49322952602215308e-04
2  2  1.15205768400612147e-04
2  3  8.63988496959209050e-05
2  4  7.28117451233130445e-05
2  5  -3.61182975318478553e-05
2  6  -1.78993839944740428e-04
3  0  1.59719856145938710e-04
3  1  1.15753820050858546e-04
3  2  8.63988496959205662e-05
3  3  6.20635924561469319e-05
3  4  4.49997106583264236e-05
3  5  -5.86880484471749331e-05
3  6  -1.67293759314318397e-04
4  0  1.62560883006955846e-04
4  1  1.07627696850714954e-04
4  2  7.28117451233130445e-05
4  3  4.49997106583267692e-05
4  4  1.22379882332865559e-05
4  5  -1.33958568855986317e-04
4  6  -2.29377787797615211e-04
5  0  5.85697188496105484e-05
5  1  -3.21284384603966951e-06
5  2  -3.61182975318475097e-05
5  3  -5.86880484471745875e-05
5  4  -1.33958568855986317e-04
5  5  -3.54281004633483394e-04
5  6  -3.26331160429598713e-04
6  0  -1.82691278205334166e-04
6  1  -1.86391027734037395e-04
6  2  -1.78993839944740373e-04
6  3  -1.67293759314318316e-04
6  4  -2.29377787797615157e-04
6  5  -3.26331160429598659e-04
6  6  -1.21966317396573804e-04
