numXbins 6
numYbins 6
xbin  ybin  z
0  0  3.64699908962693192e-07
0  1  2.98156983206917370e-07
0  2  3.48707860133176313e-07
0  3  5.51772688826518954e-07
0  4  7.46955748849683625e-07
0  5  6.72345695027642559e-07
1  0  2.98156983206917264e-07
1  1  2.43756687523637257e-07
1  2  2.85080750269883626e-07
1  3  4.51044612323603162e-07
1  4  6.10618154436101926e-07
1  5  5.49412132267039682e-07
2  0  3.48707860133176313e-07
2  1  2.85080750269883520e-07
2  2  3.33420540068163948e-07
2  3  5.27664287231571173e-07
2  4  7.14282805826042490e-07
2  5  6.43293829691613312e-07
3  0  5.51772688826518954e-07
3  1  4.51044612323603215e-07
3  2  5.27664287231571279e-07
3  3  8.36968248942960177e-07
3  4  1.13212612583341937e-06
3  5  1.02795916353826353e-06
4  0  7.46955748849683519e-07
4  1  6.10618154436101926e-07
4  2  7.14282805826042596e-07
4  3  1.13212612583341916e-06
4  4  1.53175328320746752e-06
4  5  1.38707471575006069e-06
5  0  6.72345695027642453e-07
5  1  5.49412132267039682e-07
5  2  6.43293829691613206e-07
5  3  1.02795916353826353e-06
5  4  1.38707471575006069e-06
5  5  1.29275483773105709e-06
