numXbins 6
numYbins 6
xbin  ybin  z
0  0  2.27294574959913602e-08
0  1  1.91883453535403922e-08
0  2  2.24031114482466009e-08
0  3  2.92845378207231760e-08
0  4  4.29105896987908897e-08
0  5  2.35328336049907707e-08
1  0  1.91883453535403888e-08
1  1  1.62293841218352993e-08
1  2  1.89480694474800788e-08
1  3  2.45014518317089602e-08
1  4  3.61003271792801091e-08
1  5  2.01772276155501773e-08
2  0  2.24031114482466042e-08
2  1  1.89480694474800887e-08
2  2  2.21221825801016739e-08
2  3  2.86088544318277112e-08
2  4  4.21498952362317118e-08
2  5  2.35541607479001734e-08
3  0  2.92845378207231627e-08
3  1  2.45014518317089569e-08
3  2  2.86088544318277013e-08
3  3  3.93292662182549396e-08
3  4  5.61918180550971037e-08
3  5  2.80688373053703750e-08
4  0  4.29105896987908897e-08
4  1  3.61003271792801157e-08
4  2  4.21498952362317118e-08
4  3  5.61918180550971037e-08
4  4  8.15235111505198812e-08
4  5  4.31521373328480244e-08
5  0  2.35328336049907607e-08
5  1  2.01772276155501773e-08
5  2  2.35541607479001800e-08
5  3  2.80688373053703717e-08
5  4  4.31521373328480111e-08
5  5  2.75324280015531759e-08
