numXbins 7
numYbins 7
xbin  ybin  z
0  0  1.57038134364605538e-04
0  1  1.39544617213152757e-04
0  2  1.20660941800352793e-04
0  3  1.01680265346600705e-04
0  4  1.18580106772117941e-04
0  5  1.15248121363265661e-04
0  6  4.15755832466984906e-05
1  0  1.39544617213152757e-04
1  1  1.24421935883527976e-04
1  2  1.07844710860924980e-04
1  3  9.09766263763917720e-05
1  4  1.06222499115407967e-04
1  5  1.04735293347399221e-04
1  6  3.67791783012145807e-05
2  0  1.20660941800352739e-04
2  1  1.07844710860924967e-04
2  2  9.36768050181866353e-05
2  3  7.91515228415398670e-05
2  4  9.26132376922699353e-05
2  5  9.24377055218280214e-05
2  6  3.20796296654612533e-05
3  0  1.01680265346600678e-04
3  1  9.09766263763917720e-05
3  2  7.91515228415398670e-05
3  3  6.71038579241669544e-05
3  4  7.90325198442302419e-05
3  5  7.96167889381972605e-05
3  6  2.72802566773305976e-05
4  0  1.18580106772117901e-04
4  1  1.06222499115407967e-04
4  2  9.26132376922699218e-05
4  3  7.90325198442302419e-05
4  4  9.44058583077514663e-05
4  5  9.63703433015973283e-05
4  6  3.26998658001961988e-05
5  0  1.15248121363265688e-04
5  1  1.04735293347399221e-04
5  2  9.24377055218280350e-05
5  3  7.96167889381972741e-05
5  4  9.63703433015973283e-05
5  5  1.04858034464830856e-04
5  6  3.50165630467158846e-05
6  0  4.15755832466984973e-05
6  1  3.67791783012145603e-05
6  2  3.20796296654612465e-05
6  3  2.72802566773306145e-05
6  4  3.26998658001961581e-05
6  5  3.50165630467159049e-05
6  6  5.51641418937145336e-05
