numXbins 6
numYbins 6
xbin  ybin  z
0  0  1.45982190266569740e-06
0  1  1.13636790658475224e-06
0  2  1.26544046526715623e-06
0  3  1.86762164387084449e-06
0  4  2.47061682439490767e-06
0  5  2.05699161822313203e-06
1  0  1.13636790658475246e-06
1  1  8.84581890953811109e-07
1  2  9.85055731659740973e-07
1  3  1.45381110795944747e-06
1  4  1.92320012707306316e-06
1  5  1.60122221402092206e-06
2  0  1.26544046526715623e-06
2  1  9.85055731659740973e-07
2  2  1.09694173529760198e-06
2  3  1.61893995263896836e-06
2  4  2.14164378411515918e-06
2  5  1.78309451698301703e-06
3  0  1.86762164387084449e-06
3  1  1.45381110795944747e-06
3  2  1.61893995263896857e-06
3  3  2.38933982171768982e-06
3  4  3.16078108331276477e-06
3  5  2.63161010287580871e-06
4  0  2.47061682439490767e-06
4  1  1.92320012707306273e-06
4  2  2.14164378411515918e-06
4  3  3.16078108331276392e-06
4  4  4.18129600729863556e-06
4  5  3.48127267466076299e-06
5  0  2.05699161822313203e-06
5  1  1.60122221402092184e-06
5  2  1.78309451698301703e-06
5  3  2.63161010287580914e-06
5  4  3.48127267466076342e-06
5  5  2.89844570061172532e-06
