numXbins 6
numYbins 6
xbin  ybin  z
0  0  3.27245442990207395e-08
0  1  2.75302727356247317e-08
0  2  3.24983252569201462e-08
0  3  4.67020042880428825e-08
0  4  7.63560794568850265e-08
0  5  3.90142534160678767e-08
1  0  2.75302727356247317e-08
1  1  2.32490565203050689e-08
1  2  2.75796250616511730e-08
1  3  4.01687961259145000e-08
1  4  6.68988933387003296e-08
1  5  3.60307987649629740e-08
2  0  3.24983252569201462e-08
2  1  2.75796250616511730e-08
2  2  3.29220842269288770e-08
2  3  4.87591040458489076e-08
2  4  8.30319133057139643e-08
2  5  4.74269816125202513e-08
3  0  4.67020042880428891e-08
3  1  4.01687961259145000e-08
3  2  4.87591040458489076e-08
3  3  7.53849344601123553e-08
3  4  1.35410028726693112e-07
3  5  8.75462238764323195e-08
4  0  7.63560794568850001e-08
4  1  6.68988933387003296e-08
4  2  8.30319133057139643e-08
4  3  1.35410028726693086e-07
4  4  2.58191829706045612e-07
4  5  1.87490766579835285e-07
5  0  3.90142534160678767e-08
5  1  3.60307987649629740e-08
5  2  4.74269816125202645e-08
5  3  8.75462238764323195e-08
5  4  1.87490766579835312e-07
5  5  1.62772703375498737e-07
