numXbins 6
numYbins 6
xbin  ybin  z
0  0  2.73183860928051658e-06
0  1  3.59398382847775709e-06
0  2  5.69541127807157616e-06
0  3  1.11083091474264331e-05
0  4  1.39780958706276096e-05
0  5  1.18513069142218157e-05
1  0  3.59398382847775624e-06
1  1  4.72821480576464218e-06
1  2  7.49283503073046669e-06
1  3  1.46139978042468070e-05
1  4  1.83894650076631765e-05
1  5  1.55914793982861241e-05
2  0  5.69541127807157192e-06
2  1  7.49283503073046669e-06
2  2  1.18739480129567271e-05
2  3  2.31589044036611408e-05
2  4  2.91419136537151549e-05
2  5  2.47079263137449530e-05
3  0  1.11083091474264348e-05
3  1  1.46139978042468070e-05
3  2  2.31589044036611510e-05
3  3  4.51690417199631308e-05
3  4  5.68382808910481059e-05
3  5  4.81902483393337411e-05
4  0  1.39780958706276079e-05
4  1  1.83894650076631799e-05
4  2  2.91419136537151549e-05
4  3  5.68382808910480923e-05
4  4  7.15222207873822706e-05
4  5  6.06400040165087532e-05
5  0  1.18513069142218174e-05
5  1  1.55914793982861241e-05
5  2  2.47079263137449530e-05
5  3  4.81902483393337547e-05
5  4  6.06400040165087667e-05
5  5  5.14135333975943875e-05
