numXbins 6
numYbins 6
xbin  ybin  z
0  0  7.08710464116403691e-06
0  1  5.17484938310605030e-06
0  2  5.56583287469282865e-06
0  3  8.57150975783709867e-06
0  4  1.86699998641626366e-05
0  5  -3.54070619417219424e-05
1  0  5.17484938310605030e-06
1  1  3.77856226113724721e-06
1  2  4.06404988728159249e-06
1  3  6.25872965456107557e-06
1  4  1.36324270871473141e-05
1  5  -2.58534651206480662e-05
2  0  5.56583287469282865e-06
2  1  4.06404988728159249e-06
2  2  4.37110740669454789e-06
2  3  6.73160524804728269e-06
2  4  1.46624191790400111e-05
2  5  -2.78068124191197346e-05
3  0  8.57150975783709867e-06
3  1  6.25872965456107557e-06
3  2  6.73160524804728269e-06
3  3  1.03668258405493527e-05
3  4  2.25804604443095763e-05
3  5  -4.28231262689476088e-05
4  0  1.86699998641626332e-05
4  1  1.36324270871473124e-05
4  2  1.46624191790400111e-05
4  3  2.25804604443095729e-05
4  4  4.91835400458517065e-05
4  5  -9.32750220453597094e-05
5  0  -3.54070619417219356e-05
5  1  -2.58534651206480696e-05
5  2  -2.78068124191197346e-05
5  3  -4.28231262689476088e-05
5  4  -9.32750220453597230e-05
5  5  1.76893117686353842e-04
