numXbins 6
numYbins 6
xbin  ybin  z
0  0  8.81499224938598734e-08
0  1  6.96741910069286207e-08
0  2  7.95244670282890786e-08
0  3  1.28797575072176266e-07
0  4  1.79552558237160177e-07
0  5  1.67230248798278203e-07
1  0  6.96741910069286207e-08
1  1  5.51567302166033005e-08
1  2  6.29903632853629152e-08
1  3  1.01532126675472028e-07
1  4  1.41683334789416581e-07
1  5  1.30768977045042771e-07
2  0  7.95244670282890786e-08
2  1  6.29903632853629152e-08
2  2  7.19514560225563749e-08
2  3  1.15773757677363612e-07
2  4  1.61615639684191125e-07
2  5  1.48668695441891952e-07
3  0  1.28797575072176266e-07
3  1  1.01532126675472015e-07
3  2  1.15773757677363612e-07
3  3  1.89038938702719196e-07
3  4  2.63090456452330756e-07
3  5  2.48782882976699934e-07
4  0  1.79552558237160124e-07
4  1  1.41683334789416581e-07
4  2  1.61615639684191072e-07
4  3  2.63090456452330650e-07
4  4  3.66379301768886728e-07
4  5  3.44509056849851207e-07
5  0  1.67230248798278123e-07
5  1  1.30768977045042771e-07
5  2  1.48668695441891952e-07
5  3  2.48782882976699934e-07
5  4  3.44509056849851207e-07
5  5  3.40433938977047081e-07
