numXbins 6
numYbins 6
xbin  ybin  z
0  0  7.81056142241245906e-05
0  1  5.97670187406826089e-05
0  2  6.53309630111667002e-05
0  3  9.35601398972471938e-05
0  4  1.13771180788241479e-04
0  5  5.03804947276036193e-05
1  0  5.97670187406826157e-05
1  1  4.57949001049566700e-05
1  2  5.01249600875668176e-05
1  3  7.18883627320280488e-05
1  4  8.73931559092079970e-05
1  5  3.98761717949088133e-05
2  0  6.53309630111667002e-05
2  1  5.01249600875668176e-05
2  2  5.49412304392065363e-05
2  3  7.89337360096012723e-05
2  4  9.59776241870024112e-05
2  5  4.51613634461360986e-05
3  0  9.35601398972471938e-05
3  1  7.18883627320280488e-05
3  2  7.89337360096012587e-05
3  3  1.13752592629967768e-04
3  4  1.38658105692861635e-04
3  5  6.80031308914996036e-05
4  0  1.13771180788241493e-04
4  1  8.73931559092080106e-05
4  2  9.59776241870024383e-05
4  3  1.38658105692861635e-04
4  4  1.72643338545630325e-04
4  5  9.10796800606835343e-05
5  0  5.03804947276036125e-05
5  1  3.98761717949087997e-05
5  2  4.51613634461360783e-05
5  3  6.80031308914995629e-05
5  4  9.10796800606835343e-05
5  5  1.09265365039085661e-04
