numXbins 6
numYbins 6
xbin  ybin  z
0  0  5.21386217758125969e-04
0  1  4.19643786332627464e-04
0  2  4.81747518884496114e-04
0  3  7.29754442200055971e-04
0  4  1.02593275027623135e-03
0  5  1.14464296620108265e-03
1  0  4.19643786332627464e-04
1  1  3.37755202208429167e-04
1  2  3.87740116626602281e-04
1  3  5.87351385187460224e-04
1  4  8.25733955338818189e-04
1  5  9.21279258974324515e-04
2  0  4.81747518884496114e-04
2  1  3.87740116626602281e-04
2  2  4.45122375787522951e-04
2  3  6.74274424507143076e-04
2  4  9.47935599665587596e-04
2  5  1.05762080046345333e-03
3  0  7.29754442200055971e-04
3  1  5.87351385187460224e-04
3  2  6.74274424507143076e-04
3  3  1.02139551789564935e-03
3  4  1.43593934095879202e-03
3  5  1.60209123461294272e-03
4  0  1.02593275027623135e-03
4  1  8.25733955338818189e-04
4  2  9.47935599665587596e-04
4  3  1.43593934095879202e-03
4  4  2.01873001671407960e-03
4  5  2.25231635667016636e-03
5  0  1.14464296620108265e-03
5  1  9.21279258974324515e-04
5  2  1.05762080046345333e-03
5  3  1.60209123461294272e-03
5  4  2.25231635667016636e-03
5  5  2.51293086669472643e-03
