numXbins 6
numYbins 6
xbin  ybin  z
0  0  1.00581516683785673e-04
0  1  7.43131187305774444e-05
0  2  8.12706837586378030e-05
0  3  1.22491143428942731e-04
0  4  1.44807277354641855e-04
0  5  -1.42616470915114363e-04
1  0  7.43131187305774580e-05
1  1  5.49051137578953464e-05
1  2  6.00456045066226818e-05
1  3  9.05007121109222494e-05
1  4  1.06988647118321967e-04
1  5  -1.05370003212124403e-04
2  0  8.12706837586378166e-05
2  1  6.00456045066226818e-05
2  2  6.56673736523727484e-05
2  3  9.89738404138853638e-05
2  4  1.17005458178138816e-04
2  5  -1.15235268751755554e-04
3  0  1.22491143428942703e-04
3  1  9.05007121109222494e-05
3  2  9.89738404138853502e-05
3  3  1.49173334358245548e-04
3  4  1.76350581745219709e-04
3  5  -1.73682552919875150e-04
4  0  1.44807277354641855e-04
4  1  1.06988647118322008e-04
4  2  1.17005458178138803e-04
4  3  1.76350581745219709e-04
4  4  2.08479134797581809e-04
4  5  -2.05325029290141808e-04
5  0  -1.42616470915114363e-04
5  1  -1.05370003212124417e-04
5  2  -1.15235268751755554e-04
5  3  -1.73682552919875150e-04
5  4  -2.05325029290141862e-04
5  5  2.02218642618266509e-04
