numXbins 7
numYbins 7
xbin  ybin  z
0  0  1.58710889595182171e-06
0  1  -2.88521015651938067e-08
0  2  -5.32254463957062906e-07
0  3  -1.71475535112525627e-07
0  4  4.24019403890264039e-07
0  5  -1.62550530551539712e-06
0  6  5.28335249255122123e-06
1  0  -2.88521015651943758e-08
1  1  5.24503244138481961e-10
1  2  9.67587031475091344e-09
1  3  3.11725904103511553e-09
1  4  -7.70826181987832406e-09
1  5  2.95501110787753931e-08
1  6  -9.60462278981696909e-08
2  0  -5.32254463957064388e-07
2  1  9.67587031475037743e-09
2  2  1.78497401863735205e-07
2  3  5.75062109826640844e-08
2  4  -1.42199581327189033e-07
2  5  5.45131123171980202e-07
2  6  -1.77183050009470021e-06
3  0  -1.71475535112526554e-07
3  1  3.11725904103463825e-09
3  2  5.75062109826640645e-08
3  3  1.85266803160933581e-08
3  4  -4.58122025310511362e-08
3  5  1.75623986988201563e-07
3  6  -5.70827684325335137e-07
4  0  4.24019403890263986e-07
4  1  -7.70826181987837204e-09
4  2  -1.42199581327188715e-07
4  3  -4.58122025310509840e-08
4  4  1.13282998623499313e-07
4  5  -4.34277567483323574e-07
4  6  1.41152505675433917e-06
5  0  -1.62550530551539415e-06
5  1  2.95501110787770805e-08
5  2  5.45131123171980202e-07
5  3  1.75623986988201219e-07
5  4  -4.34277567483323363e-07
5  5  1.66483062693318113e-06
5  6  -5.41117092182859626e-06
6  0  5.28335249255122123e-06
6  1  -9.60462278981718482e-08
6  2  -1.77183050009470190e-06
6  3  -5.70827684325336514e-07
6  4  1.41152505675433811e-06
6  5  -5.41117092182860218e-06
6  6  1.75878376283731393e-05
