numXbins 6
numYbins 6
xbin  ybin  z
0  0  5.87545831240722497e-08
0  1  4.83967803090980877e-08
0  2  5.55567176277438711e-08
0  3  7.36034262124742684e-08
0  4  1.06076954684046903e-07
0  5  3.26656799545011290e-08
1  0  4.83967803090980877e-08
1  1  3.98649470347014571e-08
1  2  4.57626642001125294e-08
1  3  6.06279316267087521e-08
1  4  8.73767253332551709e-08
1  5  2.69070709440126443e-08
2  0  5.55567176277438777e-08
2  1  4.57626642001125294e-08
2  2  5.25329039787584060e-08
2  3  6.95973752019618854e-08
2  4  1.00303450468667300e-07
2  5  3.08877684234123057e-08
3  0  7.36034262124742684e-08
3  1  6.06279316267087521e-08
3  2  6.95973752019618854e-08
3  3  9.22049661857878558e-08
3  4  1.32885417473626326e-07
3  5  4.09211645521208497e-08
4  0  1.06076954684046903e-07
4  1  8.73767253332551709e-08
4  2  1.00303450468667286e-07
4  3  1.32885417473626326e-07
4  4  1.91513916306405874e-07
4  5  5.89754137977625094e-08
5  0  3.26656799545011356e-08
5  1  2.69070709440126476e-08
5  2  3.08877684234122924e-08
5  3  4.09211645521208762e-08
5  4  5.89754137977625227e-08
5  5  1.81610793601685719e-08
