numXbins 6
numYbins 6
xbin  ybin  z
0  0  1.67818258009328947e+00
0  1  1.45215503823293357e+00
0  2  2.11858633332961244e+00
0  3  9.74654657746914399e-01
0  4  6.05703639262796578e-01
0  5  -1.07005337519850285e+00
1  0  1.05765940372318767e+00
1  1  1.09064234670887217e+00
1  2  1.76976117342064643e+00
1  3  9.43079045326685628e-01
1  4  4.64839050763690143e-01
1  5  -8.22526777036472367e-01
2  0  9.40672870034140463e-01
2  1  1.06045822081617014e+00
2  2  2.04488876343107773e+00
2  3  1.32589938878361324e+00
2  4  5.15217457586629735e-01
2  5  -9.04333962576479911e-01
3  0  1.14969043591660802e+00
3  1  9.14580602610116755e-01
3  2  2.59860093525421965e+00
3  3  2.81302188005008968e+00
3  4  8.35371077077429636e-01
3  5  -1.33047162018965448e+00
4  0  2.03489776201494266e+00
4  1  -8.28243936086804577e-01
4  2  2.16444656443139483e+00
4  3  3.43796898517340832e+00
4  4  3.38883227701813050e+00
4  5  -2.52231889963903777e+00
5  0  -2.73708925880869325e+00
5  1  -3.25426011926528558e+00
5  2  -2.87066204215960274e+00
5  3  -3.41495449753617120e-01
5  4  5.93295990868469936e+00
5  5  7.77954182369530400e+00
