numXbins 6
numYbins 6
xbin  ybin  z
0  0  1.20043302885396130e+00
0  1  1.45693866323865451e+00
0  2  1.83421476767493896e+00
0  3  1.28100883013963651e+00
0  4  5.72487300611427941e-01
0  5  -1.04571437403752499e+00
1  0  6.57654089362966432e-01
1  1  1.12720982329273411e+00
1  2  1.59999579842755657e+00
1  3  1.17588179383150249e+00
1  4  4.09461244140350455e-01
1  5  -7.88885653531852693e-01
2  0  4.73904353852556581e-01
2  1  1.12296853508567240e+00
2  2  1.91306556077593637e+00
2  3  1.58366371610412981e+00
2  4  4.15873294750432887e-01
2  5  -8.47903311425243000e-01
3  0  4.59640053667368709e-01
3  1  1.03560633558031712e+00
3  2  2.47194127118234830e+00
3  3  3.20470768019127927e+00
3  4  6.06053092354561507e-01
3  5  -1.20391515622284939e+00
4  0  1.28619376495429627e+00
4  1  -5.37316586805336005e-01
4  2  2.04151542125394858e+00
4  3  3.72006931639332761e+00
4  4  3.05602615630955743e+00
4  5  -2.31470661403620959e+00
5  0  -1.94581468602989083e+00
5  1  -4.36933754444081401e+00
5  2  -1.76680380149135630e+00
5  3  -8.33352063191322490e-01
5  4  5.63352524276630007e+00
5  5  7.72118432665269960e+00
