numXbins 6
numYbins 6
xbin  ybin  z
0  0  2.76455962639567446e-04
0  1  -6.15121422662415749e-04
0  2  5.13147877609140062e-05
0  3  2.28890562711574235e-04
0  4  5.03301945317289993e-04
0  5  -3.76098031940984962e-04
1  0  -6.15121422662415641e-04
1  1  1.36866053097774599e-03
1  2  -1.14176684596477068e-04
1  3  -5.09287219652802868e-04
1  4  -1.11985940066688526e-03
1  5  8.36827515887921631e-04
2  0  5.13147877609140265e-05
2  1  -1.14176684596477041e-04
2  2  9.52487122291054693e-06
2  3  4.24858647788830624e-05
2  4  9.34211447531117854e-05
2  5  -6.98099997630034720e-05
3  0  2.28890562711574262e-04
3  1  -5.09287219652802760e-04
3  2  4.24858647788830624e-05
3  3  1.89508987971173990e-04
3  4  4.16706749160260280e-04
3  5  -3.11388798938376835e-04
4  0  5.03301945317290210e-04
4  1  -1.11985940066688548e-03
4  2  9.34211447531117719e-05
4  3  4.16706749160260389e-04
4  4  9.16286433982355358e-04
4  5  -6.84705329914306023e-04
5  0  -3.76098031940985070e-04
5  1  8.36827515887921957e-04
5  2  -6.98099997630034720e-05
5  3  -3.11388798938376889e-04
5  4  -6.84705329914305915e-04
5  5  5.11653748681481111e-04
