numXbins 6
numYbins 6
xbin  ybin  z
0  0  2.58552846970083045e-03
0  1  -1.28543126280384148e-03
0  2  -2.85912235962434524e-04
0  3  -9.39073991450832307e-05
0  4  -1.17308102331388205e-04
0  5  -3.51320722921962816e-04
1  0  -1.28543126280384148e-03
1  1  2.03111474737772144e-03
1  2  -1.78965266356659634e-05
1  3  -2.46070923754288266e-04
1  4  -5.63267321064448681e-04
1  5  7.47336783897987024e-04
2  0  -2.85912235962434524e-04
2  1  -1.78965266356659634e-05
2  2  1.64157827874574647e-04
2  3  1.59408372175418457e-04
2  4  2.71477143479888672e-04
2  5  -3.74392695218296590e-04
3  0  -9.39073991450832578e-05
3  1  -2.46070923754288266e-04
3  2  1.59408372175418430e-04
3  3  2.12613197556375534e-04
3  4  3.64258373975247262e-04
3  5  -5.44236048115415648e-04
4  0  -1.17308102331388245e-04
4  1  -5.63267321064448681e-04
4  2  2.71477143479888672e-04
4  3  3.64258373975247262e-04
4  4  7.36635477862059517e-04
4  5  -9.16410660834306320e-04
5  0  -3.51320722921962762e-04
5  1  7.47336783897987024e-04
5  2  -3.74392695218296536e-04
5  3  -5.44236048115415648e-04
5  4  -9.16410660834306320e-04
5  5  2.46592004401739078e-03
