numXbins 6
numYbins 6
xbin  ybin  z
0  0  2.15721637434032657e-08
0  1  1.03671687448623688e-07
0  2  -1.57452856711239280e-07
0  3  -1.38655183391850142e-07
0  4  -2.45750383255167934e-07
0  5  7.24707115066939557e-08
1  0  1.03671687448623503e-07
1  1  5.80349927120807788e-07
1  2  -9.23294993099719135e-07
1  3  -8.09402968838056941e-07
1  4  -1.43222645117905191e-06
1  5  4.13591796522855376e-07
2  0  -1.57452856711239227e-07
2  1  -9.23294993099718818e-07
2  2  1.48723118139365672e-06
2  3  1.30224430599583323e-06
2  4  2.30331633952456635e-06
2  5  -6.61455045454187981e-07
3  0  -1.38655183391849851e-07
3  1  -8.09402968838057364e-07
3  2  1.30224430599583344e-06
3  3  1.14039301232940177e-06
3  4  2.01712675497153746e-06
3  5  -5.79573039546496082e-07
4  0  -2.45750383255167405e-07
4  1  -1.43222645117905382e-06
4  2  2.30331633952456763e-06
4  3  2.01712675497153789e-06
4  4  3.56794552003044504e-06
4  5  -1.02535984545384034e-06
5  0  7.24707115066936381e-08
5  1  4.13591796522855852e-07
5  2  -6.61455045454188298e-07
5  3  -5.79573039546495659e-07
5  4  -1.02535984545383950e-06
5  5  2.95403077235032164e-07
