numXbins 6
numYbins 6
xbin  ybin  z
0  0  1.50189830794019070e-03
0  1  -4.95808696782766177e-04
0  2  4.13771471223506944e-04
0  3  5.66325504864094876e-04
0  4  1.23321576887824706e-03
0  5  -2.42429798387710236e-03
1  0  -4.95808696782766177e-04
1  1  2.83440940711072705e-03
1  2  3.61057521980946662e-04
1  3  -1.52337634792699473e-04
1  4  -7.91374396760997391e-04
1  5  -9.09280297098467188e-04
2  0  4.13771471223506728e-04
2  1  3.61057521980946933e-04
2  2  7.55361388803038559e-04
2  3  7.40231310255645984e-04
2  4  1.15623842628840147e-03
2  5  -2.86590436894253349e-03
3  0  5.66325504864094767e-04
3  1  -1.52337634792699446e-04
3  2  7.40231310255645984e-04
3  3  9.64281320065080551e-04
3  4  1.63639883254033101e-03
3  5  -3.13024893868269578e-03
4  0  1.23321576887824706e-03
4  1  -7.91374396760997174e-04
4  2  1.15623842628840168e-03
4  3  1.63639883254033101e-03
4  4  3.05314637087963307e-03
4  5  -5.30527695395402194e-03
5  0  -2.42429798387710322e-03
5  1  -9.09280297098467730e-04
5  2  -2.86590436894253349e-03
5  3  -3.13024893868269578e-03
5  4  -5.30527695395402194e-03
5  5  1.20355567942275095e-02
