numXbins 6
numYbins 6
xbin  ybin  z
0  0  3.32466850008299598e-04
0  1  -1.43355965654337077e-04
0  2  -3.78302065576028451e-05
0  3  -1.56448261585039955e-05
0  4  -2.23675156622169920e-05
0  5  -3.75657932620417306e-05
1  0  -1.43355965654337104e-04
1  1  2.09215793879805436e-04
1  2  -1.70126505523301934e-07
1  3  -2.41621734448836285e-05
1  4  -5.57935248128534257e-05
1  5  7.73814298312139396e-05
2  0  -3.78302065576028451e-05
2  1  -1.70126505523304819e-07
2  2  1.77902461627494597e-05
2  3  1.68656852433932055e-05
2  4  2.93398379549332771e-05
2  5  -3.83665804011130534e-05
3  0  -1.56448261585039955e-05
3  1  -2.41621734448836285e-05
3  2  1.68656852433932089e-05
3  3  2.17427651056240485e-05
3  4  3.81290167890190889e-05
3  5  -5.49695679584935175e-05
4  0  -2.23675156622169887e-05
4  1  -5.57935248128534257e-05
4  2  2.93398379549332703e-05
4  3  3.81290167890190889e-05
4  4  7.82760995395328737e-05
4  5  -9.79147098511225689e-05
5  0  -3.75657932620417306e-05
5  1  7.73814298312139261e-05
5  2  -3.83665804011130534e-05
5  3  -5.49695679584935175e-05
5  4  -9.79147098511225689e-05
5  5  2.49753751128591311e-04
