numXbins 6
numYbins 6
xbin  ybin  z
0  0  1.83103021229163829e-07
0  1  3.23417423284877022e-07
0  2  -2.74188252451447340e-07
0  3  -2.58039574454384938e-07
0  4  -4.76530216521676140e-07
0  5  1.96071396790678591e-07
1  0  3.23417423284877022e-07
1  1  8.62349566242057456e-07
1  2  -1.04578973667942529e-06
1  3  -9.40832564397860400e-07
1  4  -1.69165835059851321e-06
1  5  5.67587588888131675e-07
2  0  -2.74188252451447498e-07
2  1  -1.04578973667942508e-06
2  2  1.49363330937691675e-06
2  3  1.32201924194989094e-06
2  4  2.35305738476321985e-06
2  5  -7.20402434071365339e-07
3  0  -2.58039574454384991e-07
3  1  -9.40832564397860717e-07
3  2  1.32201924194989052e-06
3  3  1.17189889037406198e-06
3  4  2.08785324442668878e-06
3  5  -6.45011765935410115e-07
4  0  -4.76530216521676087e-07
4  1  -1.69165835059851321e-06
4  2  2.35305738476321942e-06
4  3  2.08785324442668921e-06
4  4  3.72195298219250774e-06
4  5  -1.15634502951196113e-06
5  0  1.96071396790678750e-07
5  1  5.67587588888131781e-07
5  2  -7.20402434071365233e-07
5  3  -6.45011765935410009e-07
5  4  -1.15634502951196008e-06
5  5  3.78144228709320380e-07
