numXbins 6
numYbins 6
xbin  ybin  z
0  0  4.58519404041578710e-05
0  1  -8.20888481111281075e-06
0  2  -3.27169136094803962e-05
0  3  -3.22188237689058539e-05
0  4  -5.34893717467548754e-05
0  5  -2.80698849133491353e-05
1  0  -8.20888481111281922e-06
1  1  1.47613005942193234e-06
1  2  5.95129746467131363e-06
1  3  5.87376253818739147e-06
1  4  9.75000446685572153e-06
1  5  5.10348985802227335e-06
2  0  -3.27169136094803962e-05
2  1  5.95129746467131617e-06
2  2  2.47052564061254999e-05
2  3  2.45183492393397872e-05
2  4  4.06825658393782428e-05
2  5  2.11599862124118437e-05
3  0  -3.22188237689058606e-05
3  1  5.87376253818738808e-06
3  2  2.45183492393397940e-05
3  3  2.43577190303439567e-05
3  4  4.04130960750807803e-05
3  5  2.09951442965747819e-05
4  0  -5.34893717467548619e-05
4  1  9.75000446685571814e-06
4  2  4.06825658393782631e-05
4  3  4.04130960750807735e-05
4  4  6.70517135263911350e-05
4  5  3.48371795297935772e-05
5  0  -2.80698849133491353e-05
5  1  5.10348985802226064e-06
5  2  2.11599862124118404e-05
5  3  2.09951442965747920e-05
5  4  3.48371795297936044e-05
5  5  1.81243816813160233e-05
