numXbins 6
numYbins 6
xbin  ybin  z
0  0  8.91309490142441039e-06
0  1  1.17541245549986609e-05
0  2  -3.14400619307025705e-07
0  3  -1.66440518908344268e-06
0  4  -4.06111367838899292e-06
0  5  4.59996791833878341e-06
1  0  1.17541245549986660e-05
1  1  2.66366425771036385e-05
1  2  4.72052619261133977e-08
1  3  -3.56283597013397630e-06
1  4  -8.65869207134337650e-06
1  5  1.07686120466532466e-05
2  0  -3.14400619307025970e-07
2  1  4.72052619261140065e-08
2  2  3.02424415014105685e-08
2  3  1.98150577061700859e-09
2  4  6.26778077679210528e-09
2  5  3.27556866275080319e-08
3  0  -1.66440518908344268e-06
3  1  -3.56283597013397758e-06
3  2  1.98150577061712770e-09
3  3  4.78835847068245644e-07
3  4  1.16410503055120842e-06
3  5  -1.43661611581989343e-06
4  0  -4.06111367838898953e-06
4  1  -8.65869207134338158e-06
4  2  6.26778077679204407e-09
4  3  1.16410503055120863e-06
4  4  2.83014283997618587e-06
4  5  -3.49072235377408602e-06
5  0  4.59996791833878426e-06
5  1  1.07686120466532517e-05
5  2  3.27556866275081113e-08
5  3  -1.43661611581989364e-06
5  4  -3.49072235377408517e-06
5  5  4.35971198666098895e-06
