numXbins 6
numYbins 6
xbin  ybin  z
0  0  4.19165443681858654e-06
0  1  2.96931530242232656e-05
0  2  4.91480331958983712e-06
0  3  -9.33099148538591459e-06
0  4  -3.69927010935653313e-05
0  5  1.55774505173285822e-05
1  0  2.96931530242232724e-05
1  1  2.10342562777938942e-04
1  2  3.48158487900793574e-05
1  3  -6.60995705203166502e-05
1  4  -2.62051643547286548e-04
1  5  1.10348700950970588e-04
2  0  4.91480331958981849e-06
2  1  3.48158487900793913e-05
2  2  5.76271065144976740e-06
2  3  -1.09407845085260215e-05
2  4  -4.33747230063273018e-05
2  5  1.82648895960567412e-05
3  0  -9.33099148538591459e-06
3  1  -6.60995705203166502e-05
3  2  -1.09407845085260147e-05
3  3  2.07716078251974089e-05
3  4  8.23490066102564033e-05
3  5  -3.46767750853847612e-05
4  0  -3.69927010935653449e-05
4  1  -2.62051643547286657e-04
4  2  -4.33747230063273289e-05
4  3  8.23490066102563627e-05
4  4  3.26472507413209771e-04
4  5  -1.37476020381276592e-04
5  0  1.55774505173286398e-05
5  1  1.10348700950970561e-04
5  2  1.82648895960567514e-05
5  3  -3.46767750853847612e-05
5  4  -1.37476020381276646e-04
5  5  5.78904984362197642e-05
