numXbins 6
numYbins 6
xbin  ybin  z
0  0  2.94517559448732728e-04
0  1  2.82881887549083888e-04
0  2  3.27197916067438856e-04
0  3  3.07234619044644464e-04
0  4  4.44863427518028289e-04
0  5  5.16126394789984989e-04
1  0  2.82881887549083942e-04
1  1  5.04153044173878879e-04
1  2  4.78654172762661072e-04
1  3  4.38114158455934328e-04
1  4  6.33488557089179993e-04
1  5  8.00141897479476568e-04
2  0  3.27197916067439073e-04
2  1  4.78654172762660746e-04
2  2  5.16285474210634852e-04
2  3  4.79215530734546492e-04
2  4  7.02865680843816005e-04
2  5  8.14137132230693776e-04
3  0  3.07234619044644464e-04
3  1  4.38114158455934436e-04
3  2  4.79215530734546384e-04
3  3  4.46268141317165317e-04
3  4  6.55336137290470186e-04
3  5  7.49128587320702761e-04
4  0  4.44863427518028235e-04
4  1  6.33488557089179668e-04
4  2  7.02865680843816005e-04
4  3  6.55336137290470403e-04
4  4  9.67271024551762007e-04
4  5  1.09249767677141213e-03
5  0  5.16126394789984773e-04
5  1  8.00141897479476568e-04
5  2  8.14137132230693559e-04
5  3  7.49128587320702544e-04
5  4  1.09249767677141213e-03
5  5  1.43739641958341670e-03
