numXbins 6
numYbins 6
xbin  ybin  z
0  0  3.53279612205510316e-04
0  1  1.72839602811788377e-04
0  2  3.16336261495631546e-05
0  3  5.71760185346765531e-06
0  4  -2.92068445887211867e-05
0  5  9.91681701858176376e-05
1  0  1.72839602811788919e-04
1  1  1.04485995630697976e-03
1  2  1.09710910125709936e-04
1  3  -6.22276850156545372e-05
1  4  -2.18784156635296799e-04
1  5  5.92443558301706088e-04
2  0  3.16336261495631343e-05
2  1  1.09710910125710017e-04
2  2  1.45107713025455063e-04
2  3  1.28620523453650270e-04
2  4  1.91855297339737981e-04
2  5  5.55301492538186738e-05
3  0  5.71760185346764430e-06
3  1  -6.22276850156545914e-05
3  2  1.28620523453650270e-04
3  3  1.43340621091710146e-04
3  4  2.35446193658994082e-04
3  5  -4.51913384826893003e-05
4  0  -2.92068445887212951e-05
4  1  -2.18784156635296880e-04
4  2  1.91855297339738062e-04
4  3  2.35446193658994082e-04
4  4  4.04752308181176139e-04
4  5  -1.34947308533031379e-04
5  0  9.91681701858177731e-05
5  1  5.92443558301706196e-04
5  2  5.55301492538186467e-05
5  3  -4.51913384826893003e-05
5  4  -1.34947308533031379e-04
5  5  5.82764045903641829e-04
