numXbins 6
numYbins 6
xbin  ybin  z
0  0  1.16727021930633825e-06
0  1  -2.66608025864185313e-06
0  2  2.16232640038853367e-07
0  3  4.21172004015904125e-07
0  4  8.62513594904234538e-07
0  5  -1.21684587833603144e-06
1  0  -2.66608025864185313e-06
1  1  6.96409463359443699e-06
1  2  -1.42236566140688369e-06
1  3  -1.79717744450175971e-06
1  4  -3.25484980832336245e-06
1  5  4.39059884579557981e-06
2  0  2.16232640038853394e-07
2  1  -1.42236566140688369e-06
2  2  1.12099288629767572e-06
2  3  1.20243471003761423e-06
2  4  1.89839424370147995e-06
2  5  -2.16203912101652703e-06
3  0  4.21172004015904177e-07
3  1  -1.79717744450175971e-06
3  2  1.20243471003761423e-06
3  3  1.55293010107049539e-06
3  4  2.49752846036885968e-06
3  5  -2.51271936565011636e-06
4  0  8.62513594904234538e-07
4  1  -3.25484980832336330e-06
4  2  1.89839424370147995e-06
4  3  2.49752846036886011e-06
4  4  4.05735842190017511e-06
4  5  -4.08435050037190573e-06
5  0  -1.21684587833603165e-06
5  1  4.39059884579557981e-06
5  2  -2.16203912101652703e-06
5  3  -2.51271936565011636e-06
5  4  -4.08435050037190488e-06
5  5  4.85743778324292885e-06
