numXbins 6
numYbins 6
xbin  ybin  z
0  0  6.28832208044774336e-06
0  1  -1.47908840841718177e-06
0  2  -5.26430406143694507e-07
0  3  2.84858757292688723e-08
0  4  6.21719590647020549e-07
0  5  8.98597556664753859e-06
1  0  -1.47908840841718198e-06
1  1  4.16095731458143550e-07
1  2  1.15525018035415503e-07
1  3  -1.56029044946327444e-08
1  4  -2.31100064723485217e-07
1  5  -3.16744747596507324e-06
2  0  -5.26430406143694296e-07
2  1  1.15525018035415542e-07
2  2  4.50800252150352770e-08
2  3  -1.30149107755351146e-09
2  4  -4.17218901695892700e-08
2  5  -6.24041853137106014e-07
3  0  2.84858757292693554e-08
3  1  -1.56029044946328205e-08
3  2  -1.30149107755357040e-09
3  3  1.29123815417564827e-09
3  4  1.38949349794682659e-08
3  5  1.78279169694355241e-07
4  0  6.21719590647020549e-07
4  1  -2.31100064723485058e-07
4  2  -4.17218901695894155e-08
4  3  1.38949349794681716e-08
4  4  1.67074360232334269e-07
4  5  2.19983823180413367e-06
5  0  8.98597556664753690e-06
5  1  -3.16744747596507324e-06
5  2  -6.24041853137105590e-07
5  3  1.78279169694354632e-07
5  4  2.19983823180413112e-06
5  5  2.91258540306986518e-05
