numXbins 6
numYbins 6
xbin  ybin  z
0  0  6.92139161211160759e-06
0  1  7.21437003284742390e-05
0  2  5.62412358391337978e-05
0  3  5.30958462659079689e-05
0  4  7.32945738693165349e-05
0  5  -2.05528326526534423e-04
1  0  7.21437003284743338e-05
1  1  7.51975005716610558e-04
1  2  5.86218941488780279e-04
1  3  5.53433620919717645e-04
1  4  7.63970899100423770e-04
1  5  -2.14228219249958151e-03
2  0  5.62412358391337029e-05
2  1  5.86218941488780279e-04
2  2  4.57000092752730676e-04
2  3  4.31441562516674969e-04
2  4  5.95570608589696560e-04
2  5  -1.67006401770040643e-03
3  0  5.30958462659079146e-05
3  1  5.53433620919717754e-04
3  2  4.31441562516674914e-04
3  3  4.07312437828203657e-04
3  4  5.62262279666485504e-04
3  5  -1.57666276380691978e-03
4  0  7.32945738693164265e-05
4  1  7.63970899100423336e-04
4  2  5.95570608589696669e-04
4  3  5.62262279666485504e-04
4  4  7.76158157166549189e-04
4  5  -2.17645698366139258e-03
5  0  -2.05528326526534342e-04
5  1  -2.14228219249958194e-03
5  2  -1.67006401770040621e-03
5  3  -1.57666276380691978e-03
5  4  -2.17645698366139215e-03
5  5  6.10309246638759614e-03
