numXbins 6
numYbins 6
xbin  ybin  z
0  0  5.08875595585381660e-03
0  1  -1.47102409926150703e-03
0  2  4.49231962564748850e-04
0  3  7.71175359213861701e-04
0  4  1.50867824303709463e-03
0  5  -2.16044444612790727e-03
1  0  -1.47102409926150660e-03
1  1  6.77440114928054560e-03
1  2  9.83562262642250287e-04
1  3  -1.04667839517190329e-05
1  4  -9.53972986506371038e-04
1  5  1.12582634373504858e-03
2  0  4.49231962564748796e-04
2  1  9.83562262642250287e-04
2  2  1.63127653707233482e-03
2  3  1.55191366356868354e-03
2  4  2.39043377286238127e-03
2  5  -2.51586274239807162e-03
3  0  7.71175359213861268e-04
3  1  -1.04667839517192396e-05
3  2  1.55191366356868398e-03
3  3  1.81300693289560217e-03
3  4  2.96543424816612987e-03
3  5  -3.10949639359358069e-03
4  0  1.50867824303709420e-03
4  1  -9.53972986506371689e-04
4  2  2.39043377286238170e-03
4  3  2.96543424816612987e-03
4  4  5.29533422790175699e-03
4  5  -5.47586192209955063e-03
5  0  -2.16044444612790596e-03
5  1  1.12582634373504901e-03
5  2  -2.51586274239807249e-03
5  3  -3.10949639359358069e-03
5  4  -5.47586192209955150e-03
5  5  1.76156271803051753e-02
