numXbins 6
numYbins 6
xbin  ybin  z
0  0  9.05814342811183532e-04
0  1  2.88456985895365649e-04
0  2  5.40499282745521525e-05
0  3  6.02576315821925333e-05
0  4  2.52459558488079530e-04
0  5  -8.42094790986697844e-04
1  0  2.88456985895365649e-04
1  1  9.18592572221874136e-05
1  2  1.72122240298726870e-05
1  3  1.91890699472130560e-05
1  4  8.03958602332775877e-05
1  5  -2.68165465886031689e-04
2  0  5.40499282745520847e-05
2  1  1.72122240298726870e-05
2  2  3.22515841095836713e-06
2  3  3.59557197438944469e-06
2  4  1.50642580753991842e-05
2  5  -5.02477835711335509e-05
3  0  6.02576315821924994e-05
3  1  1.91890699472130527e-05
3  2  3.59557197438944004e-06
3  3  4.00852800876008903e-06
3  4  1.67944073589798802e-05
3  5  -5.60188057025909735e-05
4  0  2.52459558488079313e-04
4  1  8.03958602332775741e-05
4  2  1.50642580753991621e-05
4  3  1.67944073589798667e-05
4  4  7.03630155316293718e-05
4  5  -2.34700279174016626e-04
5  0  -8.42094790986697519e-04
5  1  -2.68165465886031689e-04
5  2  -5.02477835711335509e-05
5  3  -5.60188057025909464e-05
5  4  -2.34700279174016681e-04
5  5  7.82857593981315931e-04
