numXbins 6
numYbins 6
xbin  ybin  z
0  0  1.01325999991448964e-04
0  1  1.78576019387656146e-04
0  2  3.02955602409482963e-04
0  3  3.18439551802995717e-04
0  4  5.37464707929329174e-04
0  5  3.13911898422668126e-04
1  0  1.78576019387656146e-04
1  1  3.14720749886818218e-04
1  2  5.33926194007860880e-04
1  3  5.61214965372828860e-04
1  4  9.47222905389224806e-04
1  5  5.53235470298571799e-04
2  0  3.02955602409482963e-04
2  1  5.33926194007860880e-04
2  2  9.05809930709179363e-04
2  3  9.52105543055324307e-04
2  4  1.60697100821416026e-03
2  5  9.38568267751313393e-04
3  0  3.18439551802995717e-04
3  1  5.61214965372828860e-04
3  2  9.52105543055324307e-04
3  3  1.00076730711811746e-03
3  4  1.68910270530157262e-03
3  5  9.86538146653157845e-04
4  0  5.37464707929329174e-04
4  1  9.47222905389224806e-04
4  2  1.60697100821416026e-03
4  3  1.68910270530157262e-03
4  4  2.85088044819628832e-03
4  5  1.66508661957956330e-03
5  0  3.13911898422668126e-04
5  1  5.53235470298571799e-04
5  2  9.38568267751313393e-04
5  3  9.86538146653157845e-04
5  4  1.66508661957956330e-03
5  5  9.72511299958939536e-04
