numXbins 6
numYbins 6
xbin  ybin  z
0  0  8.37247892430332868e-05
0  1  -6.31620428299986921e-05
0  2  7.88868249734444329e-05
0  3  9.45322934764818203e-06
0  4  7.43405436577274076e-05
0  5  -2.39958502226113258e-04
1  0  -6.31620428299987328e-05
1  1  4.76494917518176692e-05
1  2  -5.95122790125136974e-05
1  3  -7.13152320043174849e-06
1  4  -5.60825610308176648e-05
1  5  1.81024871272389990e-04
2  0  7.88868249734444872e-05
2  1  -5.95122790125137449e-05
2  2  7.43284182696068676e-05
2  3  8.90698269561543215e-06
2  4  7.00448398733452776e-05
2  5  -2.26092708469569634e-04
3  0  9.45322934764819219e-06
3  1  -7.13152320043176035e-06
3  2  8.90698269561541182e-06
3  3  1.06734870170687111e-06
3  4  8.39366948999302454e-06
3  5  -2.70933229688641834e-05
4  0  7.43405436577274618e-05
4  1  -5.60825610308176445e-05
4  2  7.00448398733452505e-05
4  3  8.39366948999299744e-06
4  4  6.60081259241429753e-05
4  5  -2.13062889403064164e-04
5  0  -2.39958502226113340e-04
5  1  1.81024871272390098e-04
5  2  -2.26092708469569607e-04
5  3  -2.70933229688641732e-05
5  4  -2.13062889403064110e-04
5  5  6.87730399935176343e-04
