numXbins 6
numYbins 6
xbin  ybin  z
0  0  3.82106591528052633e+01
0  1  -1.06234284412089401e+01
0  2  1.07020069615218927e+00
0  3  -5.12738886888689516e-01
0  4  -5.28255790143139503e-01
0  5  3.69835146514805846e+00
1  0  -6.74912616982978619e+00
1  1  2.10689039467256762e+01
1  2  -5.16706171775112555e+00
1  3  1.18312096392134825e+00
1  4  -8.83980698848716662e-01
1  5  5.65985282006370660e-01
2  0  -4.69659869187695111e+00
2  1  9.93126689719528333e-01
2  2  3.15008329638505513e+00
2  3  8.00155549664098853e-01
2  4  -9.49700032346568968e-01
2  5  -6.19480175243788267e+00
3  0  -3.27863191371424634e+00
3  1  -1.92588492510883880e+00
3  2  3.12918605761271484e+00
3  3  2.14468701085548563e+00
3  4  -1.98922222977246399e+00
3  5  -6.66104468376547132e+00
4  0  -5.54605160672787889e+00
4  1  -5.01724923338678064e+00
4  2  5.00687502247051697e+00
4  3  3.35719264876043200e+00
4  4  -2.26790372411889152e-02
4  5  -2.01469375382150702e+01
5  0  -1.79218330305802143e+00
5  1  6.01150670269246667e+00
5  2  -6.30808801093280280e+00
5  3  -1.37796458183050685e+00
5  4  1.50823634570303255e+01
5  5  3.80383514372006104e+01
