numXbins 5
numYbins 5
xbin  ybin  z
0  0  3.68975099874660373e-01
0  1  -6.97741145268082619e-03
0  2  -5.94318679068237543e-02
0  3  7.92506044963374734e-02
0  4  2.07059576525352895e-01
1  0  4.84795387601479888e-02
1  1  6.97242105379700661e-02
1  2  9.15372222079895437e-02
1  3  1.28051416861126199e-01
1  4  6.80319950333796442e-03
2  0  4.96513675898313522e-05
2  1  9.14111523889005184e-02
2  2  2.69657093449495733e-01
2  3  4.00440491910558194e-01
2  4  -9.41818180144764483e-02
3  0  3.80694781197234988e-02
3  1  -1.28231883514672518e-01
3  2  3.04577400558628142e-01
3  3  6.64823713712394238e-01
3  4  -1.79154550656676292e-01
4  0  3.87165961787104607e-01
4  1  1.52318223379552364e-01
4  2  -3.95352300256490707e-03
4  3  5.56065528653562069e-02
4  4  2.54053371376357973e-01
