numXbins 5
numYbins 5
xbin  ybin  z
0  0  3.19757655890921268e-05
0  1  1.21792123596375056e-05
0  2  2.52086559649924343e-05
0  3  3.95189395398524022e-05
0  4  3.47241199992141532e-05
1  0  1.21792123596375056e-05
1  1  4.63892610445417610e-06
1  2  9.60169580438191735e-06
1  3  1.50523231583773746e-05
1  4  1.32260298910945503e-05
2  0  2.52086559649924343e-05
2  1  9.60169580438192243e-06
2  2  1.98736863325683243e-05
2  3  3.11554495289806448e-05
2  4  2.73753693968131271e-05
3  0  3.95189395398524090e-05
3  1  1.50523231583773780e-05
3  2  3.11554495289806312e-05
3  3  4.88415696569675684e-05
3  4  4.29156385638391672e-05
4  0  3.47241199992141599e-05
4  1  1.32260298910945503e-05
4  2  2.73753693968131373e-05
4  3  4.29156385638391875e-05
4  4  3.77086986818275411e-05
