numXbins 5
numYbins 5
xbin  ybin  z
0  0  5.27328476053106061e-06
0  1  4.25435400739075070e-06
0  2  9.87398050107429763e-06
0  3  1.25115964526571833e-05
0  4  7.07364779841167017e-06
1  0  4.25435400739075240e-06
1  1  3.43230620801501812e-06
1  2  7.96608004711907419e-06
1  3  1.00940425037576464e-05
1  4  5.70684179304831775e-06
2  0  9.87398050107429932e-06
2  1  7.96608004711907588e-06
2  2  1.84885693382841082e-05
2  3  2.34273825558409664e-05
2  4  1.32450765708222462e-05
3  0  1.25115964526571866e-05
3  1  1.00940425037576514e-05
3  2  2.34273825558409698e-05
3  3  2.96854907145919039e-05
3  4  1.67832064303390346e-05
4  0  7.07364779841167017e-06
4  1  5.70684179304831775e-06
4  2  1.32450765708222462e-05
4  3  1.67832064303390380e-05
4  4  9.48867649827717583e-06
