numXbins 5
numYbins 5
xbin  ybin  z
0  0  5.67230487445210361e-07
0  1  5.12085194100736316e-08
0  2  -1.36063637584677806e-07
0  3  -2.69893904074345158e-07
0  4  6.74814653427216932e-07
1  0  5.12085194100736316e-08
1  1  1.17557509714732031e-07
1  2  3.83814409529132323e-07
1  3  6.47089949232958816e-07
1  4  1.96225447481025629e-08
2  0  -1.36063637584677806e-07
2  1  3.83814409529132323e-07
2  2  1.42588441089805542e-06
2  3  2.43380849908704821e-06
2  4  -3.11497235375936547e-07
3  0  -2.69893904074345158e-07
3  1  6.47089949232958816e-07
3  2  2.43380849908704821e-06
3  3  4.16994437496822464e-06
3  4  -5.83413243673365325e-07
4  0  6.74814653427216932e-07
4  1  1.96225447481025662e-08
4  2  -3.11497235375936547e-07
4  3  -5.83413243673365325e-07
4  4  8.23615340952448947e-07
