numXbins 5
numYbins 5
xbin  ybin  z
0  0  4.35926663079993880e-05
0  1  1.97767294309723381e-05
0  2  2.97744697990298583e-05
0  3  1.92302603181300795e-05
0  4  6.41866985634393110e-05
1  0  1.97767294309723347e-05
1  1  1.35406118099206278e-05
1  2  2.68916881449611636e-05
1  3  2.65473086359726327e-05
1  4  3.06220908728528684e-05
2  0  2.97744697990298583e-05
2  1  2.68916881449611534e-05
2  2  6.01040076566919571e-05
2  3  6.73186436861832749e-05
2  4  4.75692441614527457e-05
3  0  1.92302603181300795e-05
3  1  2.65473086359726225e-05
3  2  6.73186436861832749e-05
3  3  8.49665369081114620e-05
3  4  3.18020277260180602e-05
4  0  6.41866985634393110e-05
4  1  3.06220908728528751e-05
4  2  4.75692441614527457e-05
4  3  3.18020277260180670e-05
4  4  9.58152728811734173e-05
