numXbins 5
numYbins 5
xbin  ybin  z
0  0  4.00595294766038085e-04
0  1  3.38809470096650492e-04
0  2  7.95623422541034899e-04
0  3  1.01055124718243939e-03
0  4  5.39611540519442851e-04
1  0  3.38809470096650492e-04
1  1  2.89288916020886109e-04
1  2  6.80688546859253558e-04
1  3  8.64591003062336141e-04
1  4  4.57042920519130165e-04
2  0  7.95623422541034790e-04
2  1  6.80688546859253667e-04
2  2  1.60272138598099487e-03
2  3  2.03655196896734706e-03
2  4  1.07319452693555419e-03
3  0  1.01055124718243939e-03
3  1  8.64591003062336249e-04
3  2  2.03655196896734706e-03
3  3  2.58938732842109746e-03
3  4  1.36233272800769445e-03
4  0  5.39611540519442851e-04
4  1  4.57042920519130274e-04
4  2  1.07319452693555419e-03
4  3  1.36233272800769488e-03
4  4  7.27432332405783966e-04
