numXbins 5
numYbins 5
xbin  ybin  z
0  0  1.49874735635238687e-04
0  1  -2.61731387967301906e-05
0  2  -1.28514364555547625e-04
0  3  -1.48171900515073102e-04
0  4  1.52984668232111705e-04
1  0  -2.61731387967301906e-05
1  1  1.03381510230042253e-05
1  2  2.50576716443722980e-05
1  3  2.49772561664081218e-06
1  4  -1.17204094872875718e-05
2  0  -1.28514364555547814e-04
2  1  2.50576716443724674e-05
2  2  1.11603102266732634e-04
2  3  1.17087823349923111e-04
2  4  -1.25234232705481106e-04
3  0  -1.48171900515073102e-04
3  1  2.49772561664081218e-06
3  2  1.17087823349922772e-04
3  3  2.43073620041572483e-04
3  4  -2.14487268493065015e-04
4  0  1.52984668232111542e-04
4  1  -1.17204094872877446e-05
4  2  -1.25234232705481431e-04
4  3  -2.14487268493064663e-04
4  4  1.98457242453721895e-04
