numXbins 5
numYbins 5
xbin  ybin  z
0  0  8.48734499968652053e-06
0  1  6.24587932946774437e-07
0  2  -1.17022780630706712e-06
0  3  -9.34286255345880614e-08
0  4  8.46277388100055154e-06
1  0  6.24587932946774332e-07
1  1  1.82048132248463221e-06
1  2  5.37842312405647726e-06
1  3  7.86067701192408215e-06
1  4  8.85949680406048715e-07
2  0  -1.17022780630706712e-06
2  1  5.37842312405647641e-06
2  2  1.78788631997339617e-05
2  3  2.73626589262278274e-05
2  4  -1.41785181338198414e-06
3  0  -9.34286255345880614e-08
3  1  7.86067701192408215e-06
3  2  2.73626589262278274e-05
3  3  4.58388632614481961e-05
3  4  -2.65114530306871303e-06
4  0  8.46277388100055154e-06
4  1  8.85949680406048503e-07
4  2  -1.41785181338198456e-06
4  3  -2.65114530306871388e-06
4  4  9.74390032916853142e-06
