numXbins 5
numYbins 5
xbin  ybin  z
0  0  4.95398024944407260e-05
0  1  1.79480318115346737e-05
0  2  4.38847434217502010e-05
0  3  8.63353437911222447e-05
0  4  4.34891016694966367e-05
1  0  1.79480318115346737e-05
1  1  6.50248547002200001e-06
1  2  1.58992311498011682e-05
1  3  3.12788791799630651e-05
1  4  1.57558920487578160e-05
2  0  4.38847434217502145e-05
2  1  1.58992311498011682e-05
2  2  3.88752196864120770e-05
2  3  7.64800063732020010e-05
2  4  3.85247411638841035e-05
3  0  8.63353437911222582e-05
3  1  3.12788791799630718e-05
3  2  7.64800063732019874e-05
3  3  1.50460664197595950e-04
3  4  7.57905028835026396e-05
4  0  4.34891016694966367e-05
4  1  1.57558920487578160e-05
4  2  3.85247411638840967e-05
4  3  7.57905028835026260e-05
4  4  3.81774223712751795e-05
