numXbins 5
numYbins 5
xbin  ybin  z
0  0  1.25648051149576699e-06
0  1  1.04203190013144980e-06
0  2  2.43909800469787345e-06
0  3  3.09837965499470419e-06
0  4  1.76880951142421146e-06
1  0  1.04203190013144980e-06
1  1  8.64184100713939451e-07
1  2  2.02280728207754320e-06
1  3  2.56956666632201432e-06
1  4  1.46691963726980717e-06
2  0  2.43909800469787429e-06
2  1  2.02280728207754320e-06
2  2  4.73481205803898583e-06
2  3  6.01461906106096476e-06
2  4  3.43363841343586954e-06
3  0  3.09837965499470377e-06
3  1  2.56956666632201390e-06
3  2  6.01461906106096306e-06
3  3  7.64035446523313908e-06
3  4  4.36174166938232056e-06
4  0  1.76880951142421103e-06
4  1  1.46691963726980696e-06
4  2  3.43363841343586954e-06
4  3  4.36174166938232056e-06
4  4  2.49004028242366946e-06
