numXbins 5
numYbins 5
xbin  ybin  z
0  0  5.03318356582444314e-08
0  1  -3.87515946232565419e-07
0  2  -1.01690499628903737e-06
0  3  -1.07337304408926818e-06
0  4  7.28228377096992991e-09
1  0  -3.87515946232565419e-07
1  1  2.98357106631601653e-06
1  2  7.82937670982788667e-06
1  3  8.26413671190281607e-06
1  4  -5.60679150548923264e-08
2  0  -1.01690499628903419e-06
2  1  7.82937670982789006e-06
2  2  2.05455604381111181e-05
2  3  2.16864415362822326e-05
2  4  -1.47131346477831780e-07
3  0  -1.07337304408927030e-06
3  1  8.26413671190281777e-06
3  2  2.16864415362822326e-05
3  3  2.28906749914788308e-05
3  4  -1.55301450800400594e-07
4  0  7.28228377097076701e-09
4  1  -5.60679150548965616e-08
4  2  -1.47131346477829901e-07
4  3  -1.55301450800395644e-07
4  4  1.05364042910724066e-09
