numXbins 5
numYbins 5
xbin  ybin  z
0  0  5.11025254390528019e-05
0  1  4.16014045042017579e-05
0  2  9.57174722847776435e-05
0  3  1.18721778819536562e-04
0  4  7.31733062151979048e-05
1  0  4.16014045042017647e-05
1  1  3.63033525425176612e-05
1  2  8.50178484099826378e-05
1  3  1.06014383402388090e-04
1  4  6.04219443596701848e-05
2  0  9.57174722847776570e-05
2  1  8.50178484099826378e-05
2  2  2.00631591268149158e-04
2  3  2.52045979500122670e-04
2  4  1.38729311417689494e-04
3  0  1.18721778819536562e-04
3  1  1.06014383402388090e-04
3  2  2.52045979500122670e-04
3  3  3.20264174412951321e-04
3  4  1.70411939303667458e-04
4  0  7.31733062151978912e-05
4  1  6.04219443596701848e-05
4  2  1.38729311417689521e-04
4  3  1.70411939303667458e-04
4  4  1.06046418530050780e-04
