numXbins 5
numYbins 5
xbin  ybin  z
0  0  5.47927950304308146e-04
0  1  4.69902110554301026e-04
0  2  1.11527489214839756e-03
0  3  1.43275759825580709e-03
0  4  7.26278914997960010e-04
1  0  4.69902110554301026e-04
1  1  4.02987278493010278e-04
1  2  9.56457916369651351e-04
1  3  1.22873056386191347e-03
1  4  6.22855605046410176e-04
2  0  1.11527489214839756e-03
2  1  9.56457916369651351e-04
2  2  2.27007599149818334e-03
2  3  2.91629323706171697e-03
2  4  1.47829771805608220e-03
3  0  1.43275759825580709e-03
3  1  1.22873056386191347e-03
3  2  2.91629323706171697e-03
3  3  3.74646764089999178e-03
3  4  1.89912128654578182e-03
4  0  7.26278914997960010e-04
4  1  6.22855605046410176e-04
4  2  1.47829771805608220e-03
4  3  1.89912128654578182e-03
4  4  9.62683254390767551e-04
