numXbins 5
numYbins 5
xbin  ybin  z
0  0  8.70175778516679341e-05
0  1  6.72727505351624369e-06
0  2  -9.31117695811818858e-06
0  3  2.84245316052350513e-06
0  4  9.10056040497303199e-05
1  0  6.72727505351624369e-06
1  1  1.92473761519385601e-05
1  2  5.52937943535299420e-05
1  3  7.68596149293800167e-05
1  4  8.47910419644998396e-06
2  0  -9.31117695811818858e-06
2  1  5.52937943535299420e-05
2  2  1.83127585743378331e-04
2  3  2.75773870771017023e-04
2  4  -1.98062282868763036e-05
3  0  2.84245316052350513e-06
3  1  7.68596149293800167e-05
3  2  2.75773870771017023e-04
3  3  4.64125964915827001e-04
3  4  -3.72387096201498032e-05
4  0  9.10056040497303199e-05
4  1  8.47910419644998396e-06
4  2  -1.98062282868763002e-05
4  3  -3.72387096201498032e-05
4  4  1.09994714649267353e-04
