numXbins 5
numYbins 5
xbin  ybin  z
0  0  5.78916754685957777e-08
0  1  6.95061744608473164e-08
0  2  1.95230186457773234e-07
0  3  2.96661384243418425e-07
0  4  6.51926439662424011e-08
1  0  6.95061744608473296e-08
1  1  8.85365194615550386e-08
1  2  2.49303674122783754e-07
1  3  3.76012936223774352e-07
1  4  7.99697008671454446e-08
2  0  1.95230186457773234e-07
2  1  2.49303674122783807e-07
2  2  7.02067852305079327e-07
2  3  1.05857261906412125e-06
2  4  2.24827545409950815e-07
3  0  2.96661384243418425e-07
3  1  3.76012936223774352e-07
3  2  1.05857261906412167e-06
3  3  1.59756966887158615e-06
3  4  3.40695982776269548e-07
4  0  6.51926439662424011e-08
4  1  7.99697008671454446e-08
4  2  2.24827545409950762e-07
4  3  3.40695982776269601e-07
4  4  7.39811625333682803e-08
