numXbins 5
numYbins 5
xbin  ybin  z
0  0  6.82871326047225610e-04
0  1  4.58551092722279366e-04
0  2  1.03593798310506135e-03
0  3  1.34932497925713507e-03
0  4  8.69514616852735717e-04
1  0  4.58551092722279474e-04
1  1  3.78021899544697931e-04
1  2  8.78440538732318927e-04
1  3  1.10702179512294613e-03
1  4  6.18961579320064913e-04
2  0  1.03593798310506135e-03
2  1  8.78440538732319035e-04
2  2  2.06218782437230484e-03
2  3  2.61573885729608725e-03
2  4  1.39661851825653694e-03
3  0  1.34932497925713550e-03
3  1  1.10702179512294635e-03
3  2  2.61573885729608768e-03
3  3  3.38595864816943360e-03
3  4  1.77407627552914646e-03
4  0  8.69514616852735934e-04
4  1  6.18961579320064913e-04
4  2  1.39661851825653672e-03
4  3  1.77407627552914689e-03
4  4  1.13990520824994602e-03
