numXbins 5
numYbins 5
xbin  ybin  z
0  0  5.84621835626537216e-06
0  1  3.79592253299495999e-06
0  2  8.54075553184679173e-06
0  3  1.12821380830221229e-05
0  4  7.55748795986379330e-06
1  0  3.79592253299495999e-06
1  1  3.46000507617819467e-06
1  2  8.71295400507068000e-06
1  3  1.20950734361110437e-05
1  4  4.93107676628498921e-06
2  0  8.54075553184679173e-06
2  1  8.71295400507068000e-06
2  2  2.27285818237506908e-05
2  3  3.22620510208168951e-05
2  4  1.09116752249887941e-05
3  0  1.12821380830221263e-05
3  1  1.20950734361110437e-05
3  2  3.22620510208168883e-05
3  3  4.67389017187282285e-05
3  4  1.39783490976134240e-05
4  0  7.55748795986379330e-06
4  1  4.93107676628499005e-06
4  2  1.09116752249887957e-05
4  3  1.39783490976134240e-05
4  4  1.00168943245485825e-05
