numXbins 5
numYbins 5
xbin  ybin  z
0  0  5.86943324753447282e-08
0  1  1.12985203762911495e-07
0  2  2.53682565490318540e-07
0  3  2.38898845972969535e-07
0  4  1.32811144049444943e-07
1  0  1.12985203762911469e-07
1  1  2.17525467833922873e-07
1  2  4.88360780667910451e-07
1  3  4.59788830810413073e-07
1  4  2.55718396639702173e-07
2  0  2.53682565490318540e-07
2  1  4.88360780667910451e-07
2  2  1.09646501475232253e-06
2  3  1.03246831929469528e-06
2  4  5.74075461115272994e-07
3  0  2.38898845972969482e-07
3  1  4.59788830810413073e-07
3  2  1.03246831929469528e-06
3  3  9.72603712622265270e-07
3  4  5.40407531607723743e-07
4  0  1.32811144049444943e-07
4  1  2.55718396639702173e-07
4  2  5.74075461115272994e-07
4  3  5.40407531607723637e-07
4  4  3.00633808674117639e-07
