numXbins 5
numYbins 5
xbin  ybin  z
0  0  4.34022688743936863e-08
0  1  -3.40834472465397101e-09
0  2  3.64604757389099520e-08
0  3  1.91607730987376782e-07
0  4  -3.27369931455427117e-08
1  0  -3.40834472465396439e-09
1  1  1.37890541497717049e-08
1  2  1.55192156629625008e-08
1  3  -3.70324699174294362e-08
1  4  3.24632569114696749e-08
2  0  3.64604757389099785e-08
2  1  1.55192156629624975e-08
2  2  5.56199825866360258e-08
2  3  1.31072182145107010e-07
2  4  1.31379561252013982e-08
3  0  1.91607730987376861e-07
3  1  -3.70324699174294693e-08
3  2  1.31072182145106745e-07
3  3  8.81637977409481739e-07
3  4  -1.93128648011565813e-07
4  0  -3.27369931455427249e-08
4  1  3.24632569114696683e-08
4  2  1.31379561252014296e-08
4  3  -1.93128648011565760e-07
4  4  9.07772625441845659e-08
