numXbins 5
numYbins 5
xbin  ybin  z
0  0  2.79896446453013994e-05
0  1  -3.35358460586205541e-06
0  2  -1.12253792897976830e-05
0  3  4.63302302877841951e-06
0  4  1.84087860407785487e-05
1  0  -3.35358460586205457e-06
1  1  4.01810378488064001e-07
1  2  1.34497095830574325e-06
1  3  -5.55106536892883033e-07
1  4  -2.20565220678236279e-06
2  0  -1.12253792897976762e-05
2  1  1.34497095830574346e-06
2  2  4.50199142563861538e-06
2  3  -1.85809578561889405e-06
2  4  -7.38293065850557121e-06
3  0  4.63302302877842120e-06
3  1  -5.55106536892882821e-07
3  2  -1.85809578561889257e-06
3  3  7.66887277677332360e-07
3  4  3.04713870931902155e-06
4  0  1.84087860407785351e-05
4  1  -2.20565220678236322e-06
4  2  -7.38293065850557121e-06
4  3  3.04713870931901858e-06
4  4  1.21074564464701417e-05
