numXbins 5
numYbins 5
xbin  ybin  z
0  0  6.09486539029805893e-06
0  1  4.25041884214357161e-06
0  2  1.13206195216297652e-05
0  3  1.85672288785098510e-05
0  4  5.98890854308741266e-06
1  0  4.25041884214357076e-06
1  1  2.96414427173519696e-06
1  2  7.89473949598096474e-06
1  3  1.29483580715719747e-05
1  4  4.17652697562997215e-06
2  0  1.13206195216297652e-05
2  1  7.89473949598096474e-06
2  2  2.10269494314849540e-05
2  3  3.44868213232757899e-05
2  4  1.11238149859803760e-05
3  0  1.85672288785098510e-05
3  1  1.29483580715719747e-05
3  2  3.44868213232757967e-05
3  3  5.65626910769413034e-05
3  4  1.82444448779744252e-05
4  0  5.98890854308741605e-06
4  1  4.17652697562997299e-06
4  2  1.11238149859803726e-05
4  3  1.82444448779744219e-05
4  4  5.88479371415803838e-06
