numXbins 5
numYbins 5
xbin  ybin  z
0  0  8.96634680526873061e-09
0  1  7.48440074834774866e-09
0  2  2.19904661325473718e-08
0  3  3.67348369287027904e-08
0  4  8.87126415651553574e-09
1  0  7.48440074834774701e-09
1  1  6.71147789288567827e-09
1  2  1.97710675199406268e-08
1  3  3.26465365789114230e-08
1  4  7.39728725442176071e-09
2  0  2.19904661325473751e-08
2  1  1.97710675199406235e-08
2  2  5.82481139591866668e-08
2  3  9.61416081674540286e-08
2  4  2.17336506427035390e-08
3  0  3.67348369287027904e-08
3  1  3.26465365789114230e-08
3  2  9.61416081674540683e-08
3  3  1.58976173539441773e-07
3  4  3.63121855584379866e-08
4  0  8.87126415651553574e-09
4  1  7.39728725442176071e-09
4  2  2.17336506427035390e-08
4  3  3.63121855584379933e-08
4  4  8.77731908735292849e-09
