numXbins 5
numYbins 5
xbin  ybin  z
0  0  1.20904817738924639e-05
0  1  -2.46578506770057280e-06
0  2  -5.97712388095402097e-06
0  3  6.33446727054937725e-06
0  4  4.29449701415032854e-06
1  0  -2.46578506770057238e-06
1  1  5.02882855604989200e-07
1  2  1.21900045747374570e-06
1  3  -1.29187861159399190e-06
1  4  -8.75838267557093093e-07
2  0  -5.97712388095402267e-06
2  1  1.21900045747374718e-06
2  2  2.95488720436398322e-06
2  3  -3.13154564921302572e-06
2  4  -2.12305358380270551e-06
3  0  6.33446727054937640e-06
3  1  -1.29187861159399296e-06
3  2  -3.13154564921303376e-06
3  3  3.31876564987724588e-06
3  4  2.24998071113664597e-06
4  0  4.29449701415032685e-06
4  1  -8.75838267557091928e-07
4  2  -2.12305358380270509e-06
4  3  2.24998071113665317e-06
4  4  1.52539038141311044e-06
