numXbins 5
numYbins 5
xbin  ybin  z
0  0  1.10789073941518313e-04
0  1  6.76644919724520564e-05
0  2  1.33782540186261025e-04
0  3  1.45840404385217098e-04
0  4  1.53968435039327682e-04
1  0  6.76644919724520699e-05
1  1  5.15394386536151088e-05
1  2  1.12561592486336463e-04
1  3  1.31890520332510436e-04
1  4  9.48762097325281834e-05
2  0  1.33782540186261025e-04
2  1  1.12561592486336463e-04
2  2  2.56486907336624830e-04
2  3  3.11039786009530183e-04
2  4  1.86932776056184408e-04
3  0  1.45840404385217071e-04
3  1  1.31890520332510409e-04
3  2  3.11039786009530183e-04
3  3  3.89476568394808145e-04
3  4  2.01287865917749016e-04
4  0  1.53968435039327682e-04
4  1  9.48762097325281834e-05
4  2  1.86932776056184435e-04
4  3  2.01287865917749097e-04
4  4  2.15487117988061614e-04
