numXbins 5
numYbins 5
xbin  ybin  z
0  0  4.59902292251344641e-05
0  1  1.75403123767924201e-05
0  2  2.07380904223517761e-05
0  3  6.88495447637973225e-06
0  4  6.57798450654870374e-05
1  0  1.75403123767924167e-05
1  1  6.69153017578277035e-06
1  2  7.91729375905420535e-06
1  3  2.64158526434942963e-06
1  4  2.50861496508382201e-05
2  0  2.07380904223517659e-05
2  1  7.91729375905420535e-06
2  2  9.38654401871348470e-06
2  3  3.17428121718411721e-06
2  4  2.96538657548518170e-05
3  0  6.88495447637972463e-06
3  1  2.64158526434942794e-06
3  2  3.17428121718411975e-06
3  3  1.16851369238028118e-06
3  4  9.83206271552564897e-06
4  0  6.57798450654870374e-05
4  1  2.50861496508382269e-05
4  2  2.96538657548518170e-05
4  3  9.83206271552566083e-06
4  4  9.40866826284140475e-05
