numXbins 6
numYbins 6
xbin  ybin  z
0  0  6.32346707454416901e-01
0  1  -4.62839985266327858e-03
0  2  -5.31279891729354858e-02
0  3  9.08311698585748672e-02
0  4  -4.94804875925183296e-02
0  5  -5.45063207682687789e-02
1  0  -8.18917309516109526e-03
1  1  6.11264093546196818e-01
1  2  8.05299906060099602e-02
1  3  -1.20745523832738400e-01
1  4  -3.11656205449253321e-02
1  5  -8.50354526482988149e-03
2  0  -4.29801938298624009e-03
2  1  3.78946217824704945e-02
2  2  2.43557072943076491e-01
2  3  2.59757263585925102e-01
2  4  6.57358210301026702e-02
2  5  -3.65009289089357480e-03
3  0  -2.92336912389146164e-03
3  1  -4.74883174756541848e-02
3  2  2.06026122206822038e-01
3  3  3.19836741546168923e-01
3  4  1.06566898932214826e-01
3  5  -2.05186062885331921e-03
4  0  -3.43200645875185728e-03
4  1  -1.49186699592974037e-01
4  2  2.80643817968666553e-01
4  3  5.23044507950544357e-01
4  4  2.26135898439679295e-01
4  5  -9.98636489384807646e-04
5  0  -1.97990105021744967e-01
5  1  5.26074049994349480e-02
5  2  -3.30001812428236008e-01
5  3  -4.11698229610919952e-01
5  4  4.42909512668848038e-01
5  5  6.61298415448982269e-01
