numXbins 6
numYbins 6
xbin  ybin  z
0  0  4.68700567329216402e-07
0  1  3.99780411341634069e-07
0  2  8.79357393721241699e-07
0  3  9.07505570170912695e-07
0  4  1.41936414182775846e-06
0  5  7.04449664236907529e-07
1  0  3.99780411341635393e-07
1  1  3.40994631611414006e-07
1  2  7.50052133671205879e-07
1  3  7.74061256646434992e-07
1  4  1.21065349610489781e-06
1  5  6.00863741520270625e-07
2  0  8.79357393721241805e-07
2  1  7.50052133671206726e-07
2  2  1.64981542543998132e-06
2  3  1.70262591641470776e-06
2  4  2.66295464417979033e-06
2  5  1.32166048844582374e-06
3  0  9.07505570170913225e-07
3  1  7.74061256646434887e-07
3  2  1.70262591641470797e-06
3  3  1.75712686797913751e-06
3  4  2.74819565964978251e-06
3  5  1.36396675993562201e-06
4  0  1.41936414182775867e-06
4  1  1.21065349610489675e-06
4  2  2.66295464417979033e-06
4  3  2.74819565964978421e-06
4  4  4.29825502150797603e-06
4  5  2.13328223355478308e-06
5  0  7.04449664236907211e-07
5  1  6.00863741520274119e-07
5  2  1.32166048844582162e-06
5  3  1.36396675993561756e-06
5  4  2.13328223355478096e-06
5  5  1.05877689090766246e-06
