numXbins 6
numYbins 6
xbin  ybin  z
0  0  1.00944459331048708e-03
0  1  -8.68695928346298763e-04
0  2  4.32061353543932705e-04
0  3  5.79380375930226943e-04
0  4  1.07343710664062060e-03
0  5  -2.05883202126526041e-03
1  0  -8.68695928346298980e-04
1  1  7.47572101456911290e-04
1  2  -3.71818266308708860e-04
1  3  -4.98596333934227622e-04
1  4  -9.23765851096813471e-04
1  5  1.77176539046755024e-03
2  0  4.32061353543932813e-04
2  1  -3.71818266308708914e-04
2  2  1.84930420612790074e-04
2  3  2.47985744933511298e-04
2  4  4.59451358017007631e-04
2  5  -8.81218994804058484e-04
3  0  5.79380375930227268e-04
3  1  -4.98596333934227731e-04
3  2  2.47985744933511298e-04
3  3  3.32540906393068061e-04
3  4  6.16109490807490020e-04
3  5  -1.18168632370985183e-03
4  0  1.07343710664062038e-03
4  1  -9.23765851096813254e-04
4  2  4.59451358017007577e-04
4  3  6.16109490807489912e-04
4  4  1.14148634759052097e-03
4  5  -2.18934917538983432e-03
5  0  -2.05883202126526041e-03
5  1  1.77176539046754980e-03
5  2  -8.81218994804058701e-04
5  3  -1.18168632370985183e-03
5  4  -2.18934917538983432e-03
5  5  4.19913021465203110e-03
