numXbins 6
numYbins 6
xbin  ybin  z
0  0  1.05837681242962008e-04
0  1  8.76337008923889062e-05
0  2  1.91411269473863797e-04
0  3  1.91673453507510685e-04
0  4  2.93535372356814477e-04
0  5  1.81394377837738885e-04
1  0  8.76337008923889604e-05
1  1  1.83006428997623628e-04
1  2  2.46003678384609130e-04
1  3  2.38277791278043342e-04
1  4  3.56558701275273891e-04
1  5  3.26273094503851005e-04
2  0  1.91411269473863174e-04
2  1  2.46003678384609944e-04
2  2  4.71796767497374486e-04
2  3  4.67212819477362269e-04
2  4  7.13550147986473089e-04
2  5  5.04085333247742372e-04
3  0  1.91673453507510956e-04
3  1  2.38277791278043260e-04
3  2  4.67212819477362919e-04
3  3  4.63738198048185488e-04
3  4  7.09188924921705117e-04
3  5  4.90391080383363988e-04
4  0  2.93535372356814640e-04
4  1  3.56558701275274000e-04
4  2  7.13550147986473523e-04
4  3  7.09188924921704792e-04
4  4  1.08619486828635532e-03
4  5  7.41454731294213668e-04
5  0  1.81394377837740131e-04
5  1  3.26273094503849921e-04
5  2  5.04085333247741179e-04
5  3  4.90391080383364856e-04
5  4  7.41454731294214210e-04
5  5  7.21278981308855899e-04
