numXbins 6
numYbins 6
xbin  ybin  z
0  0  7.81658221688661531e-04
0  1  -1.46566195880084579e-04
0  2  -3.96298802442133851e-06
0  3  2.24739324742019284e-05
0  4  5.30366714957978207e-05
0  5  -2.53014048691360325e-04
1  0  -1.46566195880084551e-04
1  1  8.67187835870783779e-04
1  2  3.68331213109816368e-05
1  3  -1.15449210774196435e-04
1  4  -2.98674823411242151e-04
1  5  5.19428522583955873e-04
2  0  -3.96298802442134868e-06
2  1  3.68331213109816843e-05
2  2  1.02731470696959372e-04
2  3  1.01501642423384918e-04
2  4  1.51405477881555364e-04
2  5  -1.20018999745997666e-05
3  0  2.24739324742018572e-05
3  1  -1.15449210774196367e-04
3  2  1.01501642423384877e-04
3  3  1.28808519003346055e-04
3  4  2.15681780212526107e-04
3  5  -1.02057870767449305e-04
4  0  5.30366714957978275e-05
4  1  -2.98674823411242206e-04
4  2  1.51405477881555364e-04
4  3  2.15681780212526161e-04
4  4  3.77554237667173970e-04
4  5  -2.21394569110281092e-04
5  0  -2.53014048691360270e-04
5  1  5.19428522583956090e-04
5  2  -1.20018999745996548e-05
5  3  -1.02057870767449305e-04
5  4  -2.21394569110280984e-04
5  5  6.39411909604007886e-04
