numXbins 6
numYbins 6
xbin  ybin  z
0  0  1.56409887081176621e-04
0  1  -9.18758943861862977e-05
0  2  -9.28879699322400390e-07
0  3  1.40145042425202072e-05
0  4  2.77302900720694633e-05
0  5  -1.10188431833426368e-04
1  0  -9.18758943861862842e-05
1  1  1.11675728727929227e-04
1  2  -5.39400328529591805e-06
1  3  -1.74987986901015984e-05
1  4  -3.82553141538739274e-05
1  5  6.85734698215160376e-05
2  0  -9.28879699322399543e-07
2  1  -5.39400328529591805e-06
2  2  1.19004599956579443e-05
2  3  1.34763846374612276e-05
2  4  1.87589953005951954e-05
2  5  -3.62260391526131738e-05
3  0  1.40145042425202072e-05
3  1  -1.74987986901016018e-05
3  2  1.34763846374612276e-05
3  3  1.84366153965263143e-05
3  4  2.77339127543627131e-05
3  5  -5.41066111080496892e-05
4  0  2.77302900720694633e-05
4  1  -3.82553141538739274e-05
4  2  1.87589953005951954e-05
4  3  2.77339127543627165e-05
4  4  4.55182477716770974e-05
4  5  -8.11298281418944853e-05
5  0  -1.10188431833426381e-04
5  1  6.85734698215160376e-05
5  2  -3.62260391526131738e-05
5  3  -5.41066111080496892e-05
5  4  -8.11298281418944853e-05
5  5  2.32599818384554514e-04
