numXbins 6
numYbins 6
xbin  ybin  z
0  0  4.11539291043402575e-03
0  1  -2.26880585909610853e-03
0  2  5.07034530149363277e-04
0  3  9.39928425281096828e-04
0  4  1.87564827847568473e-03
0  5  -3.44648246495414924e-03
1  0  -2.26880585909610853e-03
1  1  4.71767743636546718e-03
1  2  5.48345350260458979e-04
1  3  -1.45906680245065607e-04
1  4  -8.80405053816936812e-04
1  5  1.22959229180293257e-03
2  0  5.07034530149362626e-04
2  1  5.48345350260459412e-04
2  2  1.44879009845417270e-03
2  3  1.45664367716141362e-03
2  4  2.30857614383375709e-03
2  5  -2.58075345057272743e-03
3  0  9.39928425281096177e-04
3  1  -1.45906680245063927e-04
3  2  1.45664367716141362e-03
3  3  1.71215961376887187e-03
3  4  2.83708275924360407e-03
3  5  -3.21001655659985691e-03
4  0  1.87564827847568299e-03
4  1  -8.80405053816934536e-04
4  2  2.30857614383375709e-03
4  3  2.83708275924360407e-03
4  4  5.03558813487629993e-03
4  5  -5.68463367421178072e-03
5  0  -3.44648246495414794e-03
5  1  1.22959229180293235e-03
5  2  -2.58075345057272787e-03
5  3  -3.21001655659985865e-03
5  4  -5.68463367421178246e-03
5  5  1.61195957053808202e-02
