numXbins 6
numYbins 6
xbin  ybin  z
0  0  1.87480226931686561e-06
0  1  1.59912164536653628e-06
0  2  3.51742957488496680e-06
0  3  3.63002228068365078e-06
0  4  5.67745656731103384e-06
0  5  2.81779865694763012e-06
1  0  1.59912164536654157e-06
1  1  1.36397852644565602e-06
1  2  3.00020853468482352e-06
1  3  3.09624502658573997e-06
1  4  4.84261398441959125e-06
1  5  2.40345496608108250e-06
2  0  3.51742957488496722e-06
2  1  3.00020853468482690e-06
2  2  6.59926170175992530e-06
2  3  6.81050366565883103e-06
2  4  1.06518185767191613e-05
2  5  5.28664195378329494e-06
3  0  3.63002228068365290e-06
3  1  3.09624502658573955e-06
3  2  6.81050366565883187e-06
3  3  7.02850747191655002e-06
3  4  1.09927826385991301e-05
3  5  5.45586703974248802e-06
4  0  5.67745656731103469e-06
4  1  4.84261398441958701e-06
4  2  1.06518185767191613e-05
4  3  1.09927826385991368e-05
4  4  1.71930200860319041e-05
4  5  8.53312893421913231e-06
5  0  2.81779865694762884e-06
5  1  2.40345496608109648e-06
5  2  5.28664195378328647e-06
5  3  5.45586703974247023e-06
5  4  8.53312893421912384e-06
5  5  4.23510756363064983e-06
