numXbins 6
numYbins 6
xbin  ybin  z
0  0  2.71933201812235079e-06
0  1  -4.13426820688000179e-05
0  2  -3.32151580270087011e-05
0  3  -3.22428660105699035e-05
0  4  -5.93776483213184826e-05
0  5  1.29242983261035181e-04
1  0  -4.13426820688004312e-05
1  1  6.28543094131663797e-04
1  2  5.04978321523157059e-04
1  3  4.90196323795118790e-04
1  4  9.02733178656265744e-04
1  5  -1.96491326949982869e-03
2  0  -3.32151580270087350e-05
2  1  5.04978321523156842e-04
2  2  4.05705046462459984e-04
2  3  3.93829029573313850e-04
2  4  7.25265601670288030e-04
2  5  -1.57863257751862879e-03
3  0  -3.22428660105698764e-05
3  1  4.90196323795118790e-04
3  2  3.93829029573313741e-04
3  3  3.82300653854473680e-04
3  4  7.04035235891857579e-04
3  5  -1.53242199346048289e-03
4  0  -5.93776483213187062e-05
4  1  9.02733178656265744e-04
4  2  7.25265601670287813e-04
4  3  7.04035235891857470e-04
4  4  1.29653352245111069e-03
4  5  -2.82206966892216459e-03
5  0  1.29242983261035723e-04
5  1  -1.96491326949982913e-03
5  2  -1.57863257751862901e-03
5  3  -1.53242199346048311e-03
5  4  -2.82206966892216415e-03
5  5  6.14259259659887848e-03
