numXbins 6
numYbins 6
xbin  ybin  z
0  0  4.52810036311305616e-05
0  1  -5.65749356369323896e-06
0  2  -3.77676967327147447e-06
0  3  -3.15301067536725316e-06
0  4  -3.94330627852746109e-06
0  5  -1.21970892414968101e-05
1  0  -5.65749356369323642e-06
1  1  1.34690018845031187e-05
1  2  3.36021775647064887e-08
1  3  -2.19414315898801433e-06
1  4  -4.89632343897977627e-06
1  5  8.60278814960646810e-06
2  0  -3.77676967327147362e-06
2  1  3.36021775647059791e-08
2  2  3.30061565345745870e-07
2  3  3.51863786691834169e-07
2  4  5.13968841324604116e-07
2  5  7.74226645171766024e-07
3  0  -3.15301067536725316e-06
3  1  -2.19414315898801390e-06
3  2  3.51863786691834275e-07
3  3  7.44399063774138044e-07
3  4  1.36743902609887133e-06
3  5  -5.86241770920644665e-07
4  0  -3.94330627852746109e-06
4  1  -4.89632343897977543e-06
4  2  5.13968841324603904e-07
4  3  1.36743902609887091e-06
4  4  2.61899329655439203e-06
4  5  -1.92696941268212404e-06
5  0  -1.21970892414968084e-05
5  1  8.60278814960647149e-06
5  2  7.74226645171765600e-07
5  3  -5.86241770920644771e-07
5  4  -1.92696941268212573e-06
5  5  7.21193887787090046e-06
