numXbins 6
numYbins 6
xbin  ybin  z
0  0  3.02995608128700088e-05
0  1  -9.94819343413459227e-06
0  2  -1.19731672472753012e-05
0  3  -1.01196676606462530e-05
0  4  -1.45492919783191477e-05
0  5  -3.01535806868400230e-06
1  0  -9.94819343413459396e-06
1  1  3.27097427877769840e-06
1  2  3.93278207185080450e-06
1  3  3.32341775417021259e-06
1  4  4.77775717991420775e-06
1  5  9.90630030691923401e-07
2  0  -1.19731672472753063e-05
2  1  3.93278207185080705e-06
2  2  4.73189711790687412e-06
2  3  3.99918396821234443e-06
2  4  5.74958264284214589e-06
2  5  1.19176071505294387e-06
3  0  -1.01196676606462547e-05
3  1  3.32341775417021259e-06
3  2  3.99918396821234528e-06
3  3  3.37999298047246882e-06
3  4  4.85942568810008586e-06
3  5  1.00720000041530901e-06
4  0  -1.45492919783191511e-05
4  1  4.77775717991421199e-06
4  2  5.74958264284214674e-06
4  3  4.85942568810008416e-06
4  4  6.98644459586885063e-06
4  5  1.44802441590442270e-06
5  0  -3.01535806868400187e-06
5  1  9.90630030691920013e-07
5  2  1.19176071505294345e-06
5  3  1.00720000041531134e-06
5  4  1.44802441590442038e-06
5  5  3.00160495192855113e-07
