numXbins 6
numYbins 6
xbin  ybin  z
0  0  6.10581427219935495e-05
0  1  -6.66356217943391092e-05
0  2  -1.49000817239018086e-05
0  3  7.03120182821305570e-05
0  4  1.18375732411404370e-04
0  5  -5.03097705384659887e-05
1  0  -6.66356217943392718e-05
1  1  7.27225869305518212e-05
1  2  1.62611597109885197e-05
1  3  -7.67348112630528167e-05
1  4  -1.29189002202533551e-04
1  5  5.49054178969259163e-05
2  0  -1.49000817239018103e-05
2  1  1.62611597109884654e-05
2  2  3.63608235497446519e-06
2  3  -1.71583145485827548e-05
2  4  -2.88873524222236838e-05
2  5  1.22771453423831563e-05
3  0  7.03120182821306247e-05
3  1  -7.67348112630528845e-05
3  2  -1.71583145485827379e-05
3  3  8.09683965890741636e-05
3  4  1.36316571228970200e-04
3  5  -5.79346398067923492e-05
4  0  1.18375732411404465e-04
4  1  -1.29189002202533822e-04
4  2  -2.88873524222236330e-05
4  3  1.36316571228970281e-04
4  4  2.29499513074591256e-04
4  5  -9.75374564217691654e-05
5  0  -5.03097705384660158e-05
5  1  5.49054178969260586e-05
5  2  1.22771453423831631e-05
5  3  -5.79346398067923085e-05
5  4  -9.75374564217690976e-05
5  5  4.14534884095220385e-05
