numXbins 6
numYbins 6
xbin  ybin  z
0  0  3.12668463323689279e-05
0  1  -9.73900705828468125e-06
0  2  -1.21606038156176133e-05
0  3  -1.03294950772374968e-05
0  4  -1.48967643567113215e-05
0  5  -3.08697969541717895e-06
1  0  -9.73900705828468294e-06
1  1  3.12313630880661910e-06
1  2  3.82118733950693552e-06
1  3  3.23719387447439321e-06
1  4  4.66064422018546697e-06
1  5  9.64574194163278128e-07
2  0  -1.21606038156176133e-05
2  1  3.82118733950693298e-06
2  2  4.74206512245810103e-06
2  3  4.02481014928936791e-06
2  4  5.80146810637318703e-06
2  5  1.20175107307877549e-06
3  0  -1.03294950772375002e-05
3  1  3.23719387447439066e-06
3  2  4.02481014928936875e-06
3  3  3.41686761346656056e-06
3  4  4.92592122714485762e-06
3  5  1.02050273921113662e-06
4  0  -1.48967643567113231e-05
4  1  4.66064422018546613e-06
4  2  5.80146810637318703e-06
4  3  4.92592122714485677e-06
4  4  7.10214134028695589e-06
4  5  1.47145817228553323e-06
5  0  -3.08697969541717599e-06
5  1  9.64574194163275376e-07
5  2  1.20175107307877528e-06
5  3  1.02050273921113725e-06
5  4  1.47145817228553661e-06
5  5  3.04881061373745081e-07
