numXbins 6
numYbins 6
xbin  ybin  z
0  0  7.53051503492754403e-05
0  1  1.15819889715907946e-05
0  2  1.58816729959054362e-05
0  3  1.72423775204002375e-05
0  4  2.27941228371559089e-05
0  5  -1.17727549259169579e-04
1  0  1.15819889715908116e-05
1  1  5.98559969098040720e-05
1  2  2.82872801009009750e-05
1  3  2.03939121980057904e-05
1  4  2.75466264505735716e-05
1  5  -1.62448141289269388e-04
2  0  1.58816729959054294e-05
2  1  2.82872801009009648e-05
2  2  1.79482473506643292e-05
2  3  1.51930461968570291e-05
2  4  2.10494000440343075e-05
2  5  -1.00592137230370976e-04
3  0  1.72423775204002375e-05
3  1  2.03939121980057904e-05
3  2  1.51930461968570274e-05
3  3  1.40574803050076696e-05
3  4  1.96001359449801896e-05
3  5  -7.94390692522224288e-05
4  0  2.27941228371559224e-05
4  1  2.75466264505735546e-05
4  2  2.10494000440343143e-05
4  3  1.96001359449801930e-05
4  4  2.82949565404203482e-05
4  5  -1.09155957885383474e-04
5  0  -1.17727549259169606e-04
5  1  -1.62448141289269388e-04
5  2  -1.00592137230370976e-04
5  3  -7.94390692522224288e-05
5  4  -1.09155957885383461e-04
5  5  7.89105487451489886e-04
