numXbins 6
numYbins 6
xbin  ybin  z
0  0  4.71909467781658363e-05
0  1  -6.30347567760506863e-05
0  2  3.91150098716470322e-05
0  3  4.01665464638040049e-05
0  4  5.27920742274277986e-05
0  5  -1.00797711547307570e-04
1  0  -6.30347567760506863e-05
1  1  8.41979411960910287e-05
1  2  -5.22474182419427571e-05
1  3  -5.36519959809594546e-05
1  4  -7.05163974410615750e-05
1  5  1.34639367606559352e-04
2  0  3.91150098716470254e-05
2  1  -5.22474182419427707e-05
2  2  3.24211337494702056e-05
2  3  3.32927175381143533e-05
2  4  4.37575985550256406e-05
2  5  -8.35478783832445225e-05
3  0  4.01665464638039982e-05
3  1  -5.36519959809594478e-05
3  2  3.32927175381143601e-05
3  3  3.41877322871468039e-05
3  4  4.49339427823826579e-05
3  5  -8.57939126193433741e-05
4  0  5.27920742274277986e-05
4  1  -7.05163974410615615e-05
4  2  4.37575985550256338e-05
4  3  4.49339427823826579e-05
4  4  5.90580035262977394e-05
4  5  -1.12761464502389894e-04
5  0  -1.00797711547307556e-04
5  1  1.34639367606559379e-04
5  2  -8.35478783832445225e-05
5  3  -8.57939126193433741e-05
5  4  -1.12761464502389894e-04
5  5  2.15299317916526776e-04
