numXbins 6
numYbins 6
xbin  ybin  z
0  0  7.28181319561995816e-05
0  1  -8.25910410621674695e-05
0  2  -4.02363736290439625e-05
0  3  -3.30582025371750545e-05
0  4  -4.17753547640107223e-05
0  5  8.70955691163269194e-05
1  0  -8.25910410621674018e-05
1  1  9.36755706372096854e-05
1  2  4.56364904909669830e-05
1  3  3.74949382776197407e-05
1  4  4.73820180223295679e-05
1  5  -9.87846506354517331e-05
2  0  -4.02363736290439761e-05
2  1  4.56364904909670034e-05
2  2  2.22330032276829071e-05
2  3  1.82666343266052372e-05
2  4  2.30833823611632789e-05
2  5  -4.81255116858349223e-05
3  0  -3.30582025371750681e-05
3  1  3.74949382776197475e-05
3  2  1.82666343266052372e-05
3  3  1.50078658382260882e-05
3  4  1.89653057796332311e-05
3  5  -3.95399179653486274e-05
4  0  -4.17753547640107426e-05
4  1  4.73820180223295814e-05
4  2  2.30833823611632857e-05
4  3  1.89653057796332243e-05
4  4  2.39662872251197807e-05
4  5  -4.99662405566310544e-05
5  0  8.70955691163269465e-05
5  1  -9.87846506354517602e-05
5  2  -4.81255116858349223e-05
5  3  -3.95399179653486274e-05
5  4  -4.99662405566310544e-05
5  5  1.04172380640850116e-04
