numXbins 6
numYbins 6
xbin  ybin  z
0  0  1.34935137069727338e-03
0  1  -8.18805458459607115e-04
0  2  2.58152455124613396e-05
0  3  1.70377100131565595e-04
0  4  3.07061171548867579e-04
0  5  -1.10326321473537894e-03
1  0  -8.18805458459607115e-04
1  1  1.08245449962331695e-03
1  2  -6.39252115795593015e-05
1  3  -1.80300092332199820e-04
1  4  -3.87281814571759444e-04
1  5  6.44798675255835651e-04
2  0  2.58152455124613430e-05
2  1  -6.39252115795593015e-05
2  2  1.27452400002319908e-04
2  3  1.47465060989941611e-04
2  4  2.04803759366019132e-04
2  5  -4.30955801559304455e-04
3  0  1.70377100131565595e-04
3  1  -1.80300092332199847e-04
3  2  1.47465060989941611e-04
3  3  2.02596027352162510e-04
3  4  3.01593602695754371e-04
3  5  -6.28243726579300965e-04
4  0  3.07061171548867579e-04
4  1  -3.87281814571759444e-04
4  2  2.04803759366019132e-04
4  3  3.01593602695754371e-04
4  4  4.88683410273786471e-04
4  5  -9.20834727154989691e-04
5  0  -1.10326321473537894e-03
5  1  6.44798675255835868e-04
5  2  -4.30955801559304455e-04
5  3  -6.28243726579300965e-04
5  4  -9.20834727154989691e-04
5  5  2.69569926913008906e-03
