numXbins 6
numYbins 6
xbin  ybin  z
0  0  7.03135336632276114e-05
0  1  -2.87832211891392858e-05
0  2  -5.43094681102120170e-06
0  3  -1.17964359438057726e-06
0  4  1.87980564714489307e-06
0  5  -2.85976102871802962e-05
1  0  -2.87832211891392891e-05
1  1  1.17829866902979967e-05
1  2  2.22375030845121143e-06
1  3  4.83601542240260682e-07
1  4  -7.68649710049764719e-07
1  5  1.17033558262561293e-05
2  0  -5.43094681102120170e-06
2  1  2.22375030845121143e-06
2  2  4.20234063182932402e-07
2  3  9.20615207655857530e-08
2  4  -1.44045776107093525e-07
2  5  2.20453240862813471e-06
3  0  -1.17964359438057789e-06
3  1  4.83601542240260787e-07
3  2  9.20615207655857795e-08
3  3  2.09815512054465093e-08
3  4  -3.00931890010199344e-08
3  5  4.74349662076529533e-07
4  0  1.87980564714489286e-06
4  1  -7.68649710049764719e-07
4  2  -1.44045776107093525e-07
4  3  -3.00931890010199344e-08
4  4  5.20072845390797081e-08
4  5  -7.71131296244111335e-07
5  0  -2.85976102871803030e-05
5  1  1.17033558262561293e-05
5  2  2.20453240862813428e-06
5  3  4.74349662076529374e-07
5  4  -7.71131296244111441e-07
5  5  1.16558528791945274e-05
