numXbins 6
numYbins 6
xbin  ybin  z
0  0  7.10029334837370546e-05
0  1  -2.88933654960919348e-05
0  2  -5.25407888478157961e-06
0  3  -9.01865594279074083e-07
0  4  2.24914223625470672e-06
0  5  -3.01973642973992425e-05
1  0  -2.88933654960919416e-05
1  1  1.17576349135204380e-05
1  2  2.13805281155129133e-06
1  3  3.66997967060387918e-07
1  4  -9.15247941124706214e-07
1  5  1.22882737494675115e-05
2  0  -5.25407888478158046e-06
2  1  2.13805281155129133e-06
2  2  3.88791611459694836e-07
2  3  6.67362986755751800e-08
2  4  -1.66432147977138923e-07
2  5  2.23454618487506358e-06
3  0  -9.01865594279074400e-07
3  1  3.66997967060388024e-07
3  2  6.67362986755751800e-08
3  3  1.14553231850715599e-08
3  4  -2.85681717640950840e-08
3  5  3.83561108837475104e-07
4  0  2.24914223625470629e-06
4  1  -9.15247941124706108e-07
4  2  -1.66432147977138923e-07
4  3  -2.85681717640950773e-08
4  4  7.12455183286684903e-08
4  5  -9.56554386311474768e-07
5  0  -3.01973642973992459e-05
5  1  1.22882737494675098e-05
5  2  2.23454618487506316e-06
5  3  3.83561108837474945e-07
5  4  -9.56554386311474980e-07
5  5  1.28428610730386976e-05
