numXbins 6
numYbins 6
xbin  ybin  z
0  0  1.42186333574487677e-04
0  1  9.10189875063819795e-05
0  2  1.26401444902121171e-05
0  3  -4.32203437009033631e-06
0  4  -2.13254062673829554e-05
0  5  1.00241370371386312e-05
1  0  9.10189875063818169e-05
1  1  7.48310486933118036e-04
1  2  2.02068574425004169e-05
1  3  -1.12214453820710307e-04
1  4  -2.78810493592059202e-04
1  5  4.18567191778565311e-04
2  0  1.26401444902121357e-05
2  1  2.02068574425005118e-05
2  2  6.02638628559655333e-05
2  3  5.74893167110167717e-05
2  4  8.27763605010876761e-05
2  5  8.40448094066153068e-06
3  0  -4.32203437009034309e-06
3  1  -1.12214453820710212e-04
3  2  5.74893167110167717e-05
3  3  7.92628873694573748e-05
3  4  1.35622408134207268e-04
3  5  -6.21622517311626132e-05
4  0  -2.13254062673830198e-05
4  1  -2.78810493592059094e-04
4  2  8.27763605010876490e-05
4  3  1.35622408134207295e-04
4  4  2.46296520797696596e-04
4  5  -1.45838103791080218e-04
5  0  1.00241370371387278e-05
5  1  4.18567191778565040e-04
5  2  8.40448094066149510e-06
5  3  -6.21622517311626945e-05
5  4  -1.45838103791080353e-04
5  5  4.48066597237661076e-04
