numXbins 6
numYbins 6
xbin  ybin  z
0  0  4.75218901705497273e-05
0  1  -3.04597903695438683e-05
0  2  -1.93654878925030521e-04
0  3  -1.99909992923377836e-04
0  4  -3.34948905157464070e-04
0  5  -2.66394511222229735e-04
1  0  -3.04597903695438683e-05
1  1  1.95236095623892721e-05
1  2  1.24125681763209060e-04
1  3  1.28134980645123797e-04
1  4  2.14689975482651744e-04
1  5  1.70749120843152557e-04
2  0  -1.93654878925030521e-04
2  1  1.24125681763209060e-04
2  2  7.89156575987987616e-04
2  3  8.14646583638459969e-04
2  4  1.36493917732544395e-03
2  5  1.08557543969503285e-03
3  0  -1.99909992923377836e-04
3  1  1.28134980645123797e-04
3  2  8.14646583638459969e-04
3  3  8.40959926619069516e-04
3  4  1.40902714558306967e-03
3  5  1.12063987063935888e-03
4  0  -3.34948905157464070e-04
4  1  2.14689975482651744e-04
4  2  1.36493917732544395e-03
4  3  1.40902714558306967e-03
4  4  2.36082295261291633e-03
4  5  1.87763048888868423e-03
5  0  -2.66394511222229735e-04
5  1  1.70749120843152557e-04
5  2  1.08557543969503285e-03
5  3  1.12063987063935888e-03
5  4  1.87763048888868423e-03
5  5  1.49333360593703309e-03
