numXbins 6
numYbins 6
xbin  ybin  z
0  0  1.55142381053656469e-04
0  1  -8.97587765708890591e-05
0  2  -1.17096468556543917e-06
0  3  1.33710269230719410e-05
0  4  2.64558878413112834e-05
0  5  -1.08696875028295594e-04
1  0  -8.97587765708890591e-05
1  1  1.06956497845657329e-04
1  2  -4.57222863162468703e-06
1  3  -1.62135354652559455e-05
1  4  -3.58794116626141667e-05
1  5  6.53765429202088772e-05
2  0  -1.17096468556543917e-06
2  1  -4.57222863162468703e-06
2  2  1.12093225210818821e-05
2  3  1.27311509949236048e-05
2  4  1.76013078725582914e-05
2  5  -3.46239392854488418e-05
3  0  1.33710269230719410e-05
3  1  -1.62135354652559455e-05
3  2  1.27311509949236048e-05
3  3  1.74626811291609500e-05
3  4  2.61160078437488967e-05
3  5  -5.20711365571515695e-05
4  0  2.64558878413112800e-05
4  1  -3.58794116626141667e-05
4  2  1.76013078725582914e-05
4  3  2.61160078437488967e-05
4  4  4.27690001824216674e-05
4  5  -7.77692333464124444e-05
5  0  -1.08696875028295608e-04
5  1  6.53765429202088772e-05
5  2  -3.46239392854488486e-05
5  3  -5.20711365571515695e-05
5  4  -7.77692333464124444e-05
5  5  2.28038250424837349e-04
