numXbins 6
numYbins 6
xbin  ybin  z
0  0  4.16334219394757016e-05
0  1  -2.32656049286079703e-05
0  2  -2.78051268758932938e-06
0  3  8.75718635994643560e-07
0  4  4.25686441358373131e-06
0  5  -2.15915509054815901e-05
1  0  -2.32656049286079703e-05
1  1  1.85621111078875722e-05
1  2  1.28975023081800407e-06
1  3  -1.72447903857062995e-06
1  4  -4.96245969247128006e-06
1  5  1.54821216527384456e-05
2  0  -2.78051268758932980e-06
2  1  1.28975023081800450e-06
2  2  1.98237000949434575e-07
2  3  1.64139502580911055e-10
2  4  -1.61612474724652307e-07
2  5  1.27977943937567994e-06
3  0  8.75718635994644089e-07
3  1  -1.72447903857062931e-06
3  2  1.64139502580899474e-10
3  3  2.92749332221142180e-07
3  4  6.63389063301323503e-07
3  5  -1.21295469946867452e-06
4  0  4.25686441358373216e-06
4  1  -4.96245969247128006e-06
4  2  -1.61612474724652148e-07
4  3  6.63389063301323609e-07
4  4  1.63564444435041618e-06
4  5  -3.79493046601111186e-06
5  0  -2.15915509054815867e-05
5  1  1.54821216527384456e-05
5  2  1.27977943937568015e-06
5  3  -1.21295469946867452e-06
5  4  -3.79493046601111144e-06
5  5  1.32964554403617879e-05
