numXbins 6
numYbins 6
xbin  ybin  z
0  0  4.88913964350274480e-06
0  1  3.75076975441928902e-05
0  2  -1.06996408711731786e-06
0  3  -6.61658192872411828e-06
0  4  -3.14414977238424529e-05
0  5  -3.43740626699728691e-05
1  0  3.75076975441929173e-05
1  1  2.87745386232975239e-04
1  2  -8.20837453805935817e-06
1  3  -5.07600052063874200e-05
1  4  -2.41207711980469329e-04
1  5  -2.63705281501589112e-04
2  0  -1.06996408711732125e-06
2  1  -8.20837453805936495e-06
2  2  2.34156361077178209e-07
2  3  1.44800630773804252e-06
2  4  6.88081663905804140e-06
2  5  7.52259400773450097e-06
3  0  -6.61658192872409880e-06
3  1  -5.07600052063874064e-05
3  2  1.44800630773805544e-06
3  3  8.95436817348767820e-06
3  4  4.25504814386014460e-05
3  5  4.65191871091712893e-05
4  0  -3.14414977238423919e-05
4  1  -2.41207711980469329e-04
4  2  6.88081663905805580e-06
4  3  4.25504814386014528e-05
4  4  2.02196674916435483e-04
4  5  2.21055664596003017e-04
5  0  -3.43740626699728691e-05
5  1  -2.63705281501589275e-04
5  2  7.52259400773445523e-06
5  3  4.65191871091713368e-05
5  4  2.21055664596002990e-04
5  5  2.41673642111948114e-04
