numXbins 6
numYbins 6
xbin  ybin  z
0  0  1.64448709653803042e-03
0  1  -1.31277290229091996e-03
0  2  2.74421422922270671e-04
0  3  5.19609529554043714e-04
0  4  1.16439382945583919e-03
0  5  -2.04720584659373811e-03
1  0  -1.31277290229091931e-03
1  1  2.41179197307795322e-03
1  2  3.02790224660466059e-04
1  3  -9.52005882078475383e-05
1  4  -5.46351696886431090e-04
1  5  -1.70037647780556949e-04
2  0  2.74421422922270671e-04
2  1  3.02790224660466005e-04
2  2  7.08711675783996794e-04
2  3  7.03281593854332291e-04
2  4  1.18569359003418040e-03
2  5  -2.51167120834581070e-03
3  0  5.19609529554043497e-04
3  1  -9.52005882078472808e-05
3  2  7.03281593854332291e-04
3  3  8.75737139323747114e-04
3  4  1.54954342441602578e-03
3  5  -2.84338019307587772e-03
4  0  1.16439382945583941e-03
4  1  -5.46351696886431090e-04
4  2  1.18569359003418062e-03
4  3  1.54954342441602599e-03
4  4  2.98785113922934520e-03
4  5  -5.10423973438121990e-03
5  0  -2.04720584659373768e-03
5  1  -1.70037647780557627e-04
5  2  -2.51167120834581070e-03
5  3  -2.84338019307587685e-03
5  4  -5.10423973438122076e-03
5  5  1.10362063550472830e-02
