numXbins 6
numYbins 6
xbin  ybin  z
0  0  4.18212853921619992e-04
0  1  -1.13364719520480490e-04
0  2  -7.07295112352858012e-05
0  3  -9.03852331061508467e-05
0  4  2.14388556072004904e-05
0  5  3.09912778957000584e-05
1  0  -1.13364719520480449e-04
1  1  3.07297097911911850e-05
1  2  1.91726082252641554e-05
1  3  2.45006735297342157e-05
1  4  -5.81141834824108254e-06
1  5  -8.40078800372246224e-06
2  0  -7.07295112352858012e-05
2  1  1.91726082252641317e-05
2  2  1.19620038281271938e-05
2  3  1.52862431188773510e-05
2  4  -3.62580863864442888e-06
2  5  -5.24134520870228496e-06
3  0  -9.03852331061508738e-05
3  1  2.45006735297342021e-05
3  2  1.52862431188773510e-05
3  3  1.95342880713664704e-05
3  4  -4.63342038250475795e-06
3  5  -6.69791435292745643e-06
4  0  2.14388556072004227e-05
4  1  -5.81141834824107492e-06
4  2  -3.62580863864443651e-06
4  3  -4.63342038250478251e-06
4  4  1.09902057154976817e-06
4  5  1.58870662548559311e-06
5  0  3.09912778957001871e-05
5  1  -8.40078800372248596e-06
5  2  -5.24134520870227903e-06
5  3  -6.69791435292741916e-06
5  4  1.58870662548561048e-06
5  5  2.29658007065600084e-06
