numXbins 6
numYbins 6
xbin  ybin  z
0  0  4.33035772358323235e-03
0  1  -2.19738855630637660e-03
0  2  1.51471414525822685e-04
0  3  5.62291411140559126e-04
0  4  1.21750092348274627e-03
0  5  -4.06423291642598293e-03
1  0  -2.19738855630637704e-03
1  1  4.53781082764330088e-03
1  2  -7.62633309300830853e-05
1  3  -7.83903196634602880e-04
1  4  -1.93307587979772580e-03
1  5  4.52820136025487360e-04
2  0  1.51471414525822495e-04
2  1  -7.62633309300837358e-05
2  2  7.76934842369578346e-04
2  3  8.06238561867334154e-04
2  4  1.32239961745537950e-03
2  5  -2.98078110528803095e-03
3  0  5.62291411140559126e-04
3  1  -7.83903196634602229e-04
3  2  8.06238561867333504e-04
3  3  1.08529128559746099e-03
3  4  1.89368763335438545e-03
3  5  -3.56360569532513782e-03
4  0  1.21750092348274518e-03
4  1  -1.93307587979772537e-03
4  2  1.32239961745537929e-03
4  3  1.89368763335438610e-03
4  4  3.63407837435466945e-03
4  5  -6.13459066884945378e-03
5  0  -4.06423291642598206e-03
5  1  4.52820136025486005e-04
5  2  -2.98078110528803052e-03
5  3  -3.56360569532513782e-03
5  4  -6.13459066884945378e-03
5  5  1.62903902498631216e-02
