numXbins 6
numYbins 6
xbin  ybin  z
0  0  4.39294649495668992e+01
0  1  -1.23823170518625485e+01
0  2  5.68405136347191475e-01
0  3  2.42923258714645218e+00
0  4  -7.58486964248286277e+00
0  5  1.15560679573091249e+01
1  0  -1.82569782635708684e+01
1  1  2.39702389947792973e+01
1  2  -4.86809136549569388e+00
1  3  -1.68319090971505991e-02
1  4  -6.81352978042469193e-01
1  5  1.28910211127869534e+00
2  0  -3.77411478476805629e+00
2  1  -6.60480423081036050e-01
2  2  4.34575392070544098e+00
2  3  1.15631443224049280e+00
2  4  -4.47781889717781389e+00
2  5  2.88193273327102562e+00
3  0  -1.74534810044243538e+00
3  1  -3.70360119463463011e+00
3  2  4.13552136078881016e+00
3  3  2.99999129977733947e+00
3  4  -6.23970558497554340e+00
3  5  3.92025019114593265e+00
4  0  -7.38931059627322306e-01
4  1  -8.34365135842730510e+00
4  2  6.14999668041630798e+00
4  3  5.51516228673939501e+00
4  4  -7.92438872643761449e+00
4  5  -2.06229680787550684e+00
5  0  -1.73620381677488638e+01
5  1  1.04304621464651390e+01
5  2  -9.11132543130004535e+00
5  3  -4.40523634711924483e+00
5  4  3.21172310412035600e+01
5  5  -2.56933909515127112e+00
