numXbins 4
numYbins 4
xbin  ybin  z
0  0  7.58340592583408579e-01
0  1  7.96570404199883342e-02
0  2  2.71814617546624504e-01
0  3  -1.78096353134606034e-01
1  0  1.94818924763239920e-01
1  1  6.01183087652316317e-01
1  2  9.38613258476834744e-02
1  3  -1.21961717146405135e-01
2  0  2.54114406736334786e-01
2  1  -1.19866328313946724e-02
2  2  5.73430180462310091e-01
2  3  -1.15533246736958972e-01
3  0  2.28159114718437195e-01
3  1  8.49659109953790903e-02
3  2  1.83181052678264678e-01
3  3  1.51874970208154991e-01
