numXbins 4
numYbins 4
xbin  ybin  z
0  0  3.56570417224993594e-03
0  1  2.98373253789898599e-03
0  2  1.99132427391925885e-03
0  3  2.21715262025664944e-03
1  0  2.98373253789898556e-03
1  1  3.00450385405620201e-03
1  2  1.49903865228189414e-03
1  3  1.87637959231975473e-03
2  0  1.99132427391925885e-03
2  1  1.49903865228189501e-03
2  2  1.65844294195499706e-03
2  3  1.45077153496657083e-03
3  0  2.21715262025664944e-03
3  1  1.87637959231975538e-03
3  2  1.45077153496657083e-03
3  3  1.60026766897091019e-03
