numXbins 4
numYbins 4
xbin  ybin  z
0  0  3.27693107627240096e-05
0  1  3.09660528400736672e-05
0  2  1.97104334656767700e-05
0  3  2.15469592606864208e-05
1  0  3.09660528400736740e-05
1  1  2.92620261511574237e-05
1  2  1.86257907167580126e-05
1  3  2.03612545848329652e-05
2  0  1.97104334656767700e-05
2  1  1.86257907167580092e-05
2  2  1.18556410971817444e-05
2  3  1.29602941596963787e-05
3  0  2.15469592606864208e-05
3  1  2.03612545848329652e-05
3  2  1.29602941596963787e-05
3  3  1.41678736163655281e-05
