numXbins 4
numYbins 4
xbin  ybin  z
0  0  3.41301718425033240e-04
0  1  2.49929117545926577e-04
0  2  1.93335231597081510e-04
0  3  2.13640969086835566e-04
1  0  2.49929117545926523e-04
1  1  2.11180416137056990e-04
1  2  1.35244289512271546e-04
1  3  1.62915536889325960e-04
2  0  1.93335231597081429e-04
2  1  1.35244289512271546e-04
2  2  1.19556527852219228e-04
2  3  1.29853385396328354e-04
3  0  2.13640969086835593e-04
3  1  1.62915536889325960e-04
3  2  1.29853385396328327e-04
3  3  1.65315110283975391e-04
