numXbins 4
numYbins 4
xbin  ybin  z
0  0  9.89465708057309535e-06
0  1  -1.02086568734450276e-05
0  2  -2.51356923569614412e-05
0  3  -5.65874499737322748e-06
1  0  -1.02086568734450327e-05
1  1  1.05326212228569897e-05
1  2  2.59333553916182276e-05
1  3  5.83832118102680450e-06
2  0  -2.51356923569614514e-05
2  1  2.59333553916182208e-05
2  2  6.38529486286365245e-05
2  3  1.43750786128536963e-05
3  0  -5.65874499737322917e-06
3  1  5.83832118102680704e-06
3  2  1.43750786128536929e-05
3  3  3.23623089557761335e-06
