numXbins 4
numYbins 4
xbin  ybin  z
0  0  8.46409482628870712e-08
0  1  -1.35275761255631162e-07
0  2  6.44121682554536311e-08
0  3  -2.72157463332809388e-07
1  0  -1.35275761255631109e-07
1  1  3.00802224584567891e-07
1  2  -1.43471506830435463e-08
1  3  6.23816897116228753e-07
2  0  6.44121682554538561e-08
2  1  -1.43471506830434669e-08
2  2  1.41803261023047194e-07
2  3  -9.34223507537587446e-09
3  0  -2.72157463332809706e-07
3  1  6.23816897116228541e-07
3  2  -9.34223507537596711e-09
3  3  1.29665127909419598e-06
