numXbins 4
numYbins 4
xbin  ybin  z
0  0  5.41386728858589752e-03
0  1  3.50027230487048435e-03
0  2  3.06007530964985458e-03
0  3  2.55005423076912468e-03
1  0  3.50027230487048435e-03
1  1  2.26305994498131324e-03
1  2  1.97845574821674209e-03
1  3  1.64870761030612889e-03
2  0  3.06007530964985458e-03
2  1  1.97845574821674209e-03
2  2  1.72964359885048927e-03
2  3  1.44136484584626531e-03
3  0  2.55005423076912468e-03
3  1  1.64870761030612889e-03
3  2  1.44136484584626531e-03
3  3  1.20113335499992253e-03
