numXbins 4
numYbins 4
xbin  ybin  z
0  0  7.97462583910597882e-05
0  1  1.22458944577012286e-05
0  2  4.16776146084128093e-05
0  3  1.72985117524271061e-05
1  0  1.22458944577012286e-05
1  1  5.24301049320312828e-05
1  2  -1.00829982274465540e-06
1  3  2.51980604777462308e-06
2  0  4.16776146084128093e-05
2  1  -1.00829982274465476e-06
2  2  4.26505846982477518e-05
2  3  9.89763868000782534e-06
3  0  1.72985117524271061e-05
3  1  2.51980604777462308e-06
3  2  9.89763868000782195e-06
3  3  7.81617829406890195e-06
