numXbins 4
numYbins 4
xbin  ybin  z
0  0  1.57971187633844676e-07
0  1  -1.79886582633270624e-06
0  2  4.99857213211312973e-06
0  3  1.97069932849695310e-06
1  0  -1.79886582633270624e-06
1  1  2.04842307614244402e-05
1  2  -5.69202569379917607e-05
1  3  -2.24409509677624682e-05
2  0  4.99857213211314498e-06
2  1  -5.69202569379917607e-05
2  2  1.58166332317850758e-04
2  3  6.23574646221711399e-05
3  0  1.97069932849695945e-06
3  1  -2.24409509677624682e-05
3  2  6.23574646221711399e-05
3  3  2.45845834389780083e-05
