numXbins 4
numYbins 4
xbin  ybin  z
0  0  1.06940033163984934e-04
0  1  8.10061716872485143e-05
0  2  2.81267246670833847e-05
0  3  8.34075329135937295e-05
1  0  8.10061716872484871e-05
1  1  7.03587867599574551e-05
1  2  1.22025001563560569e-05
1  3  5.48186060877129522e-05
2  0  2.81267246670833745e-05
2  1  1.22025001563560653e-05
2  2  2.72980141898257384e-05
2  3  3.88842870638439234e-05
3  0  8.34075329135937566e-05
3  1  5.48186060877129725e-05
3  2  3.88842870638439234e-05
3  3  8.22009868475110495e-05
