numXbins 4
numYbins 4
xbin  ybin  z
0  0  7.59419376760320605e-06
0  1  7.35269292373466109e-06
0  2  4.69362361441721174e-06
0  3  5.17974837500876719e-06
1  0  7.35269292373466024e-06
1  1  7.11887198103456195e-06
1  2  4.54436299526911314e-06
1  3  5.01502863755253723e-06
2  0  4.69362361441721174e-06
2  1  4.54436299526911314e-06
2  2  2.90091394925886611e-06
2  3  3.20136541595690071e-06
3  0  5.17974837500876803e-06
3  1  5.01502863755253808e-06
3  2  3.20136541595690029e-06
3  3  3.53293503556121377e-06
