numXbins 4
numYbins 4
xbin  ybin  z
0  0  3.57412011829358063e-04
0  1  8.55779246169289306e-05
0  2  2.13081434777159291e-04
0  3  1.47361894897670928e-04
1  0  8.55779246169289035e-05
1  1  2.02834839477434090e-04
1  2  -1.03040238530084522e-04
1  3  -3.68204976486299765e-05
2  0  2.13081434777159291e-04
2  1  -1.03040238530084508e-04
2  2  5.86691717301301117e-04
2  3  2.63886586417643679e-04
3  0  1.47361894897670901e-04
3  1  -3.68204976486299833e-05
3  2  2.63886586417643679e-04
3  3  1.64432020308072119e-04
