numXbins 4
numYbins 4
xbin  ybin  z
0  0  8.22499899699584853e-05
0  1  9.56205298506119085e-06
0  2  3.65810763520436460e-05
0  3  1.77450246604422507e-05
1  0  9.56205298506118916e-06
1  1  4.90310976807560808e-05
1  2  -2.16021478143307802e-06
1  3  2.41117653761991399e-06
2  0  3.65810763520436460e-05
2  1  -2.16021478143307886e-06
2  2  4.46702530370082277e-05
2  3  1.00518425262811458e-05
3  0  1.77450246604422474e-05
3  1  2.41117653761991399e-06
3  2  1.00518425262811458e-05
3  3  7.33667020431311537e-06
