numXbins 4
numYbins 4
xbin  ybin  z
0  0  3.67822604483081784e-05
0  1  -2.36117238999289631e-06
0  2  1.08874112933420246e-05
0  3  1.01294060704491055e-05
1  0  -2.36117238999289504e-06
1  1  1.51571300602902651e-07
1  2  -6.98898181650998882e-07
1  3  -6.50239372161015169e-07
2  0  1.08874112933420263e-05
2  1  -6.98898181650998882e-07
2  2  3.22263295473575460e-06
2  3  2.99826624851511516e-06
3  0  1.01294060704491072e-05
3  1  -6.50239372161015593e-07
3  2  2.99826624851511516e-06
3  3  2.78952043973063014e-06
