numXbins 4
numYbins 4
xbin  ybin  z
0  0  1.61985157269955718e-07
0  1  2.71970827814036198e-07
0  2  8.98430934319161808e-08
0  3  2.85753505713386378e-07
1  0  2.71970827814035828e-07
1  1  4.63652290216986225e-07
1  2  1.53340404122547911e-07
1  3  4.90044892258577636e-07
2  0  8.98430934319162470e-08
2  1  1.53340404122548176e-07
2  2  5.07175756923276451e-08
2  3  1.62141018882740212e-07
3  0  2.85753505713386272e-07
3  1  4.90044892258577848e-07
3  2  1.62141018882740265e-07
3  3  5.19117024349789518e-07
