numXbins 4
numYbins 4
xbin  ybin  z
0  0  9.26443962986915029e-04
0  1  1.40566746438837507e-04
0  2  4.54627795384736789e-04
0  3  2.13826711809798653e-04
1  0  1.40566746438837534e-04
1  1  4.51981946147375949e-04
1  2  3.91624042043834163e-06
1  3  3.13489652532618332e-05
2  0  4.54627795384736680e-04
2  1  3.91624042043835264e-06
2  2  4.34677586891746585e-04
2  3  1.15927594922223670e-04
3  0  2.13826711809798708e-04
3  1  3.13489652532618332e-05
3  2  1.15927594922223697e-04
3  3  8.45472090956851587e-05
