numXbins 4
numYbins 4
xbin  ybin  z
0  0  1.48342695247997909e-04
0  1  -1.99674163487474863e-06
0  2  1.23830105975357381e-04
0  3  4.01499270106673369e-05
1  0  -1.99674163487474863e-06
1  1  2.68768013805923767e-08
1  2  -1.66679409349134024e-06
1  3  -5.40431268053719011e-07
2  0  1.23830105975357381e-04
2  1  -1.66679409349133706e-06
2  2  1.03368050042728279e-04
2  3  3.35154333573489682e-05
3  0  4.01499270106673369e-05
3  1  -5.40431268053717741e-07
3  2  3.35154333573489479e-05
3  3  1.08668420529029782e-05
