numXbins 4
numYbins 4
xbin  ybin  z
0  0  2.42826608533590935e-07
0  1  3.33046893754373459e-07
0  2  7.25891060720018667e-08
0  3  2.35641292626498138e-07
1  0  3.33046893754373406e-07
1  1  4.74529032664681561e-07
1  2  5.36212529634148525e-08
1  3  3.18665039121363977e-07
2  0  7.25891060720018931e-08
2  1  5.36212529634148326e-08
2  2  1.40646993690390883e-07
2  3  8.21627535465282594e-08
3  0  2.35641292626498085e-07
3  1  3.18665039121363977e-07
3  2  8.21627535465282726e-08
3  3  2.29823684543341830e-07
