numXbins 4
numYbins 4
xbin  ybin  z
0  0  2.59499774491653073e-03
0  1  2.47422808151830619e-03
0  2  1.48417373580972249e-03
0  3  1.72480618961197625e-03
1  0  2.47422808151830532e-03
1  1  2.38361658058937288e-03
1  2  1.41393544418870107e-03
1  3  1.65264319426631709e-03
2  0  1.48417373580972314e-03
2  1  1.41393544418870129e-03
2  2  8.54942789018337782e-04
2  3  9.86357097587970896e-04
3  0  1.72480618961197581e-03
3  1  1.65264319426631687e-03
3  2  9.86357097587970679e-04
3  3  1.15239383433825217e-03
