numXbins 4
numYbins 4
xbin  ybin  z
0  0  3.37533018024639177e-08
0  1  1.41748118559296194e-08
0  2  3.15196614383298968e-08
0  3  2.83384904823908215e-08
1  0  1.41748118559296194e-08
1  1  5.98540529595651004e-09
1  2  1.12075447508242241e-08
1  3  1.14952500157624957e-08
2  0  3.15196614383299101e-08
2  1  1.12075447508242175e-08
2  2  1.55570642141814235e-07
2  3  5.16747051348902613e-08
3  0  2.83384904823908281e-08
3  1  1.14952500157624973e-08
3  2  5.16747051348902415e-08
3  3  2.88314808838839256e-08
