numXbins 4
numYbins 4
xbin  ybin  z
0  0  3.41847574290680368e-08
0  1  1.33063745019600777e-08
0  2  9.71670142279358220e-08
0  3  4.17414300530421175e-08
1  0  1.33063745019600760e-08
1  1  5.17948979903703625e-09
1  2  3.78221399767717074e-08
1  3  1.62477999642278697e-08
2  0  9.71670142279358220e-08
2  1  3.78221399767717074e-08
2  2  2.76188259447575728e-07
2  3  1.18646157904561363e-07
3  0  4.17414300530421307e-08
3  1  1.62477999642278697e-08
3  2  1.18646157904561390e-07
3  3  5.09685343383906633e-08
