numXbins 4
numYbins 4
xbin  ybin  z
0  0  1.10613224811412323e+01
0  1  -7.11099497632580402e-01
0  2  2.41144537939804149e+00
0  3  -2.18564912408456458e+00
1  0  1.63917674404018454e+00
1  1  6.96186280341450292e+00
1  2  6.52345702489198764e-03
1  3  -1.57278275888696184e+00
2  0  3.00203507926616897e+00
2  1  -1.26620594406869791e+00
2  2  7.01965534324320384e+00
2  3  -2.02110615404825156e+00
3  0  2.66531275025244474e+00
3  1  2.34804919947658064e-01
3  2  1.60942769688067089e+00
3  3  1.14278009868769148e+00
