numXbins 4
numYbins 4
xbin  ybin  z
0  0  1.07479242142621381e+01
0  1  -3.80695422647182369e-01
0  2  3.28136648153535093e+00
0  3  -2.39608289329175328e+00
1  0  1.64635275430837158e+00
1  1  7.36194619904452097e+00
1  2  1.60670780092302401e-01
1  3  -1.66293784649850940e+00
2  0  3.54127143444545656e+00
2  1  -1.31279280153386368e+00
2  2  6.85500173351593833e+00
2  3  -2.00365616258706591e+00
3  0  2.74360484912941383e+00
3  1  2.92192415083821766e-01
3  2  1.66888501969281422e+00
3  3  1.24876817286253505e+00
