numXbins 6
numYbins 6
xbin  ybin  z
0  0  2.16412432957440615e-01
0  1  1.46804839838296175e-01
0  2  2.79574858490377665e-01
0  3  5.51149667007848620e-02
0  4  1.02304163461667486e-01
0  5  -1.95063097708043642e-02
1  0  1.22721089283004403e-01
1  1  1.10191871412098408e-01
1  2  2.45765541680157185e-01
1  3  4.54360414878465235e-02
1  4  9.38296789972810075e-02
1  5  -1.35569786361884326e-02
2  0  1.05185132939368486e-01
2  1  8.30118330195546150e-02
2  2  2.90483613032847643e-01
2  3  6.67770617874339223e-02
2  4  1.22712616619537584e-01
2  5  -1.29732861641969066e-02
3  0  1.71156876720488071e-01
3  1  -5.00560542568564415e-02
3  2  3.45911618322134018e-01
3  3  1.87155459192581475e-01
3  4  2.31628377718152478e-01
3  5  -1.33808080281596631e-02
4  0  2.05276566557586193e-01
4  1  -2.91853796690702438e-01
4  2  3.32766861654818058e-01
4  3  1.79418002720922232e-01
4  4  5.48862027411814779e-01
4  5  3.40260891243815422e-03
5  0  -5.25178719311952591e-01
5  1  -6.12883642315864563e-02
5  2  -1.17255479097366333e-01
5  3  4.84213978052139282e-02
5  4  3.70799944503232837e-01
5  5  7.34945815638639033e-01
