numXbins 6
numYbins 6
xbin  ybin  z
0  0  1.93107521169193095e-04
0  1  1.42086308118516305e-04
0  2  1.49926317274150109e-04
0  3  2.09249740402903079e-04
0  4  2.70447716860981702e-04
0  5  8.10266033999049179e-05
1  0  1.42086308118516278e-04
1  1  1.05567500396782483e-04
1  2  1.12269312639603366e-04
1  3  1.56843157713614889e-04
1  4  2.03424444158005496e-04
1  5  7.27465450220269786e-05
2  0  1.49926317274150190e-04
2  1  1.12269312639603393e-04
2  2  1.20334654621491972e-04
2  3  1.69183544844727084e-04
2  4  2.20453965147411927e-04
2  5  9.04277186318535892e-05
3  0  2.09249740402903106e-04
3  1  1.56843157713614943e-04
3  2  1.69183544844727057e-04
3  3  2.43006868608280284e-04
3  4  3.19716640559693016e-04
3  5  1.47062830435551077e-04
4  0  2.70447716860981648e-04
4  1  2.03424444158005442e-04
4  2  2.20453965147411927e-04
4  3  3.19716640559692962e-04
4  4  4.52982134097841169e-04
4  5  2.49099010352278464e-04
5  0  8.10266033999048772e-05
5  1  7.27465450220269379e-05
5  2  9.04277186318536299e-05
5  3  1.47062830435551104e-04
5  4  2.49099010352278518e-04
5  5  4.03558480229978601e-04
