numXbins 7
numYbins 7
xbin  ybin  z
0  0  4.30318158307771320e-07
0  1  2.73268590884181567e-07
0  2  2.06423125989911151e-07
0  3  2.30257870506297058e-07
0  4  4.11975727542721616e-07
0  5  2.25789176882598181e-07
0  6  -6.23817215650277827e-07
1  0  2.73268590884181567e-07
1  1  1.85252401857202526e-07
1  2  1.44358644470204752e-07
1  3  1.50791677383830370e-07
1  4  2.49121922727553160e-07
1  5  1.42492019653476409e-07
1  6  -3.06615510814296229e-07
2  0  2.06423125989911019e-07
2  1  1.44358644470204726e-07
2  2  1.14055199781133114e-07
2  3  1.15630181606010521e-07
2  4  1.83466220606904547e-07
2  5  1.07299466834057206e-07
2  6  -1.97823926446040835e-07
3  0  2.30257870506296978e-07
3  1  1.50791677383830344e-07
3  2  1.15630181606010521e-07
3  3  1.24989929392047205e-07
3  4  2.15568963106524519e-07
3  5  1.20468799831127949e-07
3  6  -2.98881447284727579e-07
4  0  4.11975727542721563e-07
4  1  2.49121922727553107e-07
4  2  1.83466220606904520e-07
4  3  2.15568963106524545e-07
4  4  4.07748074585452110e-07
4  5  2.17117251180098060e-07
4  6  -6.92736495438401687e-07
5  0  2.25789176882598048e-07
5  1  1.42492019653476382e-07
5  2  1.07299466834057206e-07
5  3  1.20468799831127922e-07
5  4  2.17117251180097954e-07
5  5  1.18540263416498318e-07
5  6  -3.34141156619700485e-07
6  0  -6.23817215650277827e-07
6  1  -3.06615510814296123e-07
6  2  -1.97823926446040808e-07
6  3  -2.98881447284727632e-07
6  4  -6.92736495438401793e-07
6  5  -3.34141156619700591e-07
6  6  1.58850407403741056e-06
