numXbins 7
numYbins 7
xbin  ybin  z
0  0  1.93997616336687368e-04
0  1  1.55074497643156310e-04
0  2  1.21471692653150984e-04
0  3  9.22153224139891264e-05
0  4  8.67941876025118497e-05
0  5  3.71259240306448156e-06
0  6  4.68269576216607766e-05
1  0  1.55074497643156338e-04
1  1  1.26174669671910971e-04
1  2  1.00420916191015853e-04
1  3  7.71891248497928668e-05
1  4  7.45487199193261711e-05
1  5  1.53216334368251089e-05
1  6  4.31210654304064434e-05
2  0  1.21471692653150984e-04
2  1  1.00420916191015880e-04
2  2  8.11589866903089907e-05
2  3  6.32195259400840923e-05
2  4  6.28104573920583274e-05
2  5  2.20508288486916400e-05
2  6  3.94547902727763488e-05
3  0  9.22153224139891264e-05
3  1  7.71891248497928668e-05
3  2  6.32195259400841059e-05
3  3  4.99790402320874475e-05
3  4  5.11529286075267778e-05
3  5  2.41279615372489868e-05
3  6  3.38087137681031741e-05
4  0  8.67941876025118768e-05
4  1  7.45487199193261847e-05
4  2  6.28104573920583274e-05
4  3  5.11529286075267778e-05
4  4  5.56352124072156075e-05
4  5  3.83756665982253669e-05
4  6  4.15299657696536023e-05
5  0  3.71259240306448156e-06
5  1  1.53216334368251225e-05
5  2  2.20508288486916230e-05
5  3  2.41279615372489936e-05
5  4  3.83756665982253872e-05
5  5  8.29067000169816996e-05
5  6  4.24700837443008259e-05
6  0  4.68269576216608172e-05
6  1  4.31210654304064705e-05
6  2  3.94547902727763691e-05
6  3  3.38087137681031673e-05
6  4  4.15299657696535616e-05
6  5  4.24700837443007650e-05
6  6  8.72631385420375371e-05
