numXbins 6
numYbins 6
xbin  ybin  z
0  0  1.24966563909630728e-05
0  1  9.77847291027568619e-06
0  2  1.08271537682594744e-05
0  3  1.37960454139818772e-05
0  4  2.15883177506680937e-05
0  5  -1.49354558947208478e-05
1  0  9.77847291027568788e-06
1  1  8.11912569757617749e-06
1  2  9.26551411889519040e-06
1  3  1.13044557699284022e-05
1  4  1.80224966189908118e-05
1  5  -8.31801324773208984e-06
2  0  1.08271537682594744e-05
2  1  9.26551411889519040e-06
2  2  1.09227958090013199e-05
2  3  1.40278359804527546e-05
2  4  2.31044935699766657e-05
2  5  -7.68393550920910637e-06
3  0  1.37960454139818772e-05
3  1  1.13044557699284022e-05
3  2  1.40278359804527546e-05
3  3  2.35751605284690377e-05
3  4  4.16277669320944439e-05
3  5  -1.50724861589168878e-05
4  0  2.15883177506680937e-05
4  1  1.80224966189908118e-05
4  2  2.31044935699766657e-05
4  3  4.16277669320944439e-05
4  4  8.99936983409669260e-05
4  5  -1.62886003405286868e-05
5  0  -1.49354558947208478e-05
5  1  -8.31801324773208984e-06
5  2  -7.68393550920910637e-06
5  3  -1.50724861589168845e-05
5  4  -1.62886003405286800e-05
5  5  8.36160446568610477e-05
