numXbins 7
numYbins 7
xbin  ybin  z
0  0  4.12330259625930947e-06
0  1  3.78801004602908394e-06
0  2  3.42118155490345525e-06
0  3  2.98459790108175021e-06
0  4  3.50272401915391386e-06
0  5  3.53058637607209081e-06
0  6  3.72553428474544406e-06
1  0  3.78801004602908309e-06
1  1  3.50729424179183058e-06
1  2  3.17711519412236693e-06
1  3  2.76123967353859538e-06
1  4  3.21039843649744598e-06
1  5  3.28067248602210642e-06
1  6  3.65204555092135987e-06
2  0  3.42118155490345525e-06
2  1  3.17711519412236693e-06
2  2  2.88127406640469625e-06
2  3  2.50054495791447832e-06
2  4  2.89690759797658757e-06
2  5  2.97585954526301544e-06
2  6  3.37790397965952274e-06
3  0  2.98459790108174978e-06
3  1  2.76123967353859538e-06
3  2  2.50054495791447790e-06
3  3  2.17405491779480734e-06
3  4  2.53009239183987230e-06
3  5  2.58189502218144478e-06
3  6  2.85915208059445270e-06
4  0  3.50272401915391344e-06
4  1  3.21039843649744555e-06
4  2  2.89690759797658715e-06
4  3  2.53009239183987145e-06
4  4  2.97760327421104366e-06
4  5  2.98900959292119042e-06
4  6  3.10184232628652129e-06
5  0  3.53058637607209081e-06
5  1  3.28067248602210515e-06
5  2  2.97585954526301629e-06
5  3  2.58189502218144436e-06
5  4  2.98900959292119169e-06
5  5  3.07368824880731307e-06
5  6  3.50236965353738444e-06
6  0  3.72553428474544194e-06
6  1  3.65204555092135987e-06
6  2  3.37790397965952401e-06
6  3  2.85915208059445186e-06
6  4  3.10184232628652044e-06
6  5  3.50236965353738528e-06
6  6  5.29391440145516531e-06
