numXbins 6
numYbins 6
xbin  ybin  z
0  0  1.46069706364221899e-05
0  1  1.11625448316437585e-05
0  2  1.22728566426283967e-05
0  3  1.81743640388320678e-05
0  4  2.38473347114424686e-05
0  5  2.06733670451402838e-05
1  0  1.11625448316437585e-05
1  1  8.53033871429598034e-06
1  2  9.37883123719567183e-06
1  3  1.38887219273392267e-05
1  4  1.82239664511910634e-05
1  5  1.57984425522833058e-05
2  0  1.22728566426283967e-05
2  1  9.37883123719567183e-06
2  2  1.03117212952377966e-05
2  3  1.52702000963397943e-05
2  4  2.00366610919673010e-05
2  5  1.73698760941434283e-05
3  0  1.81743640388320644e-05
3  1  1.38887219273392267e-05
3  2  1.52702000963397943e-05
3  3  2.26130055599877036e-05
3  4  2.96714598248682668e-05
3  5  2.57223286017916599e-05
4  0  2.38473347114424686e-05
4  1  1.82239664511910600e-05
4  2  2.00366610919673010e-05
4  3  2.96714598248682701e-05
4  4  3.89331495896581126e-05
4  5  3.37513311835287239e-05
5  0  2.06733670451402838e-05
5  1  1.57984425522833024e-05
5  2  1.73698760941434249e-05
5  3  2.57223286017916532e-05
5  4  3.37513311835287172e-05
5  5  2.92591883437766732e-05
