numXbins 7
numYbins 7
xbin  ybin  z
0  0  1.93982985044315580e-04
0  1  1.87208730266109398e-04
0  2  1.72321746353444616e-04
0  3  1.44556910414321815e-04
0  4  1.79545766391371890e-04
0  5  1.89546393844730501e-04
0  6  1.75041284799152462e-04
1  0  1.87208730266109425e-04
1  1  1.80671045348860686e-04
1  2  1.66303943228304622e-04
1  3  1.39508708166721437e-04
1  4  1.73275686746986640e-04
1  5  1.82927073269263099e-04
1  6  1.68928510219139093e-04
2  0  1.72321746353444616e-04
2  1  1.66303943228304622e-04
2  2  1.53079324248552490e-04
2  3  1.28414867130555816e-04
2  4  1.59496669297364457e-04
2  5  1.68380570052883136e-04
2  6  1.55495183629892827e-04
3  0  1.44556910414321815e-04
3  1  1.39508708166721464e-04
3  2  1.28414867130555789e-04
3  3  1.07724398321638342e-04
3  4  1.33798236281284925e-04
3  5  1.41250744585206010e-04
3  6  1.30441478255107195e-04
4  0  1.79545766391371917e-04
4  1  1.73275686746986640e-04
4  2  1.59496669297364457e-04
4  3  1.33798236281284925e-04
4  4  1.66183040340886506e-04
4  5  1.75439369292096684e-04
4  6  1.62013805603694968e-04
5  0  1.89546393844730501e-04
5  1  1.82927073269263099e-04
5  2  1.68380570052883055e-04
5  3  1.41250744585206010e-04
5  4  1.75439369292096738e-04
5  5  1.85211272067671031e-04
5  6  1.71037909845794594e-04
6  0  1.75041284799152435e-04
6  1  1.68928510219139066e-04
6  2  1.55495183629892855e-04
6  3  1.30441478255107222e-04
6  4  1.62013805603694914e-04
6  5  1.71037909845794594e-04
6  6  1.57949169496172145e-04
