numXbins 6
numYbins 6
xbin  ybin  z
0  0  2.25580833923228220e-05
0  1  1.79194729153386635e-05
0  2  1.95888686759558129e-05
0  3  2.38680964268943649e-05
0  4  2.34458678774594058e-05
0  5  1.56432281541781258e-05
1  0  1.79194729153386635e-05
1  1  1.42370574670833612e-05
1  2  1.55635624665173181e-05
1  3  1.89538380312214501e-05
1  4  1.85851698102371666e-05
1  5  1.24713562844228337e-05
2  0  1.95888686759558129e-05
2  1  1.55635624665173181e-05
2  2  1.70136732860285307e-05
2  3  2.07191532310032772e-05
2  4  2.03137893702884575e-05
2  5  1.36363682489839825e-05
3  0  2.38680964268943615e-05
3  1  1.89538380312214501e-05
3  2  2.07191532310032738e-05
3  3  2.52708512488628893e-05
3  4  2.49125076115454228e-05
3  5  1.64325010367508402e-05
4  0  2.34458678774594126e-05
4  1  1.85851698102371768e-05
4  2  2.03137893702884609e-05
4  3  2.49125076115454398e-05
4  4  2.50310245045763243e-05
4  5  1.55075210110795511e-05
5  0  1.56432281541781156e-05
5  1  1.24713562844228337e-05
5  2  1.36363682489839791e-05
5  3  1.64325010367508368e-05
5  4  1.55075210110795477e-05
5  5  1.17002335951757630e-05
