numXbins 6
numYbins 6
xbin  ybin  z
0  0  3.65174265910554747e-06
0  1  2.79063620791093964e-06
0  2  3.06821416065709918e-06
0  3  4.54359100970801694e-06
0  4  5.96183367786061715e-06
0  5  5.16834176128507095e-06
1  0  2.79063620791093964e-06
1  1  2.13258467857399508e-06
1  2  2.34470780929891796e-06
1  3  3.47218048183480667e-06
1  4  4.55599161279776585e-06
1  5  3.94961063807082646e-06
2  0  3.06821416065709918e-06
2  1  2.34470780929891796e-06
2  2  2.57793032380944915e-06
2  3  3.81755002408494858e-06
2  4  5.00916527299182524e-06
2  5  4.34246902353585708e-06
3  0  4.54359100970801610e-06
3  1  3.47218048183480667e-06
3  2  3.81755002408494858e-06
3  3  5.65325138999692591e-06
3  4  7.41786495621706669e-06
3  5  6.43058215044791498e-06
4  0  5.96183367786061715e-06
4  1  4.55599161279776500e-06
4  2  5.00916527299182524e-06
4  3  7.41786495621706754e-06
4  4  9.73328739741452815e-06
4  5  8.43783279588218098e-06
5  0  5.16834176128507095e-06
5  1  3.94961063807082561e-06
5  2  4.34246902353585623e-06
5  3  6.43058215044791329e-06
5  4  8.43783279588217929e-06
5  5  7.31479708594416830e-06
