numXbins 7
numYbins 7
xbin  ybin  z
0  0  7.84359368129182997e-05
0  1  6.23054841438190908e-05
0  2  5.16270415469138641e-05
0  3  4.72581197440748383e-05
0  4  6.16269355644827327e-05
0  5  4.17334576361286740e-05
0  6  1.83924693453635107e-05
1  0  6.23054841438191179e-05
1  1  4.94983093320122409e-05
1  2  4.10166056252235904e-05
1  3  3.75420403464225740e-05
1  4  4.89467580284423114e-05
1  5  3.31514288652877396e-05
1  6  1.46793322493947612e-05
2  0  5.16270415469138573e-05
2  1  4.10166056252235701e-05
2  2  3.39887708305356662e-05
2  3  3.11085199516945548e-05
2  4  4.05559699401518780e-05
2  5  2.74698029042873139e-05
2  6  1.21834235499852491e-05
3  0  4.72581197440748383e-05
3  1  3.75420403464225605e-05
3  2  3.11085199516945480e-05
3  3  2.84744327873740490e-05
3  4  3.71277697943291163e-05
3  5  2.51448788163490299e-05
3  6  1.11116232338131435e-05
4  0  6.16269355644827327e-05
4  1  4.89467580284422979e-05
4  2  4.05559699401518780e-05
4  3  3.71277697943291163e-05
4  4  4.84271880025522220e-05
4  5  3.27893292624749789e-05
4  6  1.43760063161971305e-05
5  0  4.17334576361286740e-05
5  1  3.31514288652877463e-05
5  2  2.74698029042873038e-05
5  3  2.51448788163490333e-05
5  4  3.27893292624749721e-05
5  5  2.22051900791241951e-05
5  6  9.79196821034972222e-06
6  0  1.83924693453635141e-05
6  1  1.46793322493947663e-05
6  2  1.21834235499852593e-05
6  3  1.11116232338131435e-05
6  4  1.43760063161971356e-05
6  5  9.79196821034974594e-06
6  6  5.10934894004425706e-06
