numXbins 7
numYbins 7
xbin  ybin  z
0  0  3.16286770143650803e-03
0  1  2.77265687027756147e-03
0  2  2.39045806556360731e-03
0  3  2.01980852311674577e-03
0  4  2.34004148878086101e-03
0  5  2.07288877453742958e-03
0  6  9.21829952850063269e-04
1  0  2.77265687027756103e-03
1  1  2.47465557807584726e-03
1  2  2.15556119612285955e-03
1  3  1.82117723923396250e-03
1  4  2.10243584869897757e-03
1  5  1.98903003439311393e-03
1  6  6.70914407502176745e-04
2  0  2.39045806556360731e-03
2  1  2.15556119612285955e-03
2  2  1.89643716238961104e-03
2  3  1.61401853853435865e-03
2  4  1.88601648979611005e-03
2  5  1.87958868064017656e-03
2  6  4.28499715161378568e-04
3  0  2.01980852311674708e-03
3  1  1.82117723923396315e-03
3  2  1.61401853853435887e-03
3  3  1.40033130821391218e-03
3  4  1.68979694709402574e-03
3  5  1.74357899863655580e-03
3  6  2.02656074681156339e-04
4  0  2.34004148878086144e-03
4  1  2.10243584869897800e-03
4  2  1.88601648979610961e-03
4  3  1.68979694709402574e-03
4  4  2.15780166700755551e-03
4  5  2.33634635280242269e-03
4  6  -8.49157115085207167e-05
5  0  2.07288877453743045e-03
5  1  1.98903003439311480e-03
5  2  1.87958868064017613e-03
5  3  1.74357899863655536e-03
5  4  2.33634635280242356e-03
5  5  3.12752110709501197e-03
5  6  -9.03186146640209682e-04
6  0  9.21829952850062944e-04
6  1  6.70914407502176745e-04
6  2  4.28499715161379273e-04
6  3  2.02656074681156772e-04
6  4  -8.49157115085206354e-05
6  5  -9.03186146640210332e-04
6  6  4.32378909071057683e-03
