numXbins 6
numYbins 6
xbin  ybin  z
0  0  7.30891837467499434e-05
0  1  5.61298306982366900e-05
0  2  5.96112906801966511e-05
0  3  7.52077301793013542e-05
0  4  1.07236153851410684e-04
0  5  5.10786478191844735e-05
1  0  5.61298306982367036e-05
1  1  4.32714360076220892e-05
1  2  4.61053131045354830e-05
1  3  5.81960953473619941e-05
1  4  8.17886080972815782e-05
1  5  3.93652443638518057e-05
2  0  5.96112906801966647e-05
2  1  4.61053131045354830e-05
2  2  4.92960997932701477e-05
2  3  6.24196143057975281e-05
2  4  8.65314578256733705e-05
2  5  4.18658960586628837e-05
3  0  7.52077301793013678e-05
3  1  5.81960953473619941e-05
3  2  6.24196143057975281e-05
3  3  8.00164087949894510e-05
3  4  1.10106743122216749e-04
3  5  5.42075075884746135e-05
4  0  1.07236153851410711e-04
4  1  8.17886080972815782e-05
4  2  8.65314578256733976e-05
4  3  1.10106743122216790e-04
4  4  1.61898273879630672e-04
4  5  7.64246160411555865e-05
5  0  5.10786478191844600e-05
5  1  3.93652443638518057e-05
5  2  4.18658960586628770e-05
5  3  5.42075075884746271e-05
5  4  7.64246160411556137e-05
5  5  5.86410383220059247e-05
