numXbins 7
numYbins 7
xbin  ybin  z
0  0  5.14844270030947078e-08
0  1  2.24899253293145529e-07
0  2  3.30894578390727620e-07
0  3  5.61280076645287029e-07
0  4  1.01983091032900354e-06
0  5  2.22808080243604655e-06
0  6  5.17736491534876060e-08
1  0  2.24899253293145608e-07
1  1  9.82426669112444871e-07
1  2  1.44544569942187051e-06
1  3  2.45183791437074385e-06
1  4  4.45492401429403603e-06
1  5  9.73291804751993799e-06
1  6  2.26162661462278421e-07
2  0  3.30894578390726032e-07
2  1  1.44544569942186987e-06
2  2  2.12668623080512486e-06
2  3  3.60739247053262234e-06
2  4  6.55453578385655570e-06
2  5  1.43200556101790492e-05
2  6  3.32753432554708292e-07
3  0  5.61280076645285546e-07
3  1  2.45183791437074428e-06
3  2  3.60739247053262234e-06
3  3  6.11904109217318157e-06
3  4  1.11181342560201256e-05
3  5  2.42904007358958383e-05
3  6  5.64433158852634429e-07
4  0  1.01983091032900312e-06
4  1  4.45492401429403434e-06
4  2  6.55453578385655570e-06
4  3  1.11181342560201239e-05
4  4  2.02013530343831993e-05
4  5  4.41350094640901664e-05
4  6  1.02555997649696974e-06
5  0  2.22808080243604317e-06
5  1  9.73291804751993630e-06
5  2  1.43200556101790543e-05
5  3  2.42904007358958383e-05
5  4  4.41350094640901664e-05
5  5  9.64241878788988234e-05
5  6  2.24059740907685427e-06
6  0  5.17736491534834634e-08
6  1  2.26162661462275827e-07
6  2  3.32753432554704745e-07
6  3  5.64433158852635170e-07
6  4  1.02555997649696085e-06
6  5  2.24059740907684750e-06
6  6  5.20644960563920273e-08
