numXbins 7
numYbins 7
xbin  ybin  z
0  0  6.46713703408610045e-04
0  1  4.93075630358997142e-04
0  2  4.00744194263371581e-04
0  3  3.57626442794863433e-04
0  4  4.74583465745571605e-04
0  5  2.69628959241203126e-04
0  6  -6.96766157015185281e-04
1  0  4.93075630358997142e-04
1  1  3.56742232992074209e-04
1  2  2.81593388768982731e-04
1  3  2.55464411229480595e-04
1  4  3.53138402986061261e-04
1  5  1.51628185847421849e-04
1  6  -7.43437583196205416e-04
2  0  4.00744194263371581e-04
2  1  2.81593388768982731e-04
2  2  2.18450106633794917e-04
2  3  2.00147126340172963e-04
2  4  2.83228153753947080e-04
2  5  9.97769977828362004e-05
2  6  -6.96497993414039204e-04
3  0  3.57626442794864137e-04
3  1  2.55464411229481300e-04
3  2  2.00147126340173640e-04
3  3  1.82348428416287753e-04
3  4  2.54643866686941217e-04
3  5  1.00757869274820458e-04
3  6  -5.75471748810130472e-04
4  0  4.74583465745572256e-04
4  1  3.53138402986061261e-04
4  2  2.83228153753947731e-04
4  3  2.54643866686941217e-04
4  4  3.44324821539134483e-04
4  5  1.73414601878535933e-04
4  6  -6.07488289997653273e-04
5  0  2.69628959241203126e-04
5  1  1.51628185847423231e-04
5  2  9.97769977828362004e-05
5  3  1.00757869274820797e-04
5  4  1.73414601878536611e-04
5  5  -3.91974489974394253e-05
5  6  -8.86874643244149304e-04
6  0  -6.96766157015185281e-04
6  1  -7.43437583196204657e-04
6  2  -6.96497993414038879e-04
6  3  -5.75471748810130797e-04
6  4  -6.07488289997653273e-04
6  5  -8.86874643244150605e-04
6  6  -1.59521240654411688e-03
