numXbins 6
numYbins 6
xbin  ybin  z
0  0  3.80280426915452812e-08
0  1  -1.86380903449709484e-07
0  2  -3.63946053395632628e-07
0  3  -2.90353010941569410e-07
0  4  -4.15494990653649257e-07
0  5  -1.24043502770182579e-06
1  0  -1.86380903449708637e-07
1  1  9.13479598529312817e-07
1  2  1.78375192194450500e-06
1  3  1.42306184248243359e-06
1  4  2.03640067318191378e-06
1  5  6.07955037310203493e-06
2  0  -3.63946053395632575e-07
2  1  1.78375192194450479e-06
2  2  3.48313298311567511e-06
2  3  2.77881334258662568e-06
2  4  3.97648028536759654e-06
2  5  1.18715400760329020e-05
3  0  -2.90353010941569675e-07
3  1  1.42306184248243232e-06
3  2  2.77881334258662568e-06
3  3  2.21691323023511838e-06
3  4  3.17240154971860402e-06
3  5  9.47101190802754724e-06
4  0  -4.15494990653651427e-07
4  1  2.03640067318191081e-06
4  2  3.97648028536759485e-06
4  3  3.17240154971860402e-06
4  4  4.53970478203588678e-06
4  5  1.35530125602811085e-05
5  0  -1.24043502770182855e-06
5  1  6.07955037310203662e-06
5  2  1.18715400760329003e-05
5  3  9.47101190802754555e-06
5  4  1.35530125602811001e-05
5  5  4.04616948190102203e-05
