numXbins 7
numYbins 7
xbin  ybin  z
0  0  8.97912929809244063e-07
0  1  8.35250377152185731e-07
0  2  7.45342687601069755e-07
0  3  6.35187417957642281e-07
0  4  7.12690961357099565e-07
0  5  7.25746510150992030e-07
0  6  5.67611440587631616e-07
1  0  8.35250377152185625e-07
1  1  8.26475444852345237e-07
1  2  7.52502087704793823e-07
1  3  6.21189074430638904e-07
1  4  6.39265749358622121e-07
1  5  7.30282004856555466e-07
1  6  8.72890345106952584e-07
2  0  7.45342687601069755e-07
2  1  7.52502087704794247e-07
2  2  6.89415744321819324e-07
2  3  5.63505051177693843e-07
2  4  5.63282761076972751e-07
2  5  6.68379112975558195e-07
2  6  8.83341413418296591e-07
3  0  6.35187417957642281e-07
3  1  6.21189074430639116e-07
3  2  5.63505051177693631e-07
3  3  4.67912095695806267e-07
3  4  4.89650443242478917e-07
3  5  5.47197722918826002e-07
3  6  6.12788319869947267e-07
4  0  7.12690961357099459e-07
4  1  6.39265749358621909e-07
4  2  5.63282761076972751e-07
4  3  4.89650443242478811e-07
4  4  5.77009818286354077e-07
4  5  5.49638485038426550e-07
4  6  2.85521948197995702e-07
5  0  7.25746510150992242e-07
5  1  7.30282004856555254e-07
5  2  6.68379112975558089e-07
5  3  5.47197722918826002e-07
5  4  5.49638485038426550e-07
5  5  6.48091910346350364e-07
5  6  8.43151511050930084e-07
6  0  5.67611440587632040e-07
6  1  8.72890345106952902e-07
6  2  8.83341413418296697e-07
6  3  6.12788319869947902e-07
6  4  2.85521948197995755e-07
6  5  8.43151511050930084e-07
6  6  2.76112727657026066e-06
