numXbins 6
numYbins 6
xbin  ybin  z
0  0  1.12902493275549927e-05
0  1  5.52163043977667986e-06
0  2  2.03767830482766772e-06
0  3  -1.25487109006947322e-06
0  4  -4.54900092606612549e-06
0  5  3.53529013089330153e-05
1  0  5.52163043977667986e-06
1  1  2.70041890386409651e-06
1  2  9.96550760570808956e-07
1  3  -6.13709600904258850e-07
1  4  -2.22474289585759960e-06
1  5  1.72897559955036794e-05
2  0  2.03767830482766560e-06
2  1  9.96550760570808956e-07
2  2  3.67762726358191011e-07
2  3  -2.26480702188687765e-07
2  4  -8.21009370719827507e-07
2  5  6.38053579863032104e-06
3  0  -1.25487109006947576e-06
3  1  -6.13709600904255673e-07
3  2  -2.26480702188686759e-07
3  3  1.39474462167010311e-07
3  4  5.05605286934429051e-07
3  5  -3.92934934522534927e-06
4  0  -4.54900092606613142e-06
4  1  -2.22474289585759028e-06
4  2  -8.21009370719827189e-07
4  3  5.05605286934429369e-07
4  4  1.83285672663102811e-06
4  5  -1.42441832884028432e-05
5  0  3.53529013089329950e-05
5  1  1.72897559955036794e-05
5  2  6.38053579863031426e-06
5  3  -3.92934934522535182e-06
5  4  -1.42441832884028432e-05
5  5  1.10699736976474522e-04
