numXbins 6
numYbins 6
xbin  ybin  z
0  0  1.10859244060179988e-04
0  1  9.15615175171326630e-05
0  2  1.04145014438783854e-04
0  3  1.27032179925328257e-04
0  4  1.99610409230258128e-04
0  5  -1.03246324335449767e-04
1  0  9.15615175171326630e-05
1  1  7.88134846411975407e-05
1  2  9.15204479996482747e-05
1  3  1.08907382532634698e-04
1  4  1.73881103338446603e-04
1  5  -6.16350536021276890e-05
2  0  1.04145014438783854e-04
2  1  9.15204479996482747e-05
2  2  1.09202243021322551e-04
2  3  1.37818423227122999e-04
2  4  2.26542999384509326e-04
2  5  -6.06704729051169556e-05
3  0  1.27032179925328257e-04
3  1  1.08907382532634698e-04
3  2  1.37818423227122972e-04
3  3  2.25618988617965561e-04
3  4  3.97876561346681185e-04
3  5  -1.11021222017087393e-04
4  0  1.99610409230258155e-04
4  1  1.73881103338446603e-04
4  2  2.26542999384509326e-04
4  3  3.97876561346681293e-04
4  4  8.65006034715458134e-04
4  5  -1.06764392366277594e-04
5  0  -1.03246324335449767e-04
5  1  -6.16350536021276890e-05
5  2  -6.06704729051169556e-05
5  3  -1.11021222017087393e-04
5  4  -1.06764392366277580e-04
5  5  6.92999142239528122e-04
