numXbins 7
numYbins 7
xbin  ybin  z
0  0  2.89457806099030288e-06
0  1  2.60456675567103032e-06
0  2  2.35314566502098516e-06
0  3  2.00096611032082186e-06
0  4  2.44519542331070897e-06
0  5  2.95807345134310598e-06
0  6  3.51053684377258555e-06
1  0  2.60456675567103032e-06
1  1  2.34367307269715666e-06
1  2  2.11752974805842618e-06
1  3  1.80063220157868104e-06
1  4  2.20049601536620875e-06
1  5  2.66269714014542554e-06
1  6  3.16125112819737252e-06
2  0  2.35314566502098516e-06
2  1  2.11752974805842661e-06
2  2  1.91335035785742857e-06
2  3  1.62703816713342348e-06
2  4  1.98852082018214833e-06
2  5  2.40719100729868891e-06
2  6  2.85982834624251087e-06
3  0  2.00096611032082228e-06
3  1  1.80063220157868189e-06
3  2  1.62703816713342305e-06
3  3  1.38357538302505390e-06
3  4  1.69100155597284891e-06
3  5  2.04723231480985050e-06
3  6  2.43257437301094484e-06
4  0  2.44519542331070897e-06
4  1  2.20049601536620833e-06
4  2  1.98852082018214833e-06
4  3  1.69100155597284891e-06
4  4  2.06693547891913389e-06
4  5  2.50353114959992004e-06
4  6  2.97702452604246755e-06
5  0  2.95807345134310429e-06
5  1  2.66269714014542554e-06
5  2  2.40719100729868848e-06
5  3  2.04723231480985008e-06
5  4  2.50353114959992004e-06
5  5  3.03923665401239784e-06
5  6  3.62737510368086985e-06
6  0  3.51053684377258640e-06
6  1  3.16125112819737379e-06
6  2  2.85982834624251256e-06
6  3  2.43257437301094654e-06
6  4  2.97702452604246797e-06
6  5  3.62737510368087197e-06
6  6  4.35505256972851464e-06
